260
EOOELELEEEELEEOEEOELOLLLEEOEOOELOOOLELLEOOEOLOELEEEOOLELLLLLEEEELLOLLEEOELOOELLEEOEELEEEEOEOLOOEOEEOEELEEOLOLEOOEEEEOOLEEEEELLOEEEEOEEEOLEOLOOOLLOEEEEOLOEEEEELELEELLLOOEEEEELLEELEOOOLOOEEOLEEOEEEEOELELLEEEEEOOELELLEELEEELOEELLEOEEEEEOEOEEOELEEOLLEOEEELELEOELEO
1 5000
2 36 239
2 137 101
1 1
1 51
1 1
1 74
0
1 2500
2 1 5000
2 1 5000
1 111
0
56 3039 3591 3548 2680 2673 4510 2291 894 2943 1474 3688 1651 4034 3403 1710 3668 2987 1510 870 1616 2932 1982 1980 4305 3753 3520 2853 937 4004 534 3356 4601 1978 3483 4997 4798 3245 4072 2946 4983 2692 154 1363 2975 3614 4742 4130 1204 1116 1986 355 3807 2636 3480 779 103
2 72 8
2 2500 5000
2 1 2500
2 197 100
3 1 2500 5000
1 20
2 104 3
1 43
1 89
1 32
2 1 5000
1 1
2 12 228
2 1 2500
2 234 159
2 154 79
2 1 5000
1 126
2 63 219
2 98 115
2 186 46
1 207
3 1 2500 5000
1 116
1 110
3 1 2500 5000
2 202 258
2 48 192
0
2 129 209
1 183
2 170 39
2 1 2500
1 167
1 2500
2 1 5000
1 1
2 10 134
2 147 7
1 141
2 1 5000
1 131
1 45
1 107
1 14
1 140
0
1 5000
1 2500
0
1 238
1 2
2 148 172
1 259
1 196
1 1
2 1 2500
2 42 69
0
1 181
2 226 203
2 153 256
2 2500 5000
1 187
1 145
3 1 2500 5000
1 1
2 215 123
2 1 5000
2 1 5000
1 105
56 4004 534 3356 4601 1978 3483 4997 4798 3245 4072 2946 4983 2692 154 1363 2975 3614 4742 4130 1204 1116 1986 355 3807 2636 3480 779 103 2524 4657 2444 2603 2156 2293 2733 2923 3604 2406 841 342 3031 744 2065 3673 2124 4412 2678 2722 74 2103 4687 3150 974 4676 1288 1965
0
2 2500 5000
2 1 5000
2 119 132
1 5000
2 27 175
1 96
2 80 30
2 109 113
1 2500
2 162 161
2 2500 5000
1 1
2 176 25
2 2500 5000
1 1
1 150
1 2500
3 1 2500 5000
2 169 199
1 93
2 236 76
1 184
2 1 5000
2 82 171
2 250 127
1 1
1 2500
0
1 1
2 90 54
2 178 249
1 66
1 5000
3 1 2500 5000
1 1
1 2500
1 5000
1 17
1 26
2 15 120
1 2500
1 5000
1 2500
3 1 2500 5000
2 232 83
0
0
2 2500 5000
2 189 242
1 233
1 2500
2 0 112
1 221
2 248 61
2 218 9
2 194 157
1 99
1 227
2 114 149
3 1 2500 5000
2 2500 5000
2 1 2500
2 2500 5000
2 13 85
1 166
2 195 18
1 5000
1 5000
2 1 2500
2 1 2500
2 2500 5000
1 81
0
1 28
1 5000
1 5000
1 75
1 41
1 94
2 133 60
2 185 254
0
3 1 2500 5000
3 1 2500 5000
1 5000
1 5000
1 1
1 135
2 1 2500
2 2500 5000
1 208
1 1
2 49 217
2 86 211
2 62 128
1 243
2 121 122
2 223 24
0
1 5000
2 190 70
1 255
2 1 2500
3 1 2500 5000
2 205 87
3 1 2500 5000
2 2500 5000
1 5000
1 1
2 229 246
3 1 2500 5000
1 191
0
1 247
1 29
2 2500 5000
0
2 1 5000
2 2500 5000
2 1 5000
2 214 252
2 97 237
2 2500 5000
1 117
3 1 2500 5000
1 179
1 52
1 2500
1 1
1 91
2 1 2500
3 1 2500 5000
2 1 2500
1 33
2 5 193
2 1 5000
1 2500
1 71
1 34
2 1 2500
2 103 95
1 5000
2 1 5000
2 1 5000
1 1
2 2500 5000
2 156 130
1 2500
2 155 241
2 1 2500
1 2500
2 222 146
1 5000
1 235
1 2500
1 1
2 230 231
1 152
1 40
0
2 206 88
2 2500 5000
2 1 2500
3 1 2500 5000
1 138
2 1 2500
1 180
2 1 5000
2 16 204
1 2500
1 142
2 1 2500
2 50 168
