260
XLXXEXELEEEEELLEXLEELLEEEXXEEELELXEEEXEEXEXLEEEEEEXELXELEXEEEEEEXXLEEEEEXEXXLLEEEEEEEELEEELLXELXLLXELEEXEXLLEELEXEEEXXELXXXXLXLEXELXXEEELXXEEXELEEEELEXEXEEEXLEEXXLLEXLLELXELXEXEXELXLEXLEXELELXEEEXLXEXXEELXEXELXELLXLLEELXLEEXLLLEELEEEEXELELLXEEELLEEELEEEEELELEX
2 115 139
1 206
2 78 251
2 83 111
1 5000
2 85 35
2 1 5000
1 25
3 1 2500 5000
0
1 1
2 1 5000
2 2500 5000
1 165
1 219
1 5000
2 182 109
1 131
1 2500
3 1 2500 5000
1 204
1 116
2 1 5000
1 5000
1 2500
2 89 70
2 93 113
0
1 2500
1 2500
1 199
2 1 2500
1 0
2 253 243
1 2500
1 5000
2 1 2500
2 176 71
1 5000
1 5000
2 198 24
2 2500 5000
2 114 58
1 105
1 2500
0
0
2 1 2500
1 1
0
2 28 101
1 1
1 120
2 47 252
2 2500 5000
1 200
1 5000
2 158 59
3 1 2500 5000
3 1 2500 5000
2 2500 5000
2 1 2500
0
2 2500 5000
2 149 19
2 68 192
1 65
1 2500
2 1 2500
0
2 2500 5000
1 1
2 246 82
2 2500 5000
2 69 118
2 60 201
1 183
1 150
2 1 2500
2 1 5000
2 1 5000
2 1 2500
1 2500
3 1 2500 5000
2 1 5000
1 2500
1 98
2 2500 5000
3 1 2500 5000
1 5000
1 175
1 125
2 9 61
2 1 5000
1 132
2 237 254
1 152
1 3
2 145 189
1 1
1 195
2 1 5000
1 1
2 108 205
3 1 2500 5000
2 46 216
1 160
1 170
0
1 1
1 42
2 2500 5000
2 34 233
1 5000
0
1 2500
2 6 250
2 67 10
1 1
1 173
2 31 222
2 164 27
2 187 248
2 185 231
1 74
2 144 4
1 240
1 5000
2 232 8
1 2500
1 137
2 168 45
2 142 51
1 2500
2 1 5000
1 1
1 121
2 62 23
2 15 210
3 1 2500 5000
0
2 127 134
1 1
1 53
2 1 2500
1 1
3 1 2500 5000
1 5000
1 26
1 1
2 48 194
1 1
2 227 151
2 1 2500
2 1 5000
3 1 2500 5000
2 38 39
1 103
2 1 5000
2 2500 5000
2 155 178
2 104 56
1 156
1 112
2 1 5000
2 99 147
1 259
1 40
1 5000
1 209
2 258 54
0
1 122
2 84 102
2 1 2500
2 241 202
3 1 2500 5000
2 11 87
3 1 2500 5000
1 180
2 174 247
1 57
2 2500 5000
2 63 44
1 191
3 1 2500 5000
2 242 41
56 2435 2644 4188 3563 3880 3372 1108 3937 346 3828 1840 1836 1910 4802 2658 1627 2212 3577 3353 710 4603 580 3444 4251 2624 4374 2090 1302 1054 1096 155 4932 1558 3498 3778 2814 648 3446 182 325 421 3224 3045 3657 4476 3875 2442 1821 4952 4508 3797 3870 2719 3391 3683 188
1 138
2 1 5000
1 161
2 73 256
2 2500 5000
1 2500
0
2 153 207
1 64
2 49 171
1 5000
2 80 133
2 88 193
0
2 1 2500
1 177
2 146 79
2 1 5000
2 140 159
0
1 223
2 129 228
3 1 2500 5000
1 72
1 75
2 12 36
1 50
1 234
1 2500
2 1 2500
1 141
2 235 81
1 117
2 1 2500
1 1
2 135 217
1 128
1 5
1 213
1 5000
1 2500
1 123
2 2500 5000
0
2 1 2500
0
2 29 221
3 1 2500 5000
1 33
2 2500 5000
1 2
1 186
2 18 230
1 5000
1 1
1 5000
1 92
1 95
1 1
2 1 2500
56 1054 1096 155 4932 1558 3498 3778 2814 648 3446 182 325 421 3224 3045 3657 4476 3875 2442 1821 4952 4508 3797 3870 2719 3391 3683 188 4650 4274 4413 4168 853 1921 4571 4224 1639 2421 2184 3569 192 2307 4661 1975 116 3618 87 4609 3232 3922 45 339 1272 1359 1042 3950
1 16
2 1 2500
1 2500
2 1 5000
2 2500 5000
2 1 5000
1 37
3 1 2500 5000
1 197
2 2500 5000
2 22 154
