272
OEEAAEOLOAOEALEEEEAEEEOLEAAAALOLAOEELEEEEALEAOLEAEEOLAAEOELEOEOOOEAOLEEELEAEAEEELEEELEEEEAEOLOLELEEELEOAELOEAALOELEAEOEOOEOEEOEEOAEOAOAOEEAELEEEELOLEALEEEAEEEAEELLOAEEEEOEEEEEOAAEELLEOLOEAELEEEOEAAEOEEEEEEEEEOEAEEEEOEOEEAEOEEOEEEOAALAAEAEEAAELEEEOEEEOEAOAEAAEEAAOEOAELEOOE
2 144 99
24 274 1158 3541 3925 4820 4484 1415 3339 3013 825 3521 1113 3263 1659 2361 2650 1299 537 1908 3550 3624 3777 1352 4447
24 3559 1929 4149 2264 3500 4876 3473 4478 282 201 3880 2720 4148 3225 2959 2659 3819 872 2242 2748 2857 4384 2459 3847
2 226 207
2 39 216
1 3645
2 227 98
1 177
2 69 202
2 262 125
2 118 205
1 1783
2 175 163
1 129
0
0
0
0
2 70 15
1 1783
0
1 4820
2 188 37
1 54
0
2 213 268
2 10 91
2 219 21
2 114 155
1 62
2 25 28
1 264
2 17 14
2 257 252
0
1 4148
1 89
0
0
0
0
2 136 142
1 26
1 4004
2 223 116
2 174 5
1 102
1 781
2 60 111
0
1 3624
2 138 103
1 183
2 266 166
2 93 146
0
2 149 261
1 2334
1 51
0
2 221 50
24 4148 3225 2959 2659 3819 872 2242 2748 2857 4384 2459 3847 1631 4740 3775 2064 4944 2580 3431 4255 4986 284 2738 555
2 154 108
2 78 206
2 160 124
0
2 208 193
2 220 265
1 66
1 781
0
0
1 215
0
2 249 173
1 1033
2 117 45
0
1 173
0
1 115
1 89
1 1594
0
1 12
1 1577
0
1 1577
1 2334
2 185 122
24 3263 1659 2361 2650 1299 537 1908 3550 3624 3777 1352 4447 1115 13 2777 3994 76 4126 4365 3870 3628 4125 3558 1172
2 235 199
1 67
2 211 35
1 30
1 1815
1 133
1 3624
1 2115
0
1 217
1 3645
2 236 239
2 121 259
1 4939
1 33
2 87 85
0
2 61 143
2 38 75
1 233
2 107 97
0
1 240
1 4944
2 253 222
0
2 73 101
1 3269
2 159 171
2 41 109
1 2881
2 49 141
24 1541 3070 646 1767 3980 922 4947 2813 3243 2244 2083 4676 3559 1929 4149 2264 3500 4876 3473 4478 282 201 3880 2720
1 1577
2 165 11
0
0
2 203 237
2 250 0
1 500
2 164 18
2 258 243
2 32 27
2 24 255
2 112 65
1 1033
0
2 251 245
1 500
1 269
1 76
0
24 1631 4740 3775 2064 4944 2580 3431 4255 4986 284 2738 555 1884 3798 1961 2950 1810 3693 2997 4014 1815 2534 1700 2062
1 1884
1 120
2 244 86
1 225
1 1594
2 88 127
1 9
0
1 2334
0
2 123 2
0
0
0
2 270 135
0
0
1 48
1 246
2 179 204
2 263 137
1 1783
1 3263
24 1884 3798 1961 2950 1810 3693 2997 4014 1815 2534 1700 2062 274 1158 3541 3925 4820 4484 1415 3339 3013 825 3521 1113
1 1594
2 212 95
0
1 173
1 4939
0
1 3645
2 201 248
2 90 191
2 198 8
0
0
1 158
1 256
0
2 230 254
1 229
2 241 247
1 4004
2 167 1
1 1815
1 131
0
24 1115 13 2777 3994 76 4126 4365 3870 3628 4125 3558 1172 4939 4219 2302 610 4273 1951 4302 1788 1594 238 4071 3408
0
2 20 139
1 1884
2 186 43
2 153 151
1 3500
2 47 271
1 3269
0
1 1987
1 781
1 2115
0
1 3269
0
0
2 218 130
1 3759
2 182 200
1 4148
1 1815
1 4944
1 441
2 187 176
0
2 4 195
0
0
2 79 34
0
2 178 157
1 3263
0
2 44 53
1 2857
1 2115
1 791
2 132 196
2 59 192
2 214 224
1 76
2 6 128
2 77 156
1 3269
2 148 55
0
0
2 168 82
2 119 63
1 76
1 56
0
0
0
2 134 210
1 76
1 1987
0
2 40 194
1 2881
2 83 190
2 71 197
2 104 172
0
2 169 22
2 209 238
0
0
2 106 64
2 57 152
2 170 19
1 3243
2 234 231
2 126 228
0
1 260
0
2 74 3
2 16 81
1 781
