272
OOXELXEELXXXXELELXEEEOOOXEOEXLEOOOXOEOXEOOOOEEOOEEOEEOEEEXEEEEEELEELLEEOOXEEEOEXLEEXEEELEELLEEEELEOOLELEEEXEXLEEEEOEEOXEOOEXOOELEOEXEXXELEEEXEOEEEXEEOLEOOEEEXEELXOLEEELOEXOXLOELEEEEEEEELOEXEEEELEXXXEXEXEOEEEEXXEEXLLOEOXEEEXEEXEOOEXXXLEXEXXEOLLXOEXXEEEEXEELELOOEEEEXOLEEEEX
2 248 159
2 20 7
2 75 93
1 149
1 237
2 3 74
1 4442
1 4887
1 271
2 101 54
2 228 99
2 65 88
2 81 103
0
1 50
0
1 197
2 58 155
1 1671
0
1 4887
2 52 270
2 70 62
2 85 250
2 122 256
0
2 166 135
0
2 198 63
1 231
1 3283
2 128 44
2 79 118
2 113 45
2 178 138
2 267 144
0
2 169 211
2 220 61
0
2 180 219
2 243 106
2 194 223
2 208 5
1 2200
0
2 56 184
2 6 182
1 1937
1 3603
2 222 11
1 149
1 1982
2 147 205
0
24 4511 243 3573 1808 2953 754 1026 2242 1691 2936 550 24 2980 701 3170 2511 735 2456 778 2943 433 4461 374 4059
1 4132
2 265 0
24 3283 1841 2089 3243 1229 897 2105 3369 4375 2997 4518 1064 4267 1093 167 2958 4442 2927 1558 536 1717 4793 3873 4975
1 442
1 2193
1 2450
1 1825
0
1 41
1 3521
1 1906
1 146
1 186
0
1 1825
2 269 229
2 172 246
2 156 224
0
0
1 1073
2 131 34
1 1825
2 82 112
1 121
1 2325
0
2 226 177
1 2953
0
0
1 232
1 3521
1 442
1 230
1 32
0
0
1 4375
0
1 201
0
2 181 251
2 25 165
1 238
1 3283
1 218
1 2325
0
1 2980
2 111 187
0
2 254 158
1 72
0
1 433
0
1 2841
2 140 38
1 1906
0
2 252 170
2 200 18
0
2 66 115
2 2 247
24 2200 4034 3909 1474 384 4422 1087 4262 1906 4745 3766 3791 1314 87 4412 92 3166 4932 2351 4304 4190 1365 2990 976
2 262 190
2 199 157
2 83 12
24 2176 883 1850 629 4702 482 2197 3768 2244 4292 413 4501 4511 243 3573 1808 2953 754 1026 2242 1691 2936 550 24
1 10
0
2 119 89
0
2 151 104
0
2 19 69
2 60 202
0
1 149
1 3700
0
24 2980 701 3170 2511 735 2456 778 2943 433 4461 374 4059 3112 4258 556 3419 149 4724 2344 1215 3702 2756 1034 4560
2 141 132
0
2 9 264
0
1 1982
1 2841
2 162 33
0
1 3521
2 188 28
1 57
0
2 263 143
2 253 192
0
24 4267 1093 167 2958 4442 2927 1558 536 1717 4793 3873 4975 2450 1827 1439 4641 3812 3055 1198 669 2325 4493 623 3941
1 2244
2 139 260
0
1 4375
1 203
2 31 37
2 145 216
1 77
0
0
1 1906
1 125
2 234 78
1 2200
2 36 221
2 108 123
2 249 92
1 227
2 164 39
1 2890
1 142
0
0
1 3166
1 4132
1 1240
1 4442
0
1 4132
1 212
2 24 17
0
2 48 183
0
0
1 4129
1 4129
1 171
0
2 137 204
2 217 153
2 71 1
1 1937
2 126 55
0
2 21 35
0
2 225 134
1 3700
1 4442
1 945
0
2 51 210
2 47 53
0
0
2 244 152
1 196
1 114
2 245 175
1 2841
2 261 191
2 98 23
1 4132
1 2450
0
2 148 86
0
0
2 95 110
1 2325
2 73 235
2 105 239
1 4887
2 258 42
2 22 168
2 120 26
1 161
1 1825
2 13 189
0
2 215 174
2 240 129
1 2980
2 236 59
1 117
1 259
2 107 154
2 116 206
0
2 15 49
2 268 179
0
1 3603
0
1 1240
2 76 27
1 4129
0
1 43
24 1314 87 4412 92 3166 4932 2351 4304 4190 1365 2990 976 3283 1841 2089 3243 1229 897 2105 3369 4375 2997 4518 1064
1 124
2 207 84
2 133 195
24 3112 4258 556 3419 149 4724 2344 1215 3702 2756 1034 4560 2200 4034 3909 1474 384 4422 1087 4262 1906 4745 3766 3791
0
0
1 945
2 130 30
2 97 94
1 209
0
0
0
1 1982
2 46 40
