272
EEXEXLXEAAXXEAELAEAXEEELEELEELAEEEEEXAAEAXXAEAXLEEAALEXLAAAEEEEAXXEEXLEAEEXEXEEEEEXAEXAALXEELAXELEEXAELELEEEEEEAAAEEEAEEXAEEXAEAEEEEXEXEEAAXEEEEEXEXEXLEEEEELEAXAXEEELELELEEEEEEXEXAEEEELLXEEEEXLEXLEXELEAEEEAXXLEAXALLEXEEAEXEEAEXEXLLAAAELAEEEEEAELEAEEEXXALEEEXXELXXAXXEEAELE
1 4860
1 1675
2 86 205
1 3961
2 30 268
1 233
2 105 118
0
2 225 217
2 190 188
2 163 122
2 223 107
1 3037
2 251 64
0
1 159
2 173 182
0
2 124 262
2 50 87
0
0
0
1 197
0
0
1 99
1 759
1 4638
1 43
2 28 239
0
1 2986
0
1 32
24 1771 2404 245 4164 315 3861 3768 4618 4995 2875 4607 1758 4643 2975 2268 1044 1520 3632 1069 1203 2919 1924 3307 536
2 35 123
2 222 198
2 108 98
1 4665
2 220 91
2 148 126
2 210 93
2 228 261
0
2 202 75
2 100 232
1 201
0
1 251
2 144 62
2 175 131
1 113
24 1407 395 4844 595 4665 1223 4953 3964 1974 1905 343 2104 2986 2221 4733 3953 1457 2673 3168 1839 266 698 2066 1552
2 172 133
1 2
2 147 221
2 149 94
2 226 206
0
1 1567
1 1520
1 759
2 177 241
2 136 32
2 237 203
0
24 2986 2221 4733 3953 1457 2673 3168 1839 266 698 2066 1552 4796 3387 4718 382 4638 4317 469 1604 4496 4072 2809 4062
2 106 142
1 13
1 1567
2 186 68
0
0
2 151 255
1 4872
2 111 236
0
0
24 32 3082 4442 3719 1450 2844 4740 1696 2672 960 4123 2062 1407 395 4844 595 4665 1223 4953 3964 1974 1905 343 2104
0
0
2 224 38
2 178 74
1 341
2 103 114
2 66 196
2 27 25
1 134
2 37 242
1 547
1 4397
1 121
2 247 101
2 227 267
1 766
1 18
1 4638
0
2 63 160
2 189 135
0
1 89
0
1 179
24 3037 961 641 2583 4795 3258 1309 4856 3580 2330 2256 2828 3186 3217 1928 4199 787 2025 4326 3074 3874 788 4499 406
0
1 3063
0
1 3580
0
2 31 61
2 155 164
2 257 145
0
0
1 3112
2 36 6
24 3186 3217 1928 4199 787 2025 4326 3074 3874 788 4499 406 32 3082 4442 3719 1450 2844 4740 1696 2672 960 4123 2062
0
2 45 8
2 85 191
0
24 4643 2975 2268 1044 1520 3632 1069 1203 2919 1924 3307 536 3037 961 641 2583 4795 3258 1309 4856 3580 2330 2256 2828
2 1 180
2 41 216
0
2 22 33
0
1 4860
1 1255
1 2672
2 116 119
1 766
2 212 9
1 547
0
2 0 129
2 161 10
2 234 7
0
0
0
1 4995
1 759
2 183 39
1 2566
2 79 53
1 3105
2 84 128
1 58
0
1 1567
1 971
1 251
0
1 83
1 2986
2 60 249
2 263 158
2 200 130
2 240 81
24 4796 3387 4718 382 4638 4317 469 1604 4496 4072 2809 4062 3063 865 3148 2472 4886 1958 2829 3002 1675 4354 848 1749
1 787
0
1 117
0
1 71
1 2672
1 264
1 547
0
1 766
1 3961
1 2566
1 2672
2 17 110
0
2 20 266
2 176 11
0
0
1 3961
0
1 76
1 82
2 143 48
0
1 2566
0
1 2566
2 154 49
1 246
1 3105
2 14 24
1 207
1 266
2 51 219
1 464
1 46
1 1255
2 265 194
0
0
1 266
2 181 204
2 254 209
2 137 112
1 252
1 2208
2 245 34
2 95 59
2 174 146
1 250
1 4
0
2 215 193
1 4872
1 3037
2 168 269
0
2 67 162
0
1 3063
2 218 12
0
2 44 166
1 341
2 187 115
1 56
1 125
2 141 3
2 90 170
2 139 258
0
1 42
2 171 77
0
0
1 4638
1 787
1 1255
2 248 243
0
1 19
0
2 132 65
1 32
1 464
1 1567
2 16 231
2 157 140
2 211 54
1 138
0
0
1 1675
2 80 72
2 109 73
0
1 120
2 153 259
2 271 256
2 70 152
2 40 127
2 238 21
0
0
2 78 97
0
1 57
1 1675
