244
574006035 0 1 1
964940669
618807819 0 1 2
964940669 178962143
762915679 0 1 3
178962143 178962143 178962143
9420035 0 1 2
178962143 178962143
126952947 1 1 2
178962143 964940669
875765744 1 1 1
964940669
284130938 1 1 2
964940669 178962143
865007241 0 1 2
964940669 964940669
895984236 1 1 3
178962143 178962143 178962143
718899005 0 1 3
964940669 964940669 178962143
341497068 0 1 3
178962143 964940669 964940669
290453455 1 1 3
964940669 964940669 964940669
651908790 0 1 1
964940669
158923122 1 1 3
964940669 178962143 964940669
570798029 1 1 2
964940669 964940669
9420035 0 0 2
178962143 178962143
676651781 1 1 2
178962143 964940669
651908790 0 0 1
964940669
702528828 0 1 2
178962143 964940669
676651781 1 0 2
178962143 964940669
338839890 1 1 1
964940669
25374346 1 1 2
964940669 178962143
135555667 0 1 2
964940669 178962143
199285679 0 1 2
178962143 178962143
239881750 1 1 3
964940669 964940669 964940669
951280979 1 1 1
964940669
92752877 0 1 3
964940669 178962143 964940669
519612023 1 1 3
964940669 964940669 964940669
199285679 0 0 2
178962143 178962143
227349829 1 1 1
178962143
239881750 1 0 3
964940669 964940669 964940669
412274380 0 1 2
964940669 964940669
138807937 0 1 1
178962143
895984236 1 0 3
178962143 178962143 178962143
545059921 0 1 2
178962143 964940669
229731400 1 1 2
178962143 964940669
519612023 1 0 3
964940669 964940669 964940669
170286431 1 1 3
964940669 178962143 178962143
119065956 1 1 2
178962143 964940669
848539219 0 1 1
178962143
933202109 0 1 2
964940669 964940669
92752877 0 0 3
964940669 178962143 964940669
981002342 1 1 1
964940669
975492165 1 1 2
178962143 178962143
661484204 1 1 2
178962143 964940669
338839890 1 0 1
964940669
848539219 0 0 1
178962143
117649631 1 1 1
964940669
840499405 1 1 2
964940669 178962143
557468440 0 1 1
964940669
689064987 1 1 3
178962143 178962143 964940669
34512824 0 1 3
964940669 964940669 964940669
700438246 1 1 2
964940669 178962143
193490129 0 1 3
964940669 178962143 964940669
193435946 1 1 1
964940669
123752626 0 1 2
964940669 964940669
341497068 0 0 3
178962143 964940669 964940669
870141909 0 1 2
178962143 964940669
748481125 0 1 2
178962143 178962143
462592515 0 1 2
964940669 178962143
748032607 1 1 1
964940669
884036791 0 1 3
964940669 178962143 178962143
661878193 1 1 1
178962143
840430708 1 1 1
964940669
835317770 0 1 3
964940669 178962143 178962143
607147421 1 1 2
178962143 178962143
360042730 1 1 2
964940669 964940669
915183950 1 1 1
178962143
19421800 0 1 3
178962143 178962143 964940669
351367018 1 1 3
964940669 178962143 178962143
312760223 1 1 3
964940669 178962143 964940669
101669552 1 1 1
178962143
374169800 0 1 2
964940669 964940669
284342530 1 1 3
964940669 964940669 178962143
126952947 1 0 2
178962143 964940669
950208770 0 1 3
178962143 178962143 964940669
159888261 0 1 3
178962143 178962143 178962143
661484204 1 0 2
178962143 964940669
117861223 1 1 2
964940669 178962143
925700934 1 1 3
178962143 178962143 178962143
821372464 0 1 3
964940669 178962143 964940669
235510854 1 1 3
964940669 178962143 178962143
618716690 1 1 1
964940669
231357255 0 1 2
178962143 178962143
924575840 0 1 1
178962143
653229513 0 1 2
964940669 178962143
931795501 1 1 1
178962143
118065968 0 1 1
178962143
699181810 1 1 1
964940669
55548126 1 1 1
178962143
840724229 0 1 3
178962143 178962143 964940669
447662935 1 1 2
964940669 964940669
34512824 0 0 3
964940669 964940669 964940669
518140641 1 1 1
178962143
441273187 1 1 3
178962143 178962143 964940669
184216077 0 1 1
178962143
32535185 1 1 3
964940669 178962143 964940669
134220246 1 1 3
964940669 964940669 178962143
19533846 0 1 3
178962143 178962143 964940669
639682606 0 1 3
178962143 964940669 964940669
835317770 0 0 3
964940669 178962143 178962143
494262976 1 1 1
964940669
787234148 0 1 3
964940669 964940669 964940669
511620757 1 1 2
178962143 178962143
698146345 0 1 2
178962143 178962143
99994370 0 1 2
964940669 178962143
613290308 1 1 2
178962143 964940669
72316145 0 1 3
178962143 178962143 964940669
384336899 0 1 3
178962143 964940669 964940669
563499077 0 1 3
178962143 178962143 178962143
232204405 0 1 2
964940669 964940669
653229513 0 0 2
964940669 178962143
502198121 1 1 1
964940669
511620757 1 0 2
178962143 178962143
341716362 0 1 1
964940669
53576868 0 1 3
178962143 178962143 178962143
590225326 1 1 1
964940669
812949403 0 1 3
964940669 964940669 964940669
137450475 0 1 1
964940669
367317518 1 1 3
964940669 964940669 178962143
318695268 1 1 3
178962143 178962143 178962143
69245975 1 1 1
964940669
337899837 1 1 3
178962143 178962143 178962143
17877077 1 1 2
964940669 964940669
124794100 0 1 1
964940669
31140417 0 1 2
964940669 964940669
318056363 1 1 3
964940669 964940669 178962143
495451092 1 1 2
178962143 964940669
472413603 0 1 3
964940669 178962143 964940669
502272440 1 1 1
178962143
527986277 0 1 1
178962143
606633849 1 1 1
178962143
374322637 0 1 2
178962143 178962143
159888261 0 0 3
178962143 178962143 178962143
20185234 1 1 2
964940669 964940669
953413176 1 1 3
178962143 178962143 178962143
161556784 0 1 3
964940669 178962143 964940669
462592515 0 0 2
964940669 178962143
531805990 0 1 2
964940669 964940669
618716690 1 0 1
964940669
651559520 1 1 1
964940669
840724229 0 0 3
178962143 178962143 964940669
114067505 1 1 1
964940669
840430708 1 0 1
964940669
170286431 1 0 3
964940669 178962143 178962143
931795501 1 0 1
178962143
518140641 1 0 1
178962143
337899837 1 0 3
178962143 178962143 178962143
606633849 1 0 1
178962143
232204405 0 0 2
964940669 964940669
574006035 0 0 1
964940669
875765744 1 0 1
964940669
950208770 0 0 3
178962143 178962143 964940669
821372464 0 0 3
964940669 178962143 964940669
138807937 0 0 1
178962143
351367018 1 0 3
964940669 178962143 178962143
951280979 1 0 1
964940669
865007241 0 0 2
964940669 964940669
367317518 1 0 3
964940669 964940669 178962143
884036791 0 0 3
964940669 178962143 178962143
607147421 1 0 2
178962143 178962143
360042730 1 0 2
964940669 964940669
618807819 0 0 2
964940669 178962143
19533846 0 0 3
178962143 178962143 964940669
31140417 0 0 2
964940669 964940669
193435946 1 0 1
964940669
570798029 1 0 2
964940669 964940669
99994370 0 0 2
964940669 178962143
557468440 0 0 1
964940669
699181810 1 0 1
964940669
284342530 1 0 3
964940669 964940669 178962143
374169800 0 0 2
964940669 964940669
134220246 1 0 3
964940669 964940669 178962143
158923122 1 0 3
964940669 178962143 964940669
17877077 1 0 2
964940669 964940669
787234148 0 0 3
964940669 964940669 964940669
718899005 0 0 3
964940669 964940669 178962143
114067505 1 0 1
964940669
531805990 0 0 2
964940669 964940669
698146345 0 0 2
178962143 178962143
341716362 0 0 1
964940669
975492165 1 0 2
178962143 178962143
53576868 0 0 3
178962143 178962143 178962143
101669552 1 0 1
178962143
933202109 0 0 2
964940669 964940669
32535185 1 0 3
964940669 178962143 964940669
384336899 0 0 3
178962143 964940669 964940669
870141909 0 0 2
178962143 964940669
925700934 1 0 3
178962143 178962143 178962143
545059921 0 0 2
178962143 964940669
117861223 1 0 2
964940669 178962143
590225326 1 0 1
964940669
231357255 0 0 2
178962143 178962143
527986277 0 0 1
178962143
472413603 0 0 3
964940669 178962143 964940669
953413176 1 0 3
178962143 178962143 178962143
118065968 0 0 1
178962143
374322637 0 0 2
178962143 178962143
915183950 1 0 1
178962143
69245975 1 0 1
964940669
229731400 1 0 2
178962143 964940669
748481125 0 0 2
178962143 178962143
762915679 0 0 3
178962143 178962143 178962143
161556784 0 0 3
964940669 178962143 964940669
284130938 1 0 2
964940669 178962143
235510854 1 0 3
964940669 178962143 178962143
117649631 1 0 1
964940669
494262976 1 0 1
964940669
689064987 1 0 3
178962143 178962143 964940669
661878193 1 0 1
178962143
651559520 1 0 1
964940669
318695268 1 0 3
178962143 178962143 178962143
19421800 0 0 3
178962143 178962143 964940669
72316145 0 0 3
178962143 178962143 964940669
137450475 0 0 1
964940669
502272440 1 0 1
178962143
227349829 1 0 1
178962143
412274380 0 0 2
964940669 964940669
924575840 0 0 1
178962143
123752626 0 0 2
964940669 964940669
184216077 0 0 1
178962143
25374346 1 0 2
964940669 178962143
135555667 0 0 2
964940669 178962143
563499077 0 0 3
178962143 178962143 178962143
193490129 0 0 3
964940669 178962143 964940669
639682606 0 0 3
178962143 964940669 964940669
812949403 0 0 3
964940669 964940669 964940669
124794100 0 0 1
964940669
20185234 1 0 2
964940669 964940669
290453455 1 0 3
964940669 964940669 964940669
840499405 1 0 2
964940669 178962143
702528828 0 0 2
178962143 964940669
748032607 1 0 1
964940669
700438246 1 0 2
964940669 178962143
981002342 1 0 1
964940669
312760223 1 0 3
964940669 178962143 964940669
502198121 1 0 1
964940669
119065956 1 0 2
178962143 964940669
447662935 1 0 2
964940669 964940669
318056363 1 0 3
964940669 964940669 178962143
441273187 1 0 3
178962143 178962143 964940669
495451092 1 0 2
178962143 964940669
55548126 1 0 1
178962143
613290308 1 0 2
178962143 964940669
