182
417295437 0 1 4
957487206 957487206 70560651 70560651
654186948 1 1 5
70560651 957487206 70560651 957487206 70560651
957587468 1 1 4
957487206 957487206 957487206 957487206
329077977 1 1 4
70560651 70560651 957487206 70560651
641582744 0 1 3
957487206 70560651 957487206
130974133 0 1 3
70560651 957487206 70560651
130974133 0 0 3
70560651 957487206 70560651
595355535 0 1 5
70560651 70560651 70560651 957487206 70560651
111935053 0 1 1
70560651
509579310 0 1 2
70560651 957487206
468832041 0 1 2
70560651 70560651
945064813 1 1 1
957487206
111935053 0 0 1
70560651
233040019 1 1 4
70560651 957487206 70560651 957487206
802494710 1 1 1
70560651
764966688 0 1 4
957487206 70560651 70560651 957487206
59132046 1 1 5
957487206 957487206 957487206 70560651 957487206
99167560 0 1 4
957487206 957487206 70560651 70560651
417295437 0 0 4
957487206 957487206 70560651 70560651
54079826 1 1 5
957487206 70560651 957487206 957487206 957487206
99167560 0 0 4
957487206 957487206 70560651 70560651
53769696 0 1 4
70560651 70560651 957487206 957487206
618249845 1 1 4
957487206 70560651 957487206 957487206
184819575 1 1 2
70560651 70560651
169597248 0 1 5
70560651 957487206 70560651 70560651 957487206
333660760 1 1 3
957487206 70560651 70560651
632471663 1 1 3
70560651 70560651 957487206
596488762 1 1 4
957487206 70560651 70560651 70560651
146859044 0 1 3
70560651 70560651 70560651
764966688 0 0 4
957487206 70560651 70560651 957487206
565088355 1 1 2
70560651 957487206
233069236 1 1 2
70560651 957487206
49928711 1 1 2
957487206 957487206
583881061 1 1 2
70560651 957487206
43072793 0 1 1
957487206
120489362 1 1 5
70560651 70560651 70560651 70560651 70560651
1176497 0 1 4
70560651 70560651 70560651 70560651
169597248 0 0 5
70560651 957487206 70560651 70560651 957487206
697259740 0 1 1
957487206
78076829 1 1 1
957487206
182770825 1 1 2
70560651 957487206
191358835 0 1 3
70560651 957487206 70560651
61567313 0 1 5
70560651 70560651 957487206 957487206 957487206
778126359 1 1 2
70560651 957487206
303293888 0 1 2
70560651 957487206
571146623 0 1 2
957487206 957487206
246958399 0 1 1
70560651
100875052 1 1 1
957487206
656702993 1 1 5
957487206 70560651 957487206 70560651 70560651
901969460 0 1 4
70560651 957487206 957487206 70560651
233069236 1 0 2
70560651 957487206
865841739 1 1 1
70560651
715835038 1 1 2
70560651 957487206
1137019 1 1 1
70560651
919921565 1 1 2
957487206 957487206
622121085 0 1 1
957487206
471903215 0 1 3
957487206 957487206 957487206
957257491 1 1 1
70560651
791718332 0 1 1
70560651
303293888 0 0 2
70560651 957487206
805563975 1 1 2
957487206 957487206
589729153 1 1 3
70560651 957487206 957487206
240723446 0 1 2
957487206 957487206
804939370 1 1 5
957487206 957487206 70560651 957487206 70560651
59132046 1 0 5
957487206 957487206 957487206 70560651 957487206
7333860 1 1 1
957487206
326309033 0 1 3
70560651 70560651 957487206
854868080 1 1 5
70560651 70560651 70560651 957487206 70560651
471903215 0 0 3
957487206 957487206 957487206
591214920 1 1 4
70560651 70560651 70560651 70560651
369381825 0 1 2
70560651 70560651
975357441 1 1 2
957487206 70560651
444907768 1 1 4
957487206 70560651 70560651 70560651
901969460 0 0 4
70560651 957487206 957487206 70560651
246958399 0 0 1
70560651
66641565 1 1 4
957487206 70560651 957487206 70560651
905950621 0 1 2
70560651 957487206
627678593 0 1 3
957487206 957487206 70560651
110516751 1 1 2
70560651 957487206
967517934 1 1 3
957487206 957487206 70560651
258321303 0 1 3
957487206 957487206 957487206
266326990 1 1 1
70560651
391180908 1 1 2
957487206 957487206
505279702 0 1 2
957487206 70560651
367202041 0 1 2
957487206 957487206
805563975 1 0 2
957487206 957487206
47883900 1 1 3
70560651 957487206 957487206
259765513 1 1 2
957487206 957487206
47883900 1 0 3
70560651 957487206 957487206
233043780 1 1 5
70560651 70560651 957487206 957487206 70560651
596488762 1 0 4
957487206 70560651 70560651 70560651
616235289 0 1 5
70560651 957487206 957487206 957487206 70560651
113418884 0 1 4
957487206 70560651 70560651 957487206
5481696 0 1 1
70560651
238356374 0 1 4
957487206 70560651 957487206 957487206
585322098 0 1 3
70560651 70560651 70560651
962739186 0 1 1
957487206
882591057 0 1 2
957487206 70560651
243402424 1 1 1
957487206
404984691 0 1 1
70560651
123314502 0 1 1
70560651
622121085 0 0 1
957487206
48341793 0 1 2
70560651 70560651
110516751 1 0 2
70560651 957487206
49928711 1 0 2
957487206 957487206
854868080 1 0 5
70560651 70560651 70560651 957487206 70560651
802494710 1 0 1
70560651
100875052 1 0 1
957487206
618249845 1 0 4
957487206 70560651 957487206 957487206
412318550 0 1 2
70560651 70560651
302139886 0 1 5
957487206 957487206 70560651 957487206 70560651
755726225 0 1 2
70560651 70560651
856049821 0 1 5
70560651 70560651 70560651 70560651 957487206
565088355 1 0 2
70560651 957487206
369381825 0 0 2
70560651 70560651
882591057 0 0 2
957487206 70560651
266326990 1 0 1
70560651
191358835 0 0 3
70560651 957487206 70560651
865841739 1 0 1
70560651
919921565 1 0 2
957487206 957487206
43072793 0 0 1
957487206
755726225 0 0 2
70560651 70560651
583881061 1 0 2
70560651 957487206
945064813 1 0 1
957487206
616235289 0 0 5
70560651 957487206 957487206 957487206 70560651
957257491 1 0 1
70560651
778126359 1 0 2
70560651 957487206
641582744 0 0 3
957487206 70560651 957487206
509579310 0 0 2
70560651 957487206
259765513 1 0 2
957487206 957487206
243402424 1 0 1
957487206
120489362 1 0 5
70560651 70560651 70560651 70560651 70560651
804939370 1 0 5
957487206 957487206 70560651 957487206 70560651
967517934 1 0 3
957487206 957487206 70560651
404984691 0 0 1
70560651
975357441 1 0 2
957487206 70560651
258321303 0 0 3
957487206 957487206 957487206
233040019 1 0 4
70560651 957487206 70560651 957487206
1176497 0 0 4
70560651 70560651 70560651 70560651
329077977 1 0 4
70560651 70560651 957487206 70560651
654186948 1 0 5
70560651 957487206 70560651 957487206 70560651
78076829 1 0 1
957487206
54079826 1 0 5
957487206 70560651 957487206 957487206 957487206
5481696 0 0 1
70560651
697259740 0 0 1
957487206
791718332 0 0 1
70560651
146859044 0 0 3
70560651 70560651 70560651
184819575 1 0 2
70560651 70560651
715835038 1 0 2
70560651 957487206
589729153 1 0 3
70560651 957487206 957487206
505279702 0 0 2
957487206 70560651
585322098 0 0 3
70560651 70560651 70560651
1137019 1 0 1
70560651
367202041 0 0 2
957487206 957487206
412318550 0 0 2
70560651 70560651
7333860 1 0 1
957487206
595355535 0 0 5
70560651 70560651 70560651 957487206 70560651
238356374 0 0 4
957487206 70560651 957487206 957487206
182770825 1 0 2
70560651 957487206
656702993 1 0 5
957487206 70560651 957487206 70560651 70560651
240723446 0 0 2
957487206 957487206
391180908 1 0 2
957487206 957487206
66641565 1 0 4
957487206 70560651 957487206 70560651
627678593 0 0 3
957487206 957487206 70560651
444907768 1 0 4
957487206 70560651 70560651 70560651
61567313 0 0 5
70560651 70560651 957487206 957487206 957487206
302139886 0 0 5
957487206 957487206 70560651 957487206 70560651
591214920 1 0 4
70560651 70560651 70560651 70560651
957587468 1 0 4
957487206 957487206 957487206 957487206
905950621 0 0 2
70560651 957487206
333660760 1 0 3
957487206 70560651 70560651
632471663 1 0 3
70560651 70560651 957487206
233043780 1 0 5
70560651 70560651 957487206 957487206 70560651
48341793 0 0 2
70560651 70560651
113418884 0 0 4
957487206 70560651 70560651 957487206
468832041 0 0 2
70560651 70560651
571146623 0 0 2
957487206 957487206
326309033 0 0 3
70560651 70560651 957487206
53769696 0 0 4
70560651 70560651 957487206 957487206
123314502 0 0 1
70560651
856049821 0 0 5
70560651 70560651 70560651 70560651 957487206
962739186 0 0 1
957487206
