92
393569133 1 1 3
566537958 616663348 566537958
35903574 0 1 8
616663348 616663348 616663348 566537958 566537958 566537958 616663348 566537958
35903574 0 0 8
616663348 616663348 616663348 566537958 566537958 566537958 616663348 566537958
8885287 1 1 5
566537958 616663348 566537958 566537958 616663348
804049886 1 1 5
566537958 616663348 566537958 616663348 616663348
804049886 1 0 5
566537958 616663348 566537958 616663348 616663348
50616718 0 1 3
616663348 566537958 566537958
98982566 0 1 3
566537958 566537958 566537958
258419227 0 1 7
566537958 616663348 566537958 566537958 566537958 616663348 616663348
749462546 0 1 1
616663348
294799921 0 1 5
616663348 566537958 566537958 616663348 566537958
460930027 1 1 2
616663348 616663348
192432651 1 1 3
616663348 566537958 566537958
917458522 1 1 2
616663348 566537958
691079860 1 1 10
616663348 566537958 566537958 566537958 566537958 616663348 566537958 566537958 566537958 566537958
91240940 1 1 1
616663348
331919227 1 1 6
616663348 616663348 616663348 566537958 616663348 616663348
550140086 0 1 9
616663348 566537958 616663348 566537958 616663348 566537958 566537958 616663348 616663348
574450843 0 1 4
566537958 616663348 566537958 566537958
320195735 1 1 6
616663348 616663348 566537958 566537958 616663348 616663348
738479757 0 1 7
566537958 566537958 566537958 566537958 566537958 616663348 566537958
691079860 1 0 10
616663348 566537958 566537958 566537958 566537958 616663348 566537958 566537958 566537958 566537958
584790652 1 1 9
566537958 566537958 616663348 616663348 566537958 616663348 566537958 566537958 566537958
608283712 1 1 4
616663348 616663348 566537958 566537958
917458522 1 0 2
616663348 566537958
881027703 1 1 3
616663348 616663348 566537958
263236333 1 1 7
566537958 566537958 616663348 566537958 566537958 566537958 616663348
418464684 1 1 10
616663348 616663348 616663348 616663348 566537958 566537958 566537958 616663348 566537958 566537958
550140086 0 0 9
616663348 566537958 616663348 566537958 616663348 566537958 566537958 616663348 616663348
291039933 1 1 4
566537958 566537958 566537958 616663348
990070252 0 1 8
616663348 566537958 566537958 616663348 616663348 616663348 566537958 566537958
574450843 0 0 4
566537958 616663348 566537958 566537958
50616718 0 0 3
616663348 566537958 566537958
272302277 0 1 7
566537958 616663348 616663348 566537958 616663348 616663348 616663348
684814595 1 1 6
616663348 616663348 616663348 566537958 616663348 616663348
516422534 0 1 9
616663348 616663348 566537958 566537958 616663348 566537958 566537958 616663348 566537958
749462546 0 0 1
616663348
838840234 1 1 7
616663348 616663348 616663348 566537958 616663348 566537958 616663348
153994295 0 1 9
566537958 566537958 616663348 616663348 616663348 616663348 566537958 566537958 616663348
909991666 0 1 8
566537958 566537958 616663348 616663348 616663348 566537958 566537958 566537958
874743807 0 1 2
616663348 616663348
162879581 0 1 7
566537958 566537958 566537958 616663348 616663348 616663348 566537958
566557904 0 1 1
566537958
777876876 1 1 10
616663348 616663348 616663348 566537958 566537958 616663348 566537958 566537958 616663348 566537958
261862146 1 1 10
566537958 616663348 566537958 566537958 616663348 616663348 566537958 566537958 566537958 616663348
677493482 0 1 6
616663348 566537958 616663348 566537958 616663348 566537958
192432651 1 0 3
616663348 566537958 566537958
527339421 0 1 10
566537958 566537958 616663348 566537958 616663348 616663348 566537958 566537958 616663348 616663348
556662066 1 1 8
566537958 566537958 616663348 566537958 566537958 566537958 616663348 566537958
138423508 1 1 2
616663348 616663348
719772071 0 1 4
616663348 616663348 616663348 566537958
326636939 0 1 2
616663348 566537958
682019720 1 1 2
566537958 616663348
663529363 0 1 4
616663348 616663348 566537958 566537958
658556165 0 1 1
566537958
738479757 0 0 7
566537958 566537958 566537958 566537958 566537958 616663348 566537958
516422534 0 0 9
616663348 616663348 566537958 566537958 616663348 566537958 566537958 616663348 566537958
326636939 0 0 2
616663348 566537958
98982566 0 0 3
566537958 566537958 566537958
320195735 1 0 6
616663348 616663348 566537958 566537958 616663348 616663348
663529363 0 0 4
616663348 616663348 566537958 566537958
677493482 0 0 6
616663348 566537958 616663348 566537958 616663348 566537958
838840234 1 0 7
616663348 616663348 616663348 566537958 616663348 566537958 616663348
153994295 0 0 9
566537958 566537958 616663348 616663348 616663348 616663348 566537958 566537958 616663348
566557904 0 0 1
566537958
719772071 0 0 4
616663348 616663348 616663348 566537958
331919227 1 0 6
616663348 616663348 616663348 566537958 616663348 616663348
608283712 1 0 4
616663348 616663348 566537958 566537958
684814595 1 0 6
616663348 616663348 616663348 566537958 616663348 616663348
909991666 0 0 8
566537958 566537958 616663348 616663348 616663348 566537958 566537958 566537958
556662066 1 0 8
566537958 566537958 616663348 566537958 566537958 566537958 616663348 566537958
263236333 1 0 7
566537958 566537958 616663348 566537958 566537958 566537958 616663348
460930027 1 0 2
616663348 616663348
881027703 1 0 3
616663348 616663348 566537958
261862146 1 0 10
566537958 616663348 566537958 566537958 616663348 616663348 566537958 566537958 566537958 616663348
8885287 1 0 5
566537958 616663348 566537958 566537958 616663348
138423508 1 0 2
616663348 616663348
584790652 1 0 9
566537958 566537958 616663348 616663348 566537958 616663348 566537958 566537958 566537958
527339421 0 0 10
566537958 566537958 616663348 566537958 616663348 616663348 566537958 566537958 616663348 616663348
258419227 0 0 7
566537958 616663348 566537958 566537958 566537958 616663348 616663348
272302277 0 0 7
566537958 616663348 616663348 566537958 616663348 616663348 616663348
682019720 1 0 2
566537958 616663348
291039933 1 0 4
566537958 566537958 566537958 616663348
393569133 1 0 3
566537958 616663348 566537958
658556165 0 0 1
566537958
91240940 1 0 1
616663348
294799921 0 0 5
616663348 566537958 566537958 616663348 566537958
418464684 1 0 10
616663348 616663348 616663348 616663348 566537958 566537958 566537958 616663348 566537958 566537958
162879581 0 0 7
566537958 566537958 566537958 616663348 616663348 616663348 566537958
777876876 1 0 10
616663348 616663348 616663348 566537958 566537958 616663348 566537958 566537958 616663348 566537958
990070252 0 0 8
616663348 566537958 566537958 616663348 616663348 616663348 566537958 566537958
874743807 0 0 2
616663348 616663348
