70
180361858 0 1 13
711842828 711842828 438184819 711842828 438184819 711842828 438184819 711842828 711842828 438184819 711842828 438184819 438184819
654457376 1 1 3
711842828 711842828 438184819
582730398 1 1 5
438184819 438184819 711842828 711842828 711842828
549986177 1 1 13
438184819 438184819 711842828 711842828 438184819 438184819 711842828 711842828 711842828 438184819 438184819 711842828 711842828
32094040 1 1 8
438184819 438184819 438184819 438184819 711842828 438184819 438184819 438184819
180361858 0 0 13
711842828 711842828 438184819 711842828 438184819 711842828 438184819 711842828 711842828 438184819 711842828 438184819 438184819
616193924 0 1 2
711842828 711842828
241812746 1 1 11
711842828 711842828 711842828 711842828 711842828 438184819 438184819 711842828 438184819 711842828 438184819
461177956 0 1 4
711842828 438184819 438184819 438184819
951304179 0 1 10
711842828 711842828 711842828 438184819 711842828 438184819 438184819 438184819 438184819 438184819
479762006 1 1 6
438184819 438184819 438184819 711842828 438184819 711842828
632344393 1 1 8
438184819 438184819 438184819 711842828 711842828 711842828 711842828 711842828
847850176 0 1 13
438184819 438184819 711842828 711842828 711842828 438184819 438184819 438184819 711842828 438184819 438184819 438184819 711842828
876995874 0 1 5
711842828 438184819 711842828 438184819 711842828
33145925 1 1 5
438184819 438184819 711842828 711842828 438184819
241812746 1 0 11
711842828 711842828 711842828 711842828 711842828 438184819 438184819 711842828 438184819 711842828 438184819
138871475 0 1 7
438184819 711842828 711842828 711842828 438184819 438184819 438184819
829743308 0 1 2
711842828 438184819
480017231 0 1 9
438184819 438184819 438184819 711842828 438184819 438184819 438184819 711842828 438184819
100926069 0 1 15
438184819 438184819 711842828 438184819 711842828 438184819 438184819 438184819 711842828 711842828 711842828 711842828 711842828 711842828 438184819
268630923 1 1 8
438184819 438184819 711842828 438184819 438184819 438184819 711842828 711842828
239109226 1 1 5
711842828 711842828 711842828 711842828 438184819
268630923 1 0 8
438184819 438184819 711842828 438184819 438184819 438184819 711842828 711842828
549986177 1 0 13
438184819 438184819 711842828 711842828 438184819 438184819 711842828 711842828 711842828 438184819 438184819 711842828 711842828
33145925 1 0 5
438184819 438184819 711842828 711842828 438184819
113312134 1 1 1
438184819
54358595 0 1 7
438184819 711842828 438184819 438184819 438184819 438184819 438184819
426633057 1 1 11
438184819 438184819 711842828 438184819 711842828 711842828 711842828 711842828 438184819 438184819 711842828
876995874 0 0 5
711842828 438184819 711842828 438184819 711842828
253988016 0 1 13
438184819 438184819 711842828 438184819 438184819 711842828 438184819 711842828 438184819 711842828 438184819 711842828 438184819
259038043 0 1 1
711842828
189517863 1 1 4
438184819 711842828 438184819 438184819
682118070 0 1 1
711842828
323878896 0 1 1
438184819
426633057 1 0 11
438184819 438184819 711842828 438184819 711842828 711842828 711842828 711842828 438184819 438184819 711842828
708276026 0 1 10
711842828 711842828 711842828 711842828 711842828 438184819 711842828 711842828 438184819 711842828
393960897 0 1 10
438184819 438184819 711842828 711842828 438184819 711842828 438184819 438184819 711842828 438184819
138871475 0 0 7
438184819 711842828 711842828 711842828 438184819 438184819 438184819
762063715 0 1 2
438184819 438184819
888637883 1 1 14
438184819 438184819 711842828 438184819 711842828 438184819 711842828 711842828 711842828 438184819 438184819 438184819 438184819 711842828
847850176 0 0 13
438184819 438184819 711842828 711842828 711842828 438184819 438184819 438184819 711842828 438184819 438184819 438184819 711842828
480017231 0 0 9
438184819 438184819 438184819 711842828 438184819 438184819 438184819 711842828 438184819
708276026 0 0 10
711842828 711842828 711842828 711842828 711842828 438184819 711842828 711842828 438184819 711842828
461177956 0 0 4
711842828 438184819 438184819 438184819
900934624 1 1 13
711842828 438184819 711842828 711842828 438184819 711842828 711842828 438184819 711842828 711842828 438184819 438184819 438184819
197310464 1 1 8
438184819 711842828 711842828 438184819 438184819 711842828 438184819 438184819
291140412 1 1 2
711842828 438184819
54358595 0 0 7
438184819 711842828 438184819 438184819 438184819 438184819 438184819
32094040 1 0 8
438184819 438184819 438184819 438184819 711842828 438184819 438184819 438184819
654457376 1 0 3
711842828 711842828 438184819
616193924 0 0 2
711842828 711842828
291140412 1 0 2
711842828 438184819
100926069 0 0 15
438184819 438184819 711842828 438184819 711842828 438184819 438184819 438184819 711842828 711842828 711842828 711842828 711842828 711842828 438184819
259038043 0 0 1
711842828
888637883 1 0 14
438184819 438184819 711842828 438184819 711842828 438184819 711842828 711842828 711842828 438184819 438184819 438184819 438184819 711842828
239109226 1 0 5
711842828 711842828 711842828 711842828 438184819
197310464 1 0 8
438184819 711842828 711842828 438184819 438184819 711842828 438184819 438184819
762063715 0 0 2
438184819 438184819
829743308 0 0 2
711842828 438184819
323878896 0 0 1
438184819
393960897 0 0 10
438184819 438184819 711842828 711842828 438184819 711842828 438184819 438184819 711842828 438184819
951304179 0 0 10
711842828 711842828 711842828 438184819 711842828 438184819 438184819 438184819 438184819 438184819
682118070 0 0 1
711842828
900934624 1 0 13
711842828 438184819 711842828 711842828 438184819 711842828 711842828 438184819 711842828 711842828 438184819 438184819 438184819
253988016 0 0 13
438184819 438184819 711842828 438184819 438184819 711842828 438184819 711842828 438184819 711842828 438184819 711842828 438184819
479762006 1 0 6
438184819 438184819 438184819 711842828 438184819 711842828
632344393 1 0 8
438184819 438184819 438184819 711842828 711842828 711842828 711842828 711842828
582730398 1 0 5
438184819 438184819 711842828 711842828 711842828
113312134 1 0 1
438184819
189517863 1 0 4
438184819 711842828 438184819 438184819
