18
114547357 1 1 30
259326708 819207805 259326708 259326708 819207805 259326708 259326708 819207805 259326708 259326708 259326708 259326708 259326708 259326708 819207805 819207805 259326708 819207805 259326708 819207805 259326708 819207805 259326708 259326708 259326708 819207805 819207805 259326708 259326708 259326708
497090208 0 1 80
259326708 819207805 259326708 819207805 259326708 259326708 259326708 819207805 819207805 259326708 819207805 259326708 259326708 819207805 819207805 259326708 819207805 259326708 819207805 819207805 819207805 259326708 259326708 819207805 259326708 259326708 819207805 819207805 259326708 259326708 259326708 819207805 259326708 259326708 259326708 819207805 819207805 819207805 819207805 259326708 259326708 819207805 819207805 819207805 259326708 259326708 819207805 259326708 819207805 819207805 259326708 819207805 819207805 259326708 259326708 259326708 819207805 259326708 819207805 259326708 819207805 259326708 259326708 259326708 819207805 819207805 259326708 259326708 259326708 259326708 819207805 819207805 819207805 819207805 259326708 259326708 259326708 259326708 819207805 259326708
861411651 1 1 75
259326708 819207805 259326708 259326708 819207805 819207805 259326708 259326708 819207805 819207805 259326708 259326708 259326708 259326708 819207805 819207805 819207805 259326708 819207805 259326708 259326708 819207805 819207805 819207805 819207805 259326708 819207805 259326708 819207805 819207805 259326708 819207805 819207805 819207805 259326708 259326708 819207805 819207805 819207805 819207805 819207805 259326708 259326708 259326708 259326708 259326708 259326708 259326708 259326708 259326708 819207805 819207805 819207805 819207805 259326708 819207805 259326708 259326708 259326708 819207805 259326708 259326708 819207805 819207805 259326708 259326708 259326708 819207805 259326708 259326708 819207805 259326708 259326708 819207805 259326708
488456458 0 1 21
259326708 819207805 819207805 819207805 259326708 819207805 819207805 819207805 819207805 819207805 259326708 259326708 819207805 259326708 819207805 819207805 259326708 819207805 259326708 819207805 819207805
497090208 0 0 80
259326708 819207805 259326708 819207805 259326708 259326708 259326708 819207805 819207805 259326708 819207805 259326708 259326708 819207805 819207805 259326708 819207805 259326708 819207805 819207805 819207805 259326708 259326708 819207805 259326708 259326708 819207805 819207805 259326708 259326708 259326708 819207805 259326708 259326708 259326708 819207805 819207805 819207805 819207805 259326708 259326708 819207805 819207805 819207805 259326708 259326708 819207805 259326708 819207805 819207805 259326708 819207805 819207805 259326708 259326708 259326708 819207805 259326708 819207805 259326708 819207805 259326708 259326708 259326708 819207805 819207805 259326708 259326708 259326708 259326708 819207805 819207805 819207805 819207805 259326708 259326708 259326708 259326708 819207805 259326708
114547357 1 0 30
259326708 819207805 259326708 259326708 819207805 259326708 259326708 819207805 259326708 259326708 259326708 259326708 259326708 259326708 819207805 819207805 259326708 819207805 259326708 819207805 259326708 819207805 259326708 259326708 259326708 819207805 819207805 259326708 259326708 259326708
212264624 0 1 11
259326708 819207805 819207805 259326708 819207805 259326708 259326708 819207805 259326708 259326708 819207805
861411651 1 0 75
259326708 819207805 259326708 259326708 819207805 819207805 259326708 259326708 819207805 819207805 259326708 259326708 259326708 259326708 819207805 819207805 819207805 259326708 819207805 259326708 259326708 819207805 819207805 819207805 819207805 259326708 819207805 259326708 819207805 819207805 259326708 819207805 819207805 819207805 259326708 259326708 819207805 819207805 819207805 819207805 819207805 259326708 259326708 259326708 259326708 259326708 259326708 259326708 259326708 259326708 819207805 819207805 819207805 819207805 259326708 819207805 259326708 259326708 259326708 819207805 259326708 259326708 819207805 819207805 259326708 259326708 259326708 819207805 259326708 259326708 819207805 259326708 259326708 819207805 259326708
488456458 0 0 21
259326708 819207805 819207805 819207805 259326708 819207805 819207805 819207805 819207805 819207805 259326708 259326708 819207805 259326708 819207805 819207805 259326708 819207805 259326708 819207805 819207805
277346245 1 1 16
259326708 259326708 259326708 819207805 259326708 259326708 259326708 819207805 259326708 259326708 819207805 819207805 259326708 819207805 259326708 259326708
646472738 0 1 13
259326708 259326708 819207805 819207805 819207805 259326708 819207805 259326708 259326708 259326708 819207805 259326708 819207805
128773467 1 1 2
819207805 259326708
646472738 0 0 13
259326708 259326708 819207805 819207805 819207805 259326708 819207805 259326708 259326708 259326708 819207805 259326708 819207805
510245418 1 1 2
259326708 259326708
277346245 1 0 16
259326708 259326708 259326708 819207805 259326708 259326708 259326708 819207805 259326708 259326708 819207805 819207805 259326708 819207805 259326708 259326708
128773467 1 0 2
819207805 259326708
510245418 1 0 2
259326708 259326708
212264624 0 0 11
259326708 819207805 819207805 259326708 819207805 259326708 259326708 819207805 259326708 259326708 819207805
