250
629914579 0 1 3
743529988 619494527 400383152
81367565 1 1 2
400383152 400383152
936104828 0 1 3
743529988 619494527 619494527
426691068 1 1 2
400383152 400383152
908664184 1 1 3
619494527 400383152 619494527
984615833 1 1 3
619494527 619494527 400383152
874136980 0 1 2
400383152 743529988
545501393 1 1 2
743529988 619494527
344640071 1 1 1
400383152
655699393 0 1 2
400383152 619494527
209689438 1 1 1
619494527
610615409 1 1 2
400383152 743529988
507968963 1 1 1
619494527
101557604 1 1 1
619494527
187810422 1 1 3
400383152 743529988 619494527
533160530 1 1 1
743529988
29792451 0 1 1
619494527
908664184 1 0 3
619494527 400383152 619494527
661086888 1 1 2
743529988 619494527
532287859 1 1 2
743529988 400383152
111457588 1 1 3
619494527 743529988 619494527
635867839 0 1 2
619494527 619494527
703148714 1 1 2
743529988 619494527
184872443 1 1 2
400383152 743529988
114051194 1 1 3
400383152 743529988 619494527
180680119 0 1 2
619494527 619494527
817519324 1 1 1
400383152
529148680 0 1 2
619494527 619494527
324056772 0 1 3
743529988 619494527 743529988
289530202 1 1 3
743529988 400383152 619494527
125195019 1 1 1
400383152
724439923 1 1 1
400383152
919444780 0 1 3
400383152 743529988 743529988
59078936 1 1 3
400383152 400383152 400383152
532287859 1 0 2
743529988 400383152
529148680 0 0 2
619494527 619494527
513061103 0 1 1
400383152
198652199 0 1 3
400383152 743529988 619494527
125195019 1 0 1
400383152
967743119 1 1 3
743529988 619494527 743529988
533160530 1 0 1
743529988
350193287 1 1 2
743529988 400383152
635867839 0 0 2
619494527 619494527
324056772 0 0 3
743529988 619494527 743529988
72789179 1 1 1
400383152
513244511 0 1 2
743529988 619494527
694833358 0 1 3
743529988 743529988 743529988
728488571 0 1 2
743529988 743529988
722933949 0 1 3
619494527 743529988 619494527
305448766 0 1 1
400383152
88973885 0 1 1
400383152
824491552 0 1 3
743529988 619494527 743529988
345775539 0 1 2
619494527 743529988
622134415 0 1 2
400383152 743529988
706800354 0 1 1
619494527
59078936 1 0 3
400383152 400383152 400383152
6862426 1 1 2
743529988 743529988
6938625 1 1 2
619494527 743529988
818257941 1 1 3
619494527 743529988 400383152
495246616 0 1 2
400383152 400383152
710087338 0 1 1
619494527
3130384 0 1 1
619494527
655699393 0 0 2
400383152 619494527
461814161 0 1 2
743529988 400383152
743283808 0 1 1
400383152
111457588 1 0 3
619494527 743529988 619494527
673166059 1 1 3
400383152 743529988 619494527
990962840 0 1 3
400383152 400383152 400383152
67340580 0 1 1
619494527
962696261 1 1 1
400383152
824491552 0 0 3
743529988 619494527 743529988
724439923 1 0 1
400383152
116157859 1 1 1
743529988
644296854 0 1 2
619494527 743529988
734657392 0 1 2
400383152 743529988
27753146 1 1 1
619494527
9874308 0 1 2
400383152 743529988
933309591 1 1 2
743529988 400383152
995496264 1 1 2
400383152 619494527
360067595 0 1 3
743529988 619494527 619494527
858615121 1 1 3
743529988 400383152 619494527
29792451 0 0 1
619494527
361257126 0 1 3
619494527 619494527 400383152
54900952 0 1 1
619494527
439620043 0 1 3
743529988 400383152 619494527
84191074 1 1 1
619494527
212866069 1 1 3
400383152 619494527 743529988
426691068 1 0 2
400383152 400383152
528593927 0 1 1
619494527
644296854 0 0 2
619494527 743529988
984615833 1 0 3
619494527 619494527 400383152
761198977 0 1 2
400383152 619494527
558641607 0 1 2
400383152 619494527
3244693 1 1 1
743529988
320515682 0 1 2
400383152 619494527
565504032 0 1 1
400383152
10183318 0 1 2
400383152 619494527
138773623 1 1 2
619494527 743529988
60750648 1 1 3
619494527 400383152 743529988
720270655 1 1 2
619494527 743529988
513061103 0 0 1
400383152
994420358 1 1 2
743529988 400383152
375081160 0 1 1
619494527
316070815 1 1 2
619494527 619494527
520102768 1 1 3
400383152 743529988 743529988
320515682 0 0 2
400383152 619494527
218560352 1 1 3
400383152 619494527 400383152
383411394 1 1 2
743529988 400383152
335315380 0 1 2
743529988 743529988
60750648 1 0 3
619494527 400383152 743529988
967743119 1 0 3
743529988 619494527 743529988
187234562 0 1 1
743529988
27708247 0 1 3
619494527 619494527 743529988
69972772 0 1 2
619494527 619494527
214987707 1 1 3
619494527 400383152 619494527
37582555 1 1 2
743529988 743529988
855798714 0 1 2
619494527 619494527
210483970 0 1 1
619494527
250166501 0 1 3
743529988 400383152 400383152
566930186 1 1 1
743529988
571741095 1 1 1
619494527
3130384 0 0 1
619494527
305067452 1 1 3
400383152 400383152 619494527
6550228 1 1 1
743529988
508448521 1 1 2
743529988 400383152
517933520 1 1 2
400383152 619494527
138773623 1 0 2
619494527 743529988
706800354 0 0 1
619494527
535144154 1 1 1
619494527
122163849 0 1 2
619494527 400383152
76575126 0 1 1
743529988
538388847 0 1 3
743529988 743529988 743529988
212866069 1 0 3
400383152 619494527 743529988
442679531 1 1 2
743529988 743529988
494595509 1 1 3
619494527 743529988 619494527
184872443 1 0 2
400383152 743529988
548572164 1 1 3
619494527 743529988 400383152
433969505 0 1 2
619494527 743529988
407862508 0 1 3
619494527 743529988 619494527
383411394 1 0 2
743529988 400383152
121359170 0 1 1
400383152
180680119 0 0 2
619494527 619494527
428389862 0 1 3
743529988 743529988 619494527
210483970 0 0 1
619494527
782943668 1 1 2
619494527 743529988
437429984 1 1 3
400383152 619494527 619494527
948492629 0 1 2
619494527 743529988
1504019 0 1 2
619494527 619494527
673357729 0 1 2
743529988 619494527
136324361 1 1 1
400383152
214987707 1 0 3
619494527 400383152 619494527
817519324 1 0 1
400383152
41254932 0 1 2
400383152 619494527
565504032 0 0 1
400383152
442679531 1 0 2
743529988 743529988
553582328 0 1 2
743529988 743529988
58813484 0 1 1
400383152
433969505 0 0 2
619494527 743529988
528593927 0 0 1
619494527
316070815 1 0 2
619494527 619494527
6938625 1 0 2
619494527 743529988
3244693 1 0 1
743529988
136324361 1 0 1
400383152
6862426 1 0 2
743529988 743529988
722933949 0 0 3
619494527 743529988 619494527
345775539 0 0 2
619494527 743529988
439620043 0 0 3
743529988 400383152 619494527
535144154 1 0 1
619494527
874136980 0 0 2
400383152 743529988
116157859 1 0 1
743529988
734657392 0 0 2
400383152 743529988
88973885 0 0 1
400383152
703148714 1 0 2
743529988 619494527
375081160 0 0 1
619494527
360067595 0 0 3
743529988 619494527 619494527
858615121 1 0 3
743529988 400383152 619494527
933309591 1 0 2
743529988 400383152
76575126 0 0 1
743529988
1504019 0 0 2
619494527 619494527
9874308 0 0 2
400383152 743529988
818257941 1 0 3
619494527 743529988 400383152
610615409 1 0 2
400383152 743529988
81367565 1 0 2
400383152 400383152
41254932 0 0 2
400383152 619494527
37582555 1 0 2
743529988 743529988
84191074 1 0 1
619494527
566930186 1 0 1
743529988
250166501 0 0 3
743529988 400383152 400383152
69972772 0 0 2
619494527 619494527
720270655 1 0 2
619494527 743529988
494595509 1 0 3
619494527 743529988 619494527
694833358 0 0 3
743529988 743529988 743529988
936104828 0 0 3
743529988 619494527 619494527
187234562 0 0 1
743529988
520102768 1 0 3
400383152 743529988 743529988
344640071 1 0 1
400383152
407862508 0 0 3
619494527 743529988 619494527
10183318 0 0 2
400383152 619494527
513244511 0 0 2
743529988 619494527
995496264 1 0 2
400383152 619494527
121359170 0 0 1
400383152
350193287 1 0 2
743529988 400383152
218560352 1 0 3
400383152 619494527 400383152
198652199 0 0 3
400383152 743529988 619494527
558641607 0 0 2
400383152 619494527
187810422 1 0 3
400383152 743529988 619494527
994420358 1 0 2
743529988 400383152
122163849 0 0 2
619494527 400383152
428389862 0 0 3
743529988 743529988 619494527
782943668 1 0 2
619494527 743529988
101557604 1 0 1
619494527
728488571 0 0 2
743529988 743529988
289530202 1 0 3
743529988 400383152 619494527
58813484 0 0 1
400383152
673166059 1 0 3
400383152 743529988 619494527
622134415 0 0 2
400383152 743529988
67340580 0 0 1
619494527
919444780 0 0 3
400383152 743529988 743529988
305067452 1 0 3
400383152 400383152 619494527
27753146 1 0 1
619494527
437429984 1 0 3
400383152 619494527 619494527
538388847 0 0 3
743529988 743529988 743529988
335315380 0 0 2
743529988 743529988
114051194 1 0 3
400383152 743529988 619494527
962696261 1 0 1
400383152
545501393 1 0 2
743529988 619494527
948492629 0 0 2
619494527 743529988
743283808 0 0 1
400383152
209689438 1 0 1
619494527
855798714 0 0 2
619494527 619494527
507968963 1 0 1
619494527
27708247 0 0 3
619494527 619494527 743529988
673357729 0 0 2
743529988 619494527
990962840 0 0 3
400383152 400383152 400383152
629914579 0 0 3
743529988 619494527 400383152
661086888 1 0 2
743529988 619494527
6550228 1 0 1
743529988
571741095 1 0 1
619494527
305448766 0 0 1
400383152
553582328 0 0 2
743529988 743529988
548572164 1 0 3
619494527 743529988 400383152
710087338 0 0 1
619494527
517933520 1 0 2
400383152 619494527
72789179 1 0 1
400383152
461814161 0 0 2
743529988 400383152
508448521 1 0 2
743529988 400383152
495246616 0 0 2
400383152 400383152
54900952 0 0 1
619494527
761198977 0 0 2
400383152 619494527
361257126 0 0 3
619494527 619494527 400383152
