168
679793395 1 1 3
573677201 565211437 565211437
453382105 0 1 2
565211437 565211437
790654356 1 1 1
844495560
71007391 0 1 4
573677201 573677201 844495560 573677201
357751871 0 1 4
573677201 573677201 844495560 573677201
785587172 0 1 3
565211437 844495560 844495560
939304373 1 1 2
565211437 565211437
246551784 1 1 2
565211437 573677201
47158827 1 1 3
844495560 565211437 573677201
371734995 0 1 3
844495560 565211437 565211437
511587863 1 1 5
565211437 573677201 565211437 844495560 844495560
270162220 1 1 5
844495560 844495560 844495560 844495560 844495560
403219606 1 1 4
573677201 565211437 565211437 573677201
511587863 1 0 5
565211437 573677201 565211437 844495560 844495560
922239944 1 1 1
573677201
785587172 0 0 3
565211437 844495560 844495560
580496352 1 1 4
565211437 573677201 565211437 565211437
357751871 0 0 4
573677201 573677201 844495560 573677201
14655331 1 1 2
573677201 573677201
939304373 1 0 2
565211437 565211437
922239944 1 0 1
573677201
275094975 0 1 2
844495560 573677201
580002427 0 1 1
565211437
371734995 0 0 3
844495560 565211437 565211437
580002427 0 0 1
565211437
231226115 0 1 2
844495560 844495560
336772155 0 1 1
573677201
814473715 0 1 2
844495560 573677201
673268565 0 1 5
565211437 844495560 573677201 844495560 573677201
284183806 1 1 3
844495560 565211437 844495560
204020478 1 1 4
844495560 844495560 573677201 573677201
518363990 0 1 2
565211437 844495560
673268565 0 0 5
565211437 844495560 573677201 844495560 573677201
488581417 0 1 2
565211437 573677201
964535399 1 1 5
844495560 844495560 844495560 573677201 573677201
572483843 1 1 2
573677201 565211437
185593328 1 1 3
844495560 844495560 844495560
580496352 1 0 4
565211437 573677201 565211437 565211437
453382105 0 0 2
565211437 565211437
382263188 0 1 3
573677201 573677201 844495560
146161043 1 1 2
565211437 573677201
865386722 1 1 3
573677201 565211437 565211437
835645292 0 1 3
844495560 565211437 844495560
789331751 1 1 3
565211437 844495560 565211437
788910464 1 1 1
844495560
284183806 1 0 3
844495560 565211437 844495560
45913514 1 1 3
565211437 565211437 565211437
427435274 1 1 5
573677201 565211437 565211437 565211437 844495560
382263188 0 0 3
573677201 573677201 844495560
580731188 1 1 3
844495560 844495560 565211437
204020478 1 0 4
844495560 844495560 573677201 573677201
292465298 1 1 2
573677201 573677201
327110452 1 1 1
565211437
952466182 1 1 4
573677201 844495560 844495560 844495560
518363990 0 0 2
565211437 844495560
804053160 1 1 4
844495560 565211437 573677201 565211437
597272671 0 1 5
573677201 573677201 573677201 844495560 565211437
208202140 0 1 4
573677201 565211437 844495560 573677201
578809455 0 1 1
844495560
30285374 0 1 2
844495560 573677201
75373822 1 1 1
844495560
853904430 1 1 2
573677201 573677201
578809455 0 0 1
844495560
610287800 1 1 2
844495560 844495560
814473715 0 0 2
844495560 573677201
306599936 1 1 2
573677201 844495560
43192936 0 1 2
565211437 565211437
277277867 0 1 2
844495560 844495560
979868500 1 1 3
565211437 565211437 573677201
327376741 0 1 1
565211437
481298344 1 1 2
565211437 565211437
350748841 0 1 4
844495560 565211437 844495560 565211437
668474509 1 1 1
565211437
298350095 0 1 3
565211437 844495560 844495560
923232684 0 1 2
844495560 573677201
854067836 0 1 4
565211437 565211437 573677201 565211437
680613282 1 1 5
844495560 565211437 565211437 573677201 573677201
298350095 0 0 3
565211437 844495560 844495560
69393726 0 1 5
573677201 565211437 844495560 573677201 565211437
571970909 1 1 4
844495560 844495560 844495560 573677201
368774925 1 1 5
844495560 565211437 565211437 565211437 573677201
952466182 1 0 4
573677201 844495560 844495560 844495560
711241828 0 1 1
844495560
213397725 1 1 1
844495560
414688439 1 1 2
573677201 573677201
138677102 0 1 4
565211437 573677201 565211437 844495560
646645264 1 1 5
844495560 844495560 844495560 573677201 844495560
707153736 0 1 4
565211437 573677201 565211437 573677201
597272671 0 0 5
573677201 573677201 573677201 844495560 565211437
45913514 1 0 3
565211437 565211437 565211437
465787553 0 1 3
565211437 565211437 844495560
451627798 1 1 4
844495560 565211437 565211437 565211437
363723247 0 1 5
565211437 844495560 565211437 573677201 573677201
915576576 1 1 5
573677201 565211437 565211437 565211437 844495560
659829937 0 1 5
565211437 565211437 565211437 844495560 573677201
43192936 0 0 2
565211437 565211437
942532701 0 1 4
844495560 844495560 573677201 565211437
945861949 1 1 1
573677201
587720110 0 1 2
844495560 844495560
327110452 1 0 1
565211437
465787553 0 0 3
565211437 565211437 844495560
451627798 1 0 4
844495560 565211437 565211437 565211437
208202140 0 0 4
573677201 565211437 844495560 573677201
648953482 0 1 4
573677201 844495560 565211437 573677201
403219606 1 0 4
573677201 565211437 565211437 573677201
679793395 1 0 3
573677201 565211437 565211437
854067836 0 0 4
565211437 565211437 573677201 565211437
408666101 0 1 3
844495560 565211437 565211437
350748841 0 0 4
844495560 565211437 844495560 565211437
804053160 1 0 4
844495560 565211437 573677201 565211437
894320045 0 1 5
565211437 844495560 573677201 573677201 565211437
964535399 1 0 5
844495560 844495560 844495560 573677201 573677201
692146417 0 1 4
573677201 844495560 565211437 565211437
685943967 0 1 5
565211437 565211437 565211437 573677201 565211437
488581417 0 0 2
565211437 573677201
790654356 1 0 1
844495560
726704896 0 1 2
573677201 573677201
363723247 0 0 5
565211437 844495560 565211437 573677201 573677201
47158827 1 0 3
844495560 565211437 573677201
680613282 1 0 5
844495560 565211437 565211437 573677201 573677201
277277867 0 0 2
844495560 844495560
692146417 0 0 4
573677201 844495560 565211437 565211437
711241828 0 0 1
844495560
270162220 1 0 5
844495560 844495560 844495560 844495560 844495560
275094975 0 0 2
844495560 573677201
648953482 0 0 4
573677201 844495560 565211437 573677201
646645264 1 0 5
844495560 844495560 844495560 573677201 844495560
571970909 1 0 4
844495560 844495560 844495560 573677201
69393726 0 0 5
573677201 565211437 844495560 573677201 565211437
835645292 0 0 3
844495560 565211437 844495560
414688439 1 0 2
573677201 573677201
246551784 1 0 2
565211437 573677201
945861949 1 0 1
573677201
587720110 0 0 2
844495560 844495560
580731188 1 0 3
844495560 844495560 565211437
659829937 0 0 5
565211437 565211437 565211437 844495560 573677201
865386722 1 0 3
573677201 565211437 565211437
942532701 0 0 4
844495560 844495560 573677201 565211437
146161043 1 0 2
565211437 573677201
30285374 0 0 2
844495560 573677201
75373822 1 0 1
844495560
427435274 1 0 5
573677201 565211437 565211437 565211437 844495560
71007391 0 0 4
573677201 573677201 844495560 573677201
138677102 0 0 4
565211437 573677201 565211437 844495560
726704896 0 0 2
573677201 573677201
789331751 1 0 3
565211437 844495560 565211437
572483843 1 0 2
573677201 565211437
894320045 0 0 5
565211437 844495560 573677201 573677201 565211437
327376741 0 0 1
565211437
292465298 1 0 2
573677201 573677201
231226115 0 0 2
844495560 844495560
306599936 1 0 2
573677201 844495560
923232684 0 0 2
844495560 573677201
668474509 1 0 1
565211437
14655331 1 0 2
573677201 573677201
336772155 0 0 1
573677201
979868500 1 0 3
565211437 565211437 573677201
707153736 0 0 4
565211437 573677201 565211437 573677201
685943967 0 0 5
565211437 565211437 565211437 573677201 565211437
853904430 1 0 2
573677201 573677201
610287800 1 0 2
844495560 844495560
213397725 1 0 1
844495560
408666101 0 0 3
844495560 565211437 565211437
368774925 1 0 5
844495560 565211437 565211437 565211437 573677201
481298344 1 0 2
565211437 565211437
915576576 1 0 5
573677201 565211437 565211437 565211437 844495560
788910464 1 0 1
844495560
185593328 1 0 3
844495560 844495560 844495560
