104
986338067 1 1 5
208734926 208734926 208734926 208734926 208734926
986338067 1 0 5
208734926 208734926 208734926 208734926 208734926
714824030 1 1 4
86912298 86912298 286851685 286851685
982299903 0 1 4
86912298 208734926 286851685 86912298
38965789 1 1 2
208734926 86912298
876917182 1 1 1
286851685
290518947 0 1 8
208734926 208734926 286851685 86912298 86912298 286851685 208734926 86912298
730821890 1 1 3
208734926 86912298 286851685
704497063 0 1 1
86912298
440067152 0 1 7
208734926 286851685 86912298 286851685 286851685 286851685 208734926
965820678 1 1 5
86912298 286851685 86912298 286851685 286851685
121388126 0 1 3
208734926 286851685 286851685
41890411 0 1 5
286851685 86912298 286851685 86912298 86912298
327779885 1 1 7
286851685 208734926 86912298 208734926 286851685 86912298 286851685
123275279 0 1 6
286851685 208734926 208734926 86912298 286851685 86912298
560768678 1 1 3
208734926 86912298 86912298
965820678 1 0 5
86912298 286851685 86912298 286851685 286851685
940315248 1 1 7
208734926 286851685 208734926 86912298 286851685 86912298 86912298
377522610 1 1 1
86912298
640749577 0 1 8
208734926 86912298 286851685 286851685 86912298 86912298 208734926 286851685
401904314 0 1 7
286851685 86912298 286851685 286851685 208734926 286851685 286851685
38965789 1 0 2
208734926 86912298
982299903 0 0 4
86912298 208734926 286851685 86912298
449312321 1 1 3
286851685 286851685 86912298
311495160 0 1 10
86912298 286851685 286851685 86912298 286851685 208734926 86912298 86912298 286851685 208734926
123275279 0 0 6
286851685 208734926 208734926 86912298 286851685 86912298
714824030 1 0 4
86912298 86912298 286851685 286851685
972785062 1 1 10
208734926 286851685 286851685 86912298 86912298 86912298 208734926 286851685 286851685 86912298
234180948 1 1 6
286851685 86912298 286851685 286851685 208734926 286851685
385598630 1 1 3
208734926 86912298 86912298
734860317 0 1 7
86912298 286851685 286851685 208734926 208734926 86912298 208734926
299121344 0 1 5
208734926 208734926 86912298 286851685 286851685
703415028 1 1 5
86912298 286851685 286851685 208734926 86912298
382645097 0 1 9
208734926 86912298 208734926 86912298 208734926 86912298 208734926 286851685 208734926
507856269 0 1 4
286851685 286851685 286851685 208734926
842783064 1 1 8
86912298 208734926 86912298 208734926 208734926 86912298 86912298 286851685
311495160 0 0 10
86912298 286851685 286851685 86912298 286851685 208734926 86912298 86912298 286851685 208734926
322073746 1 1 1
86912298
346710688 0 1 9
286851685 208734926 208734926 208734926 86912298 286851685 86912298 86912298 286851685
410123446 0 1 2
208734926 86912298
299121344 0 0 5
208734926 208734926 86912298 286851685 286851685
156890001 0 1 10
86912298 86912298 286851685 286851685 208734926 86912298 86912298 208734926 208734926 286851685
238192828 1 1 2
208734926 208734926
287040627 0 1 6
286851685 208734926 286851685 286851685 208734926 86912298
842783064 1 0 8
86912298 208734926 86912298 208734926 208734926 86912298 86912298 286851685
299925299 1 1 1
208734926
876917182 1 0 1
286851685
969014717 0 1 3
286851685 208734926 208734926
991537689 1 1 8
286851685 286851685 86912298 208734926 208734926 208734926 86912298 86912298
739992450 0 1 6
86912298 86912298 86912298 86912298 208734926 208734926
934835395 0 1 3
86912298 286851685 208734926
112925814 0 1 2
86912298 208734926
440067152 0 0 7
208734926 286851685 86912298 286851685 286851685 286851685 208734926
634399212 1 1 6
86912298 86912298 86912298 86912298 86912298 86912298
115131631 1 1 3
86912298 208734926 286851685
703415028 1 0 5
86912298 286851685 286851685 208734926 86912298
739992450 0 0 6
86912298 86912298 86912298 86912298 208734926 208734926
88717445 1 1 1
208734926
47684242 1 1 2
208734926 86912298
55446878 1 1 10
208734926 286851685 208734926 208734926 286851685 86912298 208734926 208734926 208734926 86912298
466240054 1 1 2
208734926 286851685
969014717 0 0 3
286851685 208734926 208734926
287040627 0 0 6
286851685 208734926 286851685 286851685 208734926 86912298
507856269 0 0 4
286851685 286851685 286851685 208734926
47684242 1 0 2
208734926 86912298
410123446 0 0 2
208734926 86912298
290518947 0 0 8
208734926 208734926 286851685 86912298 86912298 286851685 208734926 86912298
688433818 1 1 6
208734926 86912298 86912298 208734926 286851685 208734926
309867543 1 1 7
208734926 86912298 208734926 208734926 208734926 208734926 208734926
382645097 0 0 9
208734926 86912298 208734926 86912298 208734926 86912298 208734926 286851685 208734926
915552374 1 1 1
286851685
41890411 0 0 5
286851685 86912298 286851685 86912298 86912298
121388126 0 0 3
208734926 286851685 286851685
999928977 1 1 2
208734926 286851685
640749577 0 0 8
208734926 86912298 286851685 286851685 86912298 86912298 208734926 286851685
327779885 1 0 7
286851685 208734926 86912298 208734926 286851685 86912298 286851685
560768678 1 0 3
208734926 86912298 86912298
156890001 0 0 10
86912298 86912298 286851685 286851685 208734926 86912298 86912298 208734926 208734926 286851685
704497063 0 0 1
86912298
401904314 0 0 7
286851685 86912298 286851685 286851685 208734926 286851685 286851685
688433818 1 0 6
208734926 86912298 86912298 208734926 286851685 208734926
377522610 1 0 1
86912298
112925814 0 0 2
86912298 208734926
299925299 1 0 1
208734926
999928977 1 0 2
208734926 286851685
346710688 0 0 9
286851685 208734926 208734926 208734926 86912298 286851685 86912298 86912298 286851685
309867543 1 0 7
208734926 86912298 208734926 208734926 208734926 208734926 208734926
115131631 1 0 3
86912298 208734926 286851685
934835395 0 0 3
86912298 286851685 208734926
734860317 0 0 7
86912298 286851685 286851685 208734926 208734926 86912298 208734926
238192828 1 0 2
208734926 208734926
322073746 1 0 1
86912298
466240054 1 0 2
208734926 286851685
634399212 1 0 6
86912298 86912298 86912298 86912298 86912298 86912298
972785062 1 0 10
208734926 286851685 286851685 86912298 86912298 86912298 208734926 286851685 286851685 86912298
234180948 1 0 6
286851685 86912298 286851685 286851685 208734926 286851685
449312321 1 0 3
286851685 286851685 86912298
940315248 1 0 7
208734926 286851685 208734926 86912298 286851685 86912298 86912298
730821890 1 0 3
208734926 86912298 286851685
385598630 1 0 3
208734926 86912298 86912298
915552374 1 0 1
286851685
991537689 1 0 8
286851685 286851685 86912298 208734926 208734926 208734926 86912298 86912298
55446878 1 0 10
208734926 286851685 208734926 208734926 286851685 86912298 208734926 208734926 208734926 86912298
88717445 1 0 1
208734926
