64
915722148 0 1 6
966450723 278132343 966450723 966450723 34146015 278132343
545151025 0 1 9
34146015 278132343 278132343 34146015 34146015 966450723 278132343 278132343 278132343
955211146 0 1 10
966450723 278132343 278132343 34146015 966450723 966450723 278132343 34146015 966450723 278132343
824654938 1 1 12
278132343 34146015 278132343 966450723 34146015 278132343 966450723 278132343 278132343 966450723 34146015 34146015
828685849 0 1 5
278132343 966450723 34146015 966450723 34146015
120194912 0 1 2
278132343 278132343
500200372 1 1 1
278132343
276305103 1 1 13
34146015 966450723 34146015 966450723 278132343 278132343 278132343 966450723 966450723 278132343 966450723 278132343 966450723
824654938 1 0 12
278132343 34146015 278132343 966450723 34146015 278132343 966450723 278132343 278132343 966450723 34146015 34146015
276305103 1 0 13
34146015 966450723 34146015 966450723 278132343 278132343 278132343 966450723 966450723 278132343 966450723 278132343 966450723
974331787 1 1 3
966450723 34146015 966450723
593977036 1 1 3
34146015 34146015 966450723
501383476 0 1 13
966450723 278132343 34146015 34146015 278132343 966450723 34146015 34146015 278132343 966450723 34146015 966450723 34146015
800195548 1 1 11
278132343 966450723 966450723 966450723 966450723 966450723 34146015 34146015 966450723 34146015 966450723
423131958 0 1 9
966450723 278132343 278132343 966450723 278132343 966450723 278132343 34146015 278132343
268641587 1 1 9
278132343 966450723 278132343 34146015 278132343 34146015 966450723 966450723 278132343
955211146 0 0 10
966450723 278132343 278132343 34146015 966450723 966450723 278132343 34146015 966450723 278132343
544120151 1 1 2
966450723 966450723
90260918 1 1 13
966450723 966450723 966450723 966450723 966450723 34146015 966450723 966450723 278132343 34146015 966450723 278132343 966450723
634253230 1 1 5
966450723 966450723 278132343 278132343 966450723
631118770 0 1 8
34146015 34146015 34146015 34146015 278132343 278132343 34146015 966450723
628961430 0 1 6
278132343 966450723 34146015 278132343 34146015 966450723
206837809 1 1 14
966450723 966450723 34146015 966450723 966450723 278132343 966450723 34146015 34146015 278132343 966450723 34146015 278132343 278132343
91510821 1 1 11
966450723 278132343 966450723 278132343 278132343 34146015 34146015 34146015 34146015 966450723 34146015
312059072 0 1 13
278132343 34146015 278132343 966450723 278132343 966450723 278132343 278132343 966450723 278132343 34146015 278132343 966450723
65638820 1 1 4
966450723 966450723 966450723 278132343
865506538 0 1 15
278132343 34146015 278132343 34146015 966450723 966450723 34146015 34146015 34146015 966450723 34146015 278132343 34146015 966450723 966450723
847303937 0 1 12
966450723 966450723 966450723 34146015 966450723 34146015 278132343 34146015 278132343 966450723 966450723 278132343
879647869 1 1 3
966450723 278132343 966450723
325458696 0 1 5
278132343 34146015 966450723 34146015 966450723
82455578 1 1 9
966450723 278132343 278132343 34146015 34146015 34146015 966450723 966450723 278132343
828685849 0 0 5
278132343 966450723 34146015 966450723 34146015
10296563 1 1 11
966450723 278132343 278132343 278132343 34146015 966450723 278132343 278132343 278132343 966450723 966450723
144425770 0 1 6
278132343 34146015 966450723 966450723 966450723 966450723
545151025 0 0 9
34146015 278132343 278132343 34146015 34146015 966450723 278132343 278132343 278132343
116601592 0 1 6
966450723 966450723 34146015 34146015 278132343 278132343
926018711 1 1 1
966450723
544120151 1 0 2
966450723 966450723
628961430 0 0 6
278132343 966450723 34146015 278132343 34146015 966450723
847303937 0 0 12
966450723 966450723 966450723 34146015 966450723 34146015 278132343 34146015 278132343 966450723 966450723 278132343
926018711 1 0 1
966450723
120194912 0 0 2
278132343 278132343
116601592 0 0 6
966450723 966450723 34146015 34146015 278132343 278132343
865506538 0 0 15
278132343 34146015 278132343 34146015 966450723 966450723 34146015 34146015 34146015 966450723 34146015 278132343 34146015 966450723 966450723
500200372 1 0 1
278132343
82455578 1 0 9
966450723 278132343 278132343 34146015 34146015 34146015 966450723 966450723 278132343
10296563 1 0 11
966450723 278132343 278132343 278132343 34146015 966450723 278132343 278132343 278132343 966450723 966450723
879647869 1 0 3
966450723 278132343 966450723
312059072 0 0 13
278132343 34146015 278132343 966450723 278132343 966450723 278132343 278132343 966450723 278132343 34146015 278132343 966450723
634253230 1 0 5
966450723 966450723 278132343 278132343 966450723
206837809 1 0 14
966450723 966450723 34146015 966450723 966450723 278132343 966450723 34146015 34146015 278132343 966450723 34146015 278132343 278132343
90260918 1 0 13
966450723 966450723 966450723 966450723 966450723 34146015 966450723 966450723 278132343 34146015 966450723 278132343 966450723
501383476 0 0 13
966450723 278132343 34146015 34146015 278132343 966450723 34146015 34146015 278132343 966450723 34146015 966450723 34146015
325458696 0 0 5
278132343 34146015 966450723 34146015 966450723
593977036 1 0 3
34146015 34146015 966450723
915722148 0 0 6
966450723 278132343 966450723 966450723 34146015 278132343
144425770 0 0 6
278132343 34146015 966450723 966450723 966450723 966450723
631118770 0 0 8
34146015 34146015 34146015 34146015 278132343 278132343 34146015 966450723
423131958 0 0 9
966450723 278132343 278132343 966450723 278132343 966450723 278132343 34146015 278132343
800195548 1 0 11
278132343 966450723 966450723 966450723 966450723 966450723 34146015 34146015 966450723 34146015 966450723
65638820 1 0 4
966450723 966450723 966450723 278132343
91510821 1 0 11
966450723 278132343 966450723 278132343 278132343 34146015 34146015 34146015 34146015 966450723 34146015
268641587 1 0 9
278132343 966450723 278132343 34146015 278132343 34146015 966450723 966450723 278132343
974331787 1 0 3
966450723 34146015 966450723
