22
570714692 0 1 62
218544628 716963460 218544628 381555847 381555847 218544628 218544628 381555847 218544628 381555847 381555847 381555847 381555847 218544628 381555847 218544628 218544628 716963460 381555847 716963460 716963460 716963460 381555847 381555847 381555847 218544628 381555847 218544628 218544628 716963460 716963460 716963460 381555847 716963460 218544628 381555847 381555847 381555847 381555847 381555847 381555847 218544628 381555847 716963460 716963460 381555847 716963460 218544628 218544628 381555847 381555847 716963460 716963460 716963460 716963460 218544628 381555847 218544628 716963460 218544628 381555847 381555847
671287202 1 1 54
218544628 218544628 381555847 218544628 381555847 381555847 716963460 218544628 218544628 381555847 218544628 381555847 218544628 716963460 716963460 218544628 218544628 218544628 716963460 381555847 716963460 381555847 716963460 716963460 381555847 218544628 218544628 381555847 716963460 716963460 381555847 716963460 381555847 716963460 218544628 381555847 218544628 381555847 716963460 218544628 716963460 381555847 716963460 381555847 716963460 218544628 381555847 381555847 716963460 716963460 716963460 218544628 381555847 218544628
826866054 0 1 54
716963460 716963460 381555847 218544628 381555847 381555847 218544628 218544628 218544628 381555847 716963460 381555847 716963460 218544628 716963460 716963460 381555847 716963460 381555847 218544628 716963460 716963460 381555847 716963460 218544628 381555847 716963460 381555847 218544628 716963460 218544628 381555847 381555847 716963460 381555847 381555847 716963460 381555847 218544628 716963460 381555847 218544628 716963460 381555847 716963460 218544628 218544628 716963460 716963460 381555847 381555847 716963460 716963460 716963460
417560692 1 1 26
716963460 218544628 716963460 218544628 716963460 716963460 381555847 218544628 218544628 716963460 716963460 218544628 716963460 218544628 716963460 381555847 381555847 716963460 218544628 381555847 381555847 381555847 381555847 716963460 716963460 716963460
136353042 1 1 23
381555847 218544628 218544628 218544628 381555847 218544628 716963460 381555847 381555847 716963460 218544628 218544628 218544628 218544628 716963460 381555847 381555847 218544628 716963460 218544628 218544628 218544628 381555847
84195045 0 1 3
381555847 218544628 381555847
985440482 0 1 2
381555847 381555847
498789923 0 1 3
716963460 218544628 381555847
826866054 0 0 54
716963460 716963460 381555847 218544628 381555847 381555847 218544628 218544628 218544628 381555847 716963460 381555847 716963460 218544628 716963460 716963460 381555847 716963460 381555847 218544628 716963460 716963460 381555847 716963460 218544628 381555847 716963460 381555847 218544628 716963460 218544628 381555847 381555847 716963460 381555847 381555847 716963460 381555847 218544628 716963460 381555847 218544628 716963460 381555847 716963460 218544628 218544628 716963460 716963460 381555847 381555847 716963460 716963460 716963460
674151214 1 1 19
716963460 218544628 716963460 218544628 218544628 716963460 218544628 381555847 381555847 381555847 381555847 716963460 218544628 381555847 716963460 218544628 218544628 381555847 381555847
671287202 1 0 54
218544628 218544628 381555847 218544628 381555847 381555847 716963460 218544628 218544628 381555847 218544628 381555847 218544628 716963460 716963460 218544628 218544628 218544628 716963460 381555847 716963460 381555847 716963460 716963460 381555847 218544628 218544628 381555847 716963460 716963460 381555847 716963460 381555847 716963460 218544628 381555847 218544628 381555847 716963460 218544628 716963460 381555847 716963460 381555847 716963460 218544628 381555847 381555847 716963460 716963460 716963460 218544628 381555847 218544628
516245615 1 1 3
381555847 716963460 218544628
516245615 1 0 3
381555847 716963460 218544628
84195045 0 0 3
381555847 218544628 381555847
417560692 1 0 26
716963460 218544628 716963460 218544628 716963460 716963460 381555847 218544628 218544628 716963460 716963460 218544628 716963460 218544628 716963460 381555847 381555847 716963460 218544628 381555847 381555847 381555847 381555847 716963460 716963460 716963460
882533993 0 1 1
716963460
674151214 1 0 19
716963460 218544628 716963460 218544628 218544628 716963460 218544628 381555847 381555847 381555847 381555847 716963460 218544628 381555847 716963460 218544628 218544628 381555847 381555847
136353042 1 0 23
381555847 218544628 218544628 218544628 381555847 218544628 716963460 381555847 381555847 716963460 218544628 218544628 218544628 218544628 716963460 381555847 381555847 218544628 716963460 218544628 218544628 218544628 381555847
882533993 0 0 1
716963460
570714692 0 0 62
218544628 716963460 218544628 381555847 381555847 218544628 218544628 381555847 218544628 381555847 381555847 381555847 381555847 218544628 381555847 218544628 218544628 716963460 381555847 716963460 716963460 716963460 381555847 381555847 381555847 218544628 381555847 218544628 218544628 716963460 716963460 716963460 381555847 716963460 218544628 381555847 381555847 381555847 381555847 381555847 381555847 218544628 381555847 716963460 716963460 381555847 716963460 218544628 218544628 381555847 381555847 716963460 716963460 716963460 716963460 218544628 381555847 218544628 716963460 218544628 381555847 381555847
498789923 0 0 3
716963460 218544628 381555847
985440482 0 0 2
381555847 381555847
