258
338147385 0 1 1
98308271
390245286 1 1 3
630709996 128511442 184718204
804458438 0 1 2
630709996 184718204
871639897 1 1 2
184718204 98308271
598469636 1 1 3
98308271 98308271 630709996
896353716 1 1 1
184718204
49677594 1 1 3
128511442 98308271 98308271
138540509 0 1 2
128511442 128511442
48849849 1 1 2
128511442 630709996
804458438 0 0 2
630709996 184718204
871639897 1 0 2
184718204 98308271
552871869 0 1 3
184718204 630709996 630709996
128931438 0 1 2
98308271 128511442
338147385 0 0 1
98308271
590389576 1 1 2
630709996 128511442
590389576 1 0 2
630709996 128511442
839421310 0 1 3
128511442 630709996 128511442
765176989 0 1 1
184718204
82230869 1 1 1
630709996
428043156 0 1 1
98308271
95858158 1 1 1
98308271
555921000 0 1 1
184718204
555921000 0 0 1
184718204
49677594 1 0 3
128511442 98308271 98308271
951729471 0 1 2
98308271 184718204
95858158 1 0 1
98308271
598469636 1 0 3
98308271 98308271 630709996
457571750 0 1 2
630709996 630709996
653219411 1 1 3
630709996 98308271 630709996
951729471 0 0 2
98308271 184718204
774146460 0 1 1
128511442
457571750 0 0 2
630709996 630709996
164543744 1 1 1
128511442
335573463 1 1 1
128511442
263434606 1 1 1
98308271
531179940 0 1 2
128511442 128511442
808604755 0 1 2
184718204 98308271
448152810 0 1 3
184718204 128511442 98308271
629488210 0 1 3
98308271 98308271 630709996
291831103 0 1 2
128511442 630709996
576664251 1 1 1
630709996
967635594 0 1 1
630709996
534592740 0 1 1
128511442
233639040 0 1 2
630709996 630709996
839275491 1 1 3
98308271 128511442 630709996
133062375 0 1 3
630709996 128511442 630709996
129992755 0 1 2
184718204 184718204
896353716 1 0 1
184718204
888953084 0 1 1
184718204
124119235 0 1 1
98308271
31358956 1 1 3
630709996 98308271 128511442
294341305 1 1 2
98308271 98308271
105567024 0 1 3
184718204 98308271 630709996
621748531 1 1 1
184718204
133762614 0 1 2
184718204 630709996
870744012 1 1 1
630709996
870744012 1 0 1
630709996
556495751 1 1 2
184718204 630709996
414322122 1 1 3
184718204 128511442 128511442
966602169 1 1 2
128511442 630709996
964933102 0 1 1
630709996
218567944 1 1 3
98308271 184718204 128511442
629488210 0 0 3
98308271 98308271 630709996
424173919 1 1 2
98308271 128511442
618152513 1 1 3
128511442 128511442 128511442
992714403 0 1 3
630709996 630709996 128511442
765176989 0 0 1
184718204
441234014 1 1 1
128511442
48849849 1 0 2
128511442 630709996
953725975 0 1 3
184718204 630709996 630709996
256149009 0 1 2
128511442 128511442
972413953 1 1 1
630709996
614847081 1 1 2
128511442 630709996
839275491 1 0 3
98308271 128511442 630709996
556818170 0 1 1
98308271
601902162 0 1 2
98308271 630709996
759194535 1 1 1
630709996
133482420 1 1 2
630709996 184718204
556818170 0 0 1
98308271
422054107 0 1 2
630709996 128511442
293787274 1 1 2
630709996 184718204
534592740 0 0 1
128511442
219637812 0 1 1
630709996
113845949 1 1 3
184718204 98308271 184718204
279366000 0 1 3
184718204 128511442 630709996
349630566 0 1 3
128511442 630709996 128511442
2799033 0 1 3
630709996 128511442 184718204
403485234 1 1 3
98308271 184718204 98308271
133482420 1 0 2
630709996 184718204
441234014 1 0 1
128511442
380989521 1 1 2
128511442 184718204
149656689 1 1 3
98308271 98308271 630709996
335573463 1 0 1
128511442
509052257 0 1 3
128511442 184718204 128511442
855254404 0 1 2
98308271 128511442
135935654 0 1 2
98308271 184718204
379796269 1 1 1
98308271
264266506 0 1 1
128511442
550257775 0 1 1
630709996
198914789 0 1 2
184718204 98308271
229199608 0 1 3
184718204 184718204 184718204
768825719 0 1 2
184718204 128511442
623088707 1 1 3
184718204 98308271 184718204
164543744 1 0 1
128511442
699868472 1 1 1
630709996
614056473 0 1 2
128511442 98308271
64322720 0 1 2
98308271 128511442
422054107 0 0 2
630709996 128511442
291831103 0 0 2
128511442 630709996
506110798 1 1 2
98308271 630709996
653219411 1 0 3
630709996 98308271 630709996
870205481 0 1 2
128511442 128511442
614847081 1 0 2
128511442 630709996
889253024 1 1 1
630709996
414322122 1 0 3
184718204 128511442 128511442
424173919 1 0 2
98308271 128511442
120957878 0 1 1
128511442
839421310 0 0 3
128511442 630709996 128511442
279540002 0 1 2
98308271 128511442
343671537 1 1 1
98308271
732668765 1 1 1
98308271
265538774 0 1 1
98308271
765725644 0 1 3
128511442 98308271 184718204
26456038 1 1 3
630709996 184718204 128511442
135935654 0 0 2
98308271 184718204
485176585 1 1 1
630709996
879571592 0 1 3
128511442 184718204 98308271
158338390 0 1 3
630709996 98308271 128511442
834807150 1 1 1
184718204
349630566 0 0 3
128511442 630709996 128511442
888953084 0 0 1
184718204
552871869 0 0 3
184718204 630709996 630709996
734886976 0 1 2
184718204 630709996
561823623 0 1 1
128511442
68313023 0 1 2
184718204 184718204
884543664 0 1 1
630709996
855254404 0 0 2
98308271 128511442
509052257 0 0 3
128511442 184718204 128511442
70875880 1 1 1
98308271
923567426 0 1 3
630709996 98308271 630709996
872995670 0 1 3
98308271 128511442 98308271
303188500 1 1 3
128511442 630709996 184718204
40350283 0 1 1
630709996
275769796 0 1 3
630709996 184718204 184718204
502103288 1 1 1
128511442
269549890 0 1 1
98308271
113845949 1 0 3
184718204 98308271 184718204
105567024 0 0 3
184718204 98308271 630709996
44595514 1 1 2
98308271 128511442
992714403 0 0 3
630709996 630709996 128511442
953725975 0 0 3
184718204 630709996 630709996
601902162 0 0 2
98308271 630709996
561823623 0 0 1
128511442
233639040 0 0 2
630709996 630709996
125191995 1 1 1
98308271
808604755 0 0 2
184718204 98308271
969418361 1 1 1
184718204
511168339 1 1 3
184718204 98308271 128511442
219637812 0 0 1
630709996
42031066 1 1 2
128511442 128511442
40350283 0 0 1
630709996
967635594 0 0 1
630709996
328045510 1 1 2
630709996 630709996
68313023 0 0 2
184718204 184718204
233890171 1 1 2
184718204 128511442
872995670 0 0 3
98308271 128511442 98308271
502103288 1 0 1
128511442
614056473 0 0 2
128511442 98308271
783800442 1 1 3
128511442 184718204 98308271
301519740 1 1 2
128511442 184718204
275769796 0 0 3
630709996 184718204 184718204
158338390 0 0 3
630709996 98308271 128511442
265538774 0 0 1
98308271
138540509 0 0 2
128511442 128511442
513430173 1 1 3
98308271 128511442 630709996
127471978 1 1 1
98308271
34188504 1 1 3
98308271 184718204 98308271
778968946 1 1 2
98308271 98308271
893197621 1 1 2
128511442 184718204
734886976 0 0 2
184718204 630709996
550257775 0 0 1
630709996
913160893 1 1 2
98308271 128511442
2799033 0 0 3
630709996 128511442 184718204
264145530 1 1 2
98308271 98308271
870205481 0 0 2
128511442 128511442
625285565 1 1 1
630709996
71499282 1 1 1
630709996
229199608 0 0 3
184718204 184718204 184718204
765725644 0 0 3
128511442 98308271 184718204
879571592 0 0 3
128511442 184718204 98308271
893197621 1 0 2
128511442 184718204
256149009 0 0 2
128511442 128511442
778968946 1 0 2
98308271 98308271
133062375 0 0 3
630709996 128511442 630709996
556495751 1 0 2
184718204 630709996
264145530 1 0 2
98308271 98308271
279540002 0 0 2
98308271 128511442
233890171 1 0 2
184718204 128511442
972413953 1 0 1
630709996
623088707 1 0 3
184718204 98308271 184718204
26456038 1 0 3
630709996 184718204 128511442
759194535 1 0 1
630709996
390245286 1 0 3
630709996 128511442 184718204
279366000 0 0 3
184718204 128511442 630709996
128931438 0 0 2
98308271 128511442
293787274 1 0 2
630709996 184718204
64322720 0 0 2
98308271 128511442
448152810 0 0 3
184718204 128511442 98308271
127471978 1 0 1
98308271
264266506 0 0 1
128511442
485176585 1 0 1
630709996
42031066 1 0 2
128511442 128511442
834807150 1 0 1
184718204
403485234 1 0 3
98308271 184718204 98308271
129992755 0 0 2
184718204 184718204
913160893 1 0 2
98308271 128511442
783800442 1 0 3
128511442 184718204 98308271
133762614 0 0 2
184718204 630709996
218567944 1 0 3
98308271 184718204 128511442
120957878 0 0 1
128511442
923567426 0 0 3
630709996 98308271 630709996
301519740 1 0 2
128511442 184718204
263434606 1 0 1
98308271
768825719 0 0 2
184718204 128511442
511168339 1 0 3
184718204 98308271 128511442
71499282 1 0 1
630709996
343671537 1 0 1
98308271
966602169 1 0 2
128511442 630709996
328045510 1 0 2
630709996 630709996
964933102 0 0 1
630709996
699868472 1 0 1
630709996
774146460 0 0 1
128511442
70875880 1 0 1
98308271
506110798 1 0 2
98308271 630709996
531179940 0 0 2
128511442 128511442
428043156 0 0 1
98308271
198914789 0 0 2
184718204 98308271
125191995 1 0 1
98308271
884543664 0 0 1
630709996
124119235 0 0 1
98308271
269549890 0 0 1
98308271
625285565 1 0 1
630709996
732668765 1 0 1
98308271
82230869 1 0 1
630709996
618152513 1 0 3
128511442 128511442 128511442
303188500 1 0 3
128511442 630709996 184718204
380989521 1 0 2
128511442 184718204
513430173 1 0 3
98308271 128511442 630709996
889253024 1 0 1
630709996
576664251 1 0 1
630709996
44595514 1 0 2
98308271 128511442
149656689 1 0 3
98308271 98308271 630709996
34188504 1 0 3
98308271 184718204 98308271
294341305 1 0 2
98308271 98308271
969418361 1 0 1
184718204
31358956 1 0 3
630709996 98308271 128511442
621748531 1 0 1
184718204
379796269 1 0 1
98308271
