164
414760323 0 1 5
49965566 24512242 586462432 49965566 49965566
619583673 0 1 3
24512242 24512242 586462432
860715517 0 1 5
586462432 586462432 586462432 24512242 145860433
959023693 0 1 1
145860433
619583673 0 0 3
24512242 24512242 586462432
649784763 0 1 2
586462432 24512242
860715517 0 0 5
586462432 586462432 586462432 24512242 145860433
959023693 0 0 1
145860433
598575691 1 1 2
49965566 24512242
795962511 1 1 5
145860433 49965566 586462432 145860433 145860433
882504014 0 1 5
145860433 145860433 49965566 24512242 586462432
351270459 0 1 4
24512242 586462432 586462432 145860433
414760323 0 0 5
49965566 24512242 586462432 49965566 49965566
473148784 1 1 3
145860433 586462432 586462432
759038975 1 1 1
24512242
187726416 0 1 3
49965566 49965566 49965566
882504014 0 0 5
145860433 145860433 49965566 24512242 586462432
895950155 1 1 4
145860433 49965566 49965566 49965566
495474648 0 1 3
24512242 586462432 586462432
8013625 0 1 2
49965566 49965566
812622233 0 1 1
145860433
307793987 0 1 1
586462432
473148784 1 0 3
145860433 586462432 586462432
832506312 0 1 5
586462432 49965566 24512242 586462432 49965566
759038975 1 0 1
24512242
598575691 1 0 2
49965566 24512242
645241463 1 1 4
145860433 586462432 145860433 24512242
685972271 0 1 2
586462432 586462432
98336795 0 1 2
49965566 145860433
770743201 0 1 5
49965566 24512242 145860433 586462432 49965566
943857469 0 1 2
49965566 586462432
873196086 0 1 5
24512242 586462432 586462432 145860433 586462432
961401495 0 1 3
49965566 145860433 145860433
493796444 1 1 2
586462432 586462432
859643993 1 1 5
145860433 586462432 49965566 145860433 586462432
795962511 1 0 5
145860433 49965566 586462432 145860433 145860433
11367060 1 1 4
586462432 49965566 586462432 49965566
639656877 1 1 1
49965566
446106424 1 1 3
145860433 49965566 145860433
888395654 1 1 3
49965566 24512242 586462432
54417199 1 1 5
586462432 24512242 586462432 145860433 586462432
54417199 1 0 5
586462432 24512242 586462432 145860433 586462432
65690097 1 1 4
586462432 49965566 145860433 145860433
749111170 0 1 2
145860433 145860433
865957243 1 1 2
24512242 24512242
567991211 1 1 1
586462432
200203212 1 1 1
24512242
661919753 0 1 3
586462432 145860433 24512242
303011576 1 1 5
145860433 49965566 49965566 586462432 145860433
446106424 1 0 3
145860433 49965566 145860433
403990022 0 1 4
24512242 24512242 49965566 49965566
135068536 0 1 4
145860433 586462432 24512242 49965566
62050550 1 1 5
24512242 24512242 49965566 586462432 24512242
591716438 0 1 1
49965566
883535042 0 1 5
145860433 24512242 49965566 145860433 49965566
410041549 1 1 4
24512242 24512242 24512242 145860433
812622233 0 0 1
145860433
599730062 1 1 1
586462432
200203212 1 0 1
24512242
548673626 0 1 3
49965566 49965566 24512242
717835535 0 1 4
49965566 49965566 145860433 145860433
591716438 0 0 1
49965566
284752725 1 1 3
49965566 49965566 586462432
46431441 0 1 4
49965566 49965566 145860433 586462432
403807806 0 1 3
24512242 24512242 586462432
235605872 0 1 1
145860433
669690993 0 1 1
145860433
200181626 0 1 3
49965566 24512242 49965566
108801957 0 1 3
49965566 145860433 586462432
631092487 1 1 1
49965566
693978069 0 1 4
586462432 49965566 49965566 49965566
832506312 0 0 5
586462432 49965566 24512242 586462432 49965566
820962301 1 1 1
586462432
494975898 0 1 1
145860433
186151297 1 1 5
145860433 586462432 586462432 145860433 49965566
119585076 0 1 4
586462432 145860433 586462432 24512242
383371551 0 1 1
586462432
749111170 0 0 2
145860433 145860433
93084847 0 1 4
145860433 49965566 586462432 49965566
37791524 0 1 4
24512242 145860433 145860433 586462432
984999073 1 1 5
24512242 24512242 49965566 145860433 49965566
959042089 0 1 2
586462432 145860433
11367060 1 0 4
586462432 49965566 586462432 49965566
605782734 1 1 2
49965566 49965566
37718636 0 1 4
49965566 586462432 49965566 49965566
303011576 1 0 5
145860433 49965566 49965566 586462432 145860433
473478194 0 1 1
145860433
693978069 0 0 4
586462432 49965566 49965566 49965566
908794309 1 1 5
24512242 49965566 49965566 49965566 586462432
649784763 0 0 2
586462432 24512242
441708658 1 1 3
145860433 586462432 145860433
961401495 0 0 3
49965566 145860433 145860433
959042089 0 0 2
586462432 145860433
383371551 0 0 1
586462432
37791524 0 0 4
24512242 145860433 145860433 586462432
943857469 0 0 2
49965566 586462432
548673626 0 0 3
49965566 49965566 24512242
661919753 0 0 3
586462432 145860433 24512242
93084847 0 0 4
145860433 49965566 586462432 49965566
883535042 0 0 5
145860433 24512242 49965566 145860433 49965566
567991211 1 0 1
586462432
235605872 0 0 1
145860433
461063081 1 1 3
24512242 586462432 145860433
970844859 1 1 1
49965566
873196086 0 0 5
24512242 586462432 586462432 145860433 586462432
351270459 0 0 4
24512242 586462432 586462432 145860433
135068536 0 0 4
145860433 586462432 24512242 49965566
403990022 0 0 4
24512242 24512242 49965566 49965566
108801957 0 0 3
49965566 145860433 586462432
605782734 1 0 2
49965566 49965566
820962301 1 0 1
586462432
33425095 1 1 1
49965566
717835535 0 0 4
49965566 49965566 145860433 145860433
494975898 0 0 1
145860433
770743201 0 0 5
49965566 24512242 145860433 586462432 49965566
495474648 0 0 3
24512242 586462432 586462432
200181626 0 0 3
49965566 24512242 49965566
37718636 0 0 4
49965566 586462432 49965566 49965566
685972271 0 0 2
586462432 586462432
307793987 0 0 1
586462432
197114475 1 1 4
49965566 145860433 145860433 49965566
233402759 1 1 5
24512242 24512242 49965566 24512242 24512242
187726416 0 0 3
49965566 49965566 49965566
485671508 1 1 4
145860433 145860433 586462432 145860433
403807806 0 0 3
24512242 24512242 586462432
119585076 0 0 4
586462432 145860433 586462432 24512242
441708658 1 0 3
145860433 586462432 145860433
46431441 0 0 4
49965566 49965566 145860433 586462432
98336795 0 0 2
49965566 145860433
473478194 0 0 1
145860433
669690993 0 0 1
145860433
745788100 1 1 4
586462432 24512242 49965566 24512242
951238294 1 1 5
145860433 24512242 24512242 24512242 49965566
8013625 0 0 2
49965566 49965566
622940584 1 1 2
145860433 145860433
984999073 1 0 5
24512242 24512242 49965566 145860433 49965566
644735892 1 1 3
49965566 145860433 24512242
207562451 1 1 3
145860433 49965566 49965566
284752725 1 0 3
49965566 49965566 586462432
622940584 1 0 2
145860433 145860433
908794309 1 0 5
24512242 49965566 49965566 49965566 586462432
895950155 1 0 4
145860433 49965566 49965566 49965566
745788100 1 0 4
586462432 24512242 49965566 24512242
207562451 1 0 3
145860433 49965566 49965566
33425095 1 0 1
49965566
859643993 1 0 5
145860433 586462432 49965566 145860433 586462432
865957243 1 0 2
24512242 24512242
631092487 1 0 1
49965566
951238294 1 0 5
145860433 24512242 24512242 24512242 49965566
233402759 1 0 5
24512242 24512242 49965566 24512242 24512242
644735892 1 0 3
49965566 145860433 24512242
599730062 1 0 1
586462432
493796444 1 0 2
586462432 586462432
65690097 1 0 4
586462432 49965566 145860433 145860433
645241463 1 0 4
145860433 586462432 145860433 24512242
461063081 1 0 3
24512242 586462432 145860433
410041549 1 0 4
24512242 24512242 24512242 145860433
485671508 1 0 4
145860433 145860433 586462432 145860433
62050550 1 0 5
24512242 24512242 49965566 586462432 24512242
639656877 1 0 1
49965566
888395654 1 0 3
49965566 24512242 586462432
197114475 1 0 4
49965566 145860433 145860433 49965566
970844859 1 0 1
49965566
186151297 1 0 5
145860433 586462432 586462432 145860433 49965566
