100
622110709 1 1 2
104203175 44279928
6776362 1 1 6
104203175 44279928 801337676 801337676 44279928 44279928
775297399 1 1 9
104203175 104203175 801337676 801337676 104203175 44279928 31272016 104203175 801337676
415187769 0 1 1
31272016
71001225 0 1 6
44279928 104203175 104203175 104203175 44279928 801337676
170245915 0 1 3
801337676 104203175 801337676
101111876 1 1 2
801337676 104203175
459104795 1 1 2
104203175 104203175
478502636 1 1 6
801337676 801337676 801337676 44279928 801337676 31272016
101724476 0 1 5
31272016 104203175 44279928 801337676 801337676
73943438 1 1 4
44279928 801337676 44279928 31272016
956502762 1 1 8
801337676 104203175 801337676 31272016 104203175 31272016 801337676 44279928
406626658 0 1 9
44279928 104203175 31272016 104203175 31272016 31272016 31272016 44279928 801337676
225243179 1 1 1
31272016
18517484 1 1 10
31272016 31272016 801337676 44279928 104203175 44279928 801337676 104203175 801337676 801337676
802117372 1 1 10
801337676 104203175 104203175 44279928 104203175 31272016 44279928 44279928 801337676 104203175
120543867 0 1 5
31272016 44279928 104203175 104203175 104203175
98163353 0 1 8
801337676 31272016 44279928 104203175 104203175 31272016 31272016 801337676
889972654 1 1 7
44279928 104203175 801337676 104203175 104203175 31272016 801337676
131608691 1 1 4
104203175 801337676 104203175 801337676
131608691 1 0 4
104203175 801337676 104203175 801337676
798864291 1 1 4
104203175 44279928 104203175 801337676
181320154 1 1 6
44279928 44279928 31272016 801337676 44279928 104203175
30326116 1 1 6
44279928 104203175 31272016 104203175 44279928 104203175
433045928 1 1 2
104203175 801337676
426668687 1 1 7
104203175 801337676 44279928 31272016 104203175 31272016 104203175
882299016 1 1 5
31272016 801337676 801337676 104203175 31272016
747539962 0 1 4
31272016 31272016 801337676 44279928
457940702 0 1 6
104203175 104203175 104203175 801337676 801337676 104203175
181320154 1 0 6
44279928 44279928 31272016 801337676 44279928 104203175
889972654 1 0 7
44279928 104203175 801337676 104203175 104203175 31272016 801337676
536153043 1 1 8
44279928 801337676 104203175 31272016 44279928 104203175 104203175 44279928
704259488 0 1 10
44279928 104203175 801337676 31272016 44279928 44279928 104203175 801337676 31272016 31272016
502220629 0 1 8
801337676 104203175 31272016 44279928 31272016 801337676 801337676 44279928
10780103 0 1 1
104203175
120543867 0 0 5
31272016 44279928 104203175 104203175 104203175
711035850 0 1 7
44279928 44279928 801337676 44279928 104203175 801337676 104203175
130034380 1 1 9
44279928 801337676 801337676 801337676 44279928 801337676 31272016 44279928 44279928
425967871 1 1 5
801337676 44279928 44279928 44279928 801337676
782037074 0 1 5
31272016 104203175 801337676 104203175 104203175
152796646 1 1 1
44279928
379596099 0 1 1
801337676
478502636 1 0 6
801337676 801337676 801337676 44279928 801337676 31272016
93658220 0 1 3
44279928 801337676 44279928
631299281 1 1 1
31272016
426668687 1 0 7
104203175 801337676 44279928 31272016 104203175 31272016 104203175
333836926 0 1 10
44279928 31272016 44279928 801337676 44279928 104203175 801337676 104203175 44279928 44279928
73943438 1 0 4
44279928 801337676 44279928 31272016
167601658 0 1 5
31272016 104203175 104203175 104203175 801337676
802117372 1 0 10
801337676 104203175 104203175 44279928 104203175 31272016 44279928 44279928 801337676 104203175
30326116 1 0 6
44279928 104203175 31272016 104203175 44279928 104203175
440318395 0 1 5
104203175 801337676 104203175 801337676 104203175
740463583 0 1 2
31272016 44279928
392844836 0 1 2
31272016 104203175
225243179 1 0 1
31272016
882299016 1 0 5
31272016 801337676 801337676 104203175 31272016
458835878 0 1 2
31272016 44279928
433045928 1 0 2
104203175 801337676
130034380 1 0 9
44279928 801337676 801337676 801337676 44279928 801337676 31272016 44279928 44279928
101111876 1 0 2
801337676 104203175
425967871 1 0 5
801337676 44279928 44279928 44279928 801337676
775297399 1 0 9
104203175 104203175 801337676 801337676 104203175 44279928 31272016 104203175 801337676
152796646 1 0 1
44279928
395097306 0 1 10
44279928 104203175 104203175 31272016 104203175 104203175 31272016 44279928 44279928 44279928
365905055 0 1 1
31272016
409515582 0 1 4
31272016 801337676 31272016 44279928
285069959 0 1 2
44279928 801337676
6776362 1 0 6
104203175 44279928 801337676 801337676 44279928 44279928
333836926 0 0 10
44279928 31272016 44279928 801337676 44279928 104203175 801337676 104203175 44279928 44279928
395097306 0 0 10
44279928 104203175 104203175 31272016 104203175 104203175 31272016 44279928 44279928 44279928
459104795 1 0 2
104203175 104203175
71001225 0 0 6
44279928 104203175 104203175 104203175 44279928 801337676
956502762 1 0 8
801337676 104203175 801337676 31272016 104203175 31272016 801337676 44279928
18517484 1 0 10
31272016 31272016 801337676 44279928 104203175 44279928 801337676 104203175 801337676 801337676
747539962 0 0 4
31272016 31272016 801337676 44279928
10780103 0 0 1
104203175
170245915 0 0 3
801337676 104203175 801337676
536153043 1 0 8
44279928 801337676 104203175 31272016 44279928 104203175 104203175 44279928
415187769 0 0 1
31272016
740463583 0 0 2
31272016 44279928
409515582 0 0 4
31272016 801337676 31272016 44279928
101724476 0 0 5
31272016 104203175 44279928 801337676 801337676
798864291 1 0 4
104203175 44279928 104203175 801337676
782037074 0 0 5
31272016 104203175 801337676 104203175 104203175
622110709 1 0 2
104203175 44279928
98163353 0 0 8
801337676 31272016 44279928 104203175 104203175 31272016 31272016 801337676
365905055 0 0 1
31272016
631299281 1 0 1
31272016
502220629 0 0 8
801337676 104203175 31272016 44279928 31272016 801337676 801337676 44279928
392844836 0 0 2
31272016 104203175
711035850 0 0 7
44279928 44279928 801337676 44279928 104203175 801337676 104203175
285069959 0 0 2
44279928 801337676
406626658 0 0 9
44279928 104203175 31272016 104203175 31272016 31272016 31272016 44279928 801337676
167601658 0 0 5
31272016 104203175 104203175 104203175 801337676
457940702 0 0 6
104203175 104203175 104203175 801337676 801337676 104203175
93658220 0 0 3
44279928 801337676 44279928
458835878 0 0 2
31272016 44279928
704259488 0 0 10
44279928 104203175 801337676 31272016 44279928 44279928 104203175 801337676 31272016 31272016
379596099 0 0 1
801337676
440318395 0 0 5
104203175 801337676 104203175 801337676 104203175
