74
458772246 1 1 6
51995176 51995176 51995176 500844534 866192519 866192519
458772246 1 0 6
51995176 51995176 51995176 500844534 866192519 866192519
109714351 0 1 11
51995176 51995176 330263406 866192519 500844534 51995176 500844534 330263406 500844534 51995176 330263406
944678790 0 1 12
330263406 500844534 500844534 51995176 51995176 330263406 866192519 500844534 500844534 500844534 500844534 51995176
109714351 0 0 11
51995176 51995176 330263406 866192519 500844534 51995176 500844534 330263406 500844534 51995176 330263406
944678790 0 0 12
330263406 500844534 500844534 51995176 51995176 330263406 866192519 500844534 500844534 500844534 500844534 51995176
849472484 1 1 3
866192519 500844534 51995176
736175182 1 1 2
866192519 500844534
359312710 0 1 2
330263406 51995176
359312710 0 0 2
330263406 51995176
481640701 1 1 12
51995176 500844534 51995176 500844534 500844534 866192519 500844534 866192519 500844534 330263406 330263406 51995176
736175182 1 0 2
866192519 500844534
772553654 1 1 6
500844534 330263406 500844534 51995176 500844534 866192519
849472484 1 0 3
866192519 500844534 51995176
482352498 0 1 10
330263406 866192519 500844534 51995176 51995176 51995176 330263406 866192519 330263406 500844534
772553654 1 0 6
500844534 330263406 500844534 51995176 500844534 866192519
625321375 1 1 2
500844534 330263406
14287694 1 1 13
330263406 500844534 500844534 866192519 51995176 51995176 866192519 51995176 500844534 330263406 51995176 51995176 500844534
862284992 0 1 2
500844534 500844534
827273246 1 1 5
866192519 330263406 330263406 51995176 500844534
607379649 0 1 3
866192519 51995176 866192519
519169495 1 1 11
500844534 51995176 500844534 866192519 866192519 500844534 51995176 51995176 330263406 866192519 866192519
510035953 0 1 6
866192519 866192519 866192519 866192519 866192519 866192519
943814333 0 1 3
500844534 51995176 51995176
519169495 1 0 11
500844534 51995176 500844534 866192519 866192519 500844534 51995176 51995176 330263406 866192519 866192519
327773814 1 1 10
330263406 51995176 866192519 330263406 866192519 330263406 51995176 866192519 330263406 330263406
41744523 1 1 3
866192519 51995176 51995176
143916286 0 1 6
500844534 500844534 500844534 330263406 866192519 866192519
143916286 0 0 6
500844534 500844534 500844534 330263406 866192519 866192519
899655998 1 1 13
330263406 866192519 51995176 330263406 500844534 51995176 51995176 500844534 51995176 51995176 51995176 866192519 866192519
565735226 0 1 12
500844534 51995176 51995176 51995176 866192519 866192519 51995176 500844534 866192519 51995176 51995176 330263406
168618518 1 1 4
51995176 866192519 866192519 51995176
607379649 0 0 3
866192519 51995176 866192519
72202818 0 1 3
51995176 51995176 866192519
555560088 0 1 14
330263406 866192519 330263406 51995176 500844534 330263406 866192519 330263406 866192519 330263406 51995176 866192519 51995176 51995176
41744523 1 0 3
866192519 51995176 51995176
567778936 0 1 4
51995176 51995176 866192519 866192519
981362436 1 1 11
330263406 500844534 500844534 866192519 866192519 51995176 330263406 330263406 866192519 330263406 866192519
885823493 1 1 9
51995176 500844534 51995176 500844534 330263406 330263406 866192519 330263406 866192519
619774112 0 1 10
51995176 330263406 500844534 500844534 51995176 500844534 330263406 866192519 51995176 866192519
482206969 1 1 1
330263406
604532364 1 1 3
330263406 866192519 51995176
78546357 1 1 7
866192519 51995176 866192519 866192519 330263406 51995176 51995176
482206969 1 0 1
330263406
827273246 1 0 5
866192519 330263406 330263406 51995176 500844534
481640701 1 0 12
51995176 500844534 51995176 500844534 500844534 866192519 500844534 866192519 500844534 330263406 330263406 51995176
444437671 1 1 4
330263406 51995176 866192519 500844534
401727505 0 1 5
330263406 330263406 51995176 51995176 330263406
780535193 0 1 7
330263406 500844534 330263406 51995176 330263406 866192519 500844534
444437671 1 0 4
330263406 51995176 866192519 500844534
981362436 1 0 11
330263406 500844534 500844534 866192519 866192519 51995176 330263406 330263406 866192519 330263406 866192519
33129205 0 1 14
330263406 330263406 51995176 500844534 330263406 51995176 51995176 330263406 51995176 500844534 51995176 51995176 866192519 866192519
761040215 0 1 1
51995176
619774112 0 0 10
51995176 330263406 500844534 500844534 51995176 500844534 330263406 866192519 51995176 866192519
72202818 0 0 3
51995176 51995176 866192519
899655998 1 0 13
330263406 866192519 51995176 330263406 500844534 51995176 51995176 500844534 51995176 51995176 51995176 866192519 866192519
555560088 0 0 14
330263406 866192519 330263406 51995176 500844534 330263406 866192519 330263406 866192519 330263406 51995176 866192519 51995176 51995176
33129205 0 0 14
330263406 330263406 51995176 500844534 330263406 51995176 51995176 330263406 51995176 500844534 51995176 51995176 866192519 866192519
943814333 0 0 3
500844534 51995176 51995176
78546357 1 0 7
866192519 51995176 866192519 866192519 330263406 51995176 51995176
567778936 0 0 4
51995176 51995176 866192519 866192519
761040215 0 0 1
51995176
510035953 0 0 6
866192519 866192519 866192519 866192519 866192519 866192519
885823493 1 0 9
51995176 500844534 51995176 500844534 330263406 330263406 866192519 330263406 866192519
780535193 0 0 7
330263406 500844534 330263406 51995176 330263406 866192519 500844534
604532364 1 0 3
330263406 866192519 51995176
565735226 0 0 12
500844534 51995176 51995176 51995176 866192519 866192519 51995176 500844534 866192519 51995176 51995176 330263406
401727505 0 0 5
330263406 330263406 51995176 51995176 330263406
862284992 0 0 2
500844534 500844534
482352498 0 0 10
330263406 866192519 500844534 51995176 51995176 51995176 330263406 866192519 330263406 500844534
327773814 1 0 10
330263406 51995176 866192519 330263406 866192519 330263406 51995176 866192519 330263406 330263406
625321375 1 0 2
500844534 330263406
168618518 1 0 4
51995176 866192519 866192519 51995176
14287694 1 0 13
330263406 500844534 500844534 866192519 51995176 51995176 866192519 51995176 500844534 330263406 51995176 51995176 500844534
