22
719490615 0 1 38
568799745 568799745 581384886 67343046 67343046 682207355 682207355 581384886 568799745 67343046 682207355 682207355 568799745 568799745 682207355 568799745 682207355 67343046 581384886 682207355 682207355 568799745 67343046 67343046 682207355 682207355 581384886 682207355 682207355 581384886 568799745 682207355 581384886 581384886 581384886 568799745 67343046 67343046
52551164 1 1 50
67343046 581384886 682207355 682207355 67343046 581384886 568799745 682207355 682207355 682207355 568799745 581384886 568799745 682207355 67343046 682207355 67343046 568799745 568799745 568799745 568799745 682207355 581384886 581384886 67343046 581384886 568799745 682207355 682207355 67343046 568799745 568799745 568799745 682207355 682207355 67343046 67343046 682207355 581384886 568799745 568799745 568799745 581384886 568799745 682207355 568799745 682207355 581384886 568799745 682207355
554934942 0 1 24
581384886 581384886 67343046 581384886 581384886 581384886 67343046 568799745 581384886 67343046 568799745 682207355 581384886 67343046 581384886 67343046 67343046 581384886 682207355 67343046 682207355 682207355 581384886 581384886
52551164 1 0 50
67343046 581384886 682207355 682207355 67343046 581384886 568799745 682207355 682207355 682207355 568799745 581384886 568799745 682207355 67343046 682207355 67343046 568799745 568799745 568799745 568799745 682207355 581384886 581384886 67343046 581384886 568799745 682207355 682207355 67343046 568799745 568799745 568799745 682207355 682207355 67343046 67343046 682207355 581384886 568799745 568799745 568799745 581384886 568799745 682207355 568799745 682207355 581384886 568799745 682207355
384370803 1 1 17
568799745 682207355 581384886 67343046 67343046 581384886 67343046 682207355 581384886 568799745 568799745 568799745 682207355 581384886 67343046 682207355 67343046
390933227 0 1 13
581384886 568799745 67343046 682207355 581384886 682207355 67343046 682207355 682207355 581384886 682207355 682207355 67343046
739773525 0 1 29
67343046 568799745 67343046 568799745 67343046 67343046 568799745 581384886 568799745 682207355 67343046 67343046 568799745 581384886 568799745 568799745 581384886 682207355 682207355 682207355 568799745 581384886 568799745 682207355 581384886 581384886 568799745 568799745 67343046
954766541 0 1 21
568799745 568799745 682207355 67343046 67343046 581384886 67343046 67343046 67343046 682207355 581384886 67343046 67343046 581384886 67343046 568799745 67343046 568799745 682207355 682207355 581384886
314871763 1 1 45
682207355 67343046 581384886 581384886 67343046 682207355 67343046 67343046 682207355 581384886 581384886 581384886 682207355 568799745 568799745 581384886 682207355 581384886 67343046 568799745 581384886 682207355 568799745 568799745 682207355 581384886 682207355 682207355 682207355 581384886 568799745 568799745 568799745 581384886 581384886 67343046 67343046 568799745 682207355 581384886 581384886 67343046 682207355 682207355 67343046
384370803 1 0 17
568799745 682207355 581384886 67343046 67343046 581384886 67343046 682207355 581384886 568799745 568799745 568799745 682207355 581384886 67343046 682207355 67343046
390933227 0 0 13
581384886 568799745 67343046 682207355 581384886 682207355 67343046 682207355 682207355 581384886 682207355 682207355 67343046
666149974 1 1 3
682207355 581384886 581384886
554934942 0 0 24
581384886 581384886 67343046 581384886 581384886 581384886 67343046 568799745 581384886 67343046 568799745 682207355 581384886 67343046 581384886 67343046 67343046 581384886 682207355 67343046 682207355 682207355 581384886 581384886
666149974 1 0 3
682207355 581384886 581384886
314871763 1 0 45
682207355 67343046 581384886 581384886 67343046 682207355 67343046 67343046 682207355 581384886 581384886 581384886 682207355 568799745 568799745 581384886 682207355 581384886 67343046 568799745 581384886 682207355 568799745 568799745 682207355 581384886 682207355 682207355 682207355 581384886 568799745 568799745 568799745 581384886 581384886 67343046 67343046 568799745 682207355 581384886 581384886 67343046 682207355 682207355 67343046
954766541 0 0 21
568799745 568799745 682207355 67343046 67343046 581384886 67343046 67343046 67343046 682207355 581384886 67343046 67343046 581384886 67343046 568799745 67343046 568799745 682207355 682207355 581384886
594300097 1 1 9
568799745 67343046 682207355 682207355 568799745 581384886 682207355 682207355 682207355
739773525 0 0 29
67343046 568799745 67343046 568799745 67343046 67343046 568799745 581384886 568799745 682207355 67343046 67343046 568799745 581384886 568799745 568799745 581384886 682207355 682207355 682207355 568799745 581384886 568799745 682207355 581384886 581384886 568799745 568799745 67343046
719490615 0 0 38
568799745 568799745 581384886 67343046 67343046 682207355 682207355 581384886 568799745 67343046 682207355 682207355 568799745 568799745 682207355 568799745 682207355 67343046 581384886 682207355 682207355 568799745 67343046 67343046 682207355 682207355 581384886 682207355 682207355 581384886 568799745 682207355 581384886 581384886 581384886 568799745 67343046 67343046
310282581 1 1 1
581384886
310282581 1 0 1
581384886
594300097 1 0 9
568799745 67343046 682207355 682207355 568799745 581384886 682207355 682207355 682207355
