252
170614423 0 1 3
144627070 135200670 265079759
795457294 1 1 2
462704083 265079759
905666971 1 1 1
144627070
170614423 0 0 3
144627070 135200670 265079759
486424653 0 1 3
135200670 135200670 73610411
71159888 1 1 2
462704083 265079759
815242195 1 1 2
144627070 73610411
486424653 0 0 3
135200670 135200670 73610411
815242195 1 0 2
144627070 73610411
360538904 1 1 2
73610411 144627070
986808166 1 1 1
73610411
945830197 0 1 3
135200670 144627070 462704083
653201078 0 1 3
265079759 135200670 462704083
472932640 1 1 2
135200670 265079759
617926821 1 1 3
265079759 265079759 73610411
136395889 0 1 1
144627070
339693295 1 1 3
135200670 73610411 144627070
986808166 1 0 1
73610411
61691951 1 1 1
462704083
471477508 0 1 3
144627070 462704083 265079759
628546853 0 1 2
144627070 73610411
71159888 1 0 2
462704083 265079759
100327922 1 1 3
73610411 73610411 462704083
941897636 1 1 2
144627070 73610411
887490748 0 1 1
462704083
147805836 1 1 3
462704083 73610411 265079759
314206638 0 1 3
73610411 265079759 144627070
745933233 0 1 1
462704083
930017961 0 1 2
462704083 73610411
136395889 0 0 1
144627070
471477508 0 0 3
144627070 462704083 265079759
73983789 0 1 2
265079759 462704083
100327922 1 0 3
73610411 73610411 462704083
950361971 0 1 2
265079759 73610411
856144723 0 1 1
265079759
191579900 0 1 1
462704083
265582405 0 1 2
265079759 73610411
771792 1 1 1
265079759
326780569 1 1 1
265079759
436196827 0 1 3
265079759 265079759 265079759
648745438 0 1 2
73610411 135200670
945830197 0 0 3
135200670 144627070 462704083
628546853 0 0 2
144627070 73610411
84963891 0 1 1
144627070
775137831 1 1 2
73610411 135200670
648745438 0 0 2
73610411 135200670
719905325 1 1 2
265079759 135200670
900206085 0 1 3
73610411 73610411 135200670
653201078 0 0 3
265079759 135200670 462704083
135676734 0 1 3
462704083 265079759 265079759
559229843 1 1 1
462704083
698552633 0 1 3
73610411 462704083 462704083
314206638 0 0 3
73610411 265079759 144627070
788877812 0 1 1
135200670
32162482 1 1 1
265079759
147805836 1 0 3
462704083 73610411 265079759
316479454 0 1 1
462704083
777790052 0 1 3
135200670 462704083 265079759
339693295 1 0 3
135200670 73610411 144627070
887490748 0 0 1
462704083
472932640 1 0 2
135200670 265079759
191579900 0 0 1
462704083
224372128 0 1 2
462704083 73610411
230687756 0 1 3
462704083 265079759 144627070
719905325 1 0 2
265079759 135200670
101783911 0 1 1
462704083
852918980 0 1 2
144627070 462704083
331015677 0 1 3
265079759 265079759 462704083
43681546 0 1 1
265079759
740409728 1 1 1
135200670
930017961 0 0 2
462704083 73610411
698552633 0 0 3
73610411 462704083 462704083
478821512 0 1 1
144627070
210404535 1 1 3
135200670 462704083 265079759
338859312 0 1 1
73610411
559229843 1 0 1
462704083
261355825 0 1 3
135200670 135200670 462704083
136904676 1 1 1
144627070
289221282 0 1 1
144627070
900206085 0 0 3
73610411 73610411 135200670
117500547 1 1 2
462704083 73610411
224372128 0 0 2
462704083 73610411
328484575 0 1 2
135200670 265079759
554803686 1 1 3
265079759 135200670 73610411
970788691 1 1 3
265079759 144627070 135200670
507781495 0 1 1
144627070
795457294 1 0 2
462704083 265079759
843516864 0 1 1
144627070
777790052 0 0 3
135200670 462704083 265079759
472050480 0 1 3
135200670 135200670 265079759
210404535 1 0 3
135200670 462704083 265079759
592745385 0 1 3
462704083 135200670 265079759
618654694 0 1 1
73610411
191955804 0 1 1
265079759
345467821 1 1 2
462704083 462704083
606847780 0 1 2
144627070 265079759
852918980 0 0 2
144627070 462704083
751185646 1 1 2
73610411 73610411
44020453 1 1 3
135200670 462704083 144627070
248241943 1 1 3
265079759 462704083 265079759
606847780 0 0 2
144627070 265079759
328484575 0 0 2
135200670 265079759
635864480 0 1 3
462704083 265079759 144627070
213016258 1 1 3
73610411 462704083 144627070
26031994 1 1 3
144627070 135200670 144627070
860236607 1 1 2
462704083 135200670
296220366 0 1 1
144627070
127815905 1 1 1
135200670
713155587 1 1 1
265079759
627236042 0 1 1
265079759
24013802 0 1 3
144627070 73610411 265079759
306081666 1 1 3
135200670 462704083 73610411
958573906 1 1 2
73610411 135200670
234418337 0 1 2
73610411 73610411
644940977 1 1 2
135200670 144627070
72446082 0 1 2
265079759 73610411
371323012 0 1 2
462704083 73610411
786678611 1 1 2
462704083 265079759
42462980 0 1 2
135200670 265079759
617926821 1 0 3
265079759 265079759 73610411
699807586 0 1 2
462704083 265079759
193998648 1 1 1
265079759
13251670 1 1 1
135200670
60105432 0 1 3
462704083 265079759 462704083
261355825 0 0 3
135200670 135200670 462704083
37515512 1 1 2
265079759 265079759
337818501 1 1 3
73610411 135200670 265079759
652850816 0 1 3
144627070 462704083 73610411
508686557 1 1 3
462704083 135200670 462704083
529774305 0 1 2
73610411 265079759
850834988 1 1 3
265079759 144627070 462704083
115534336 0 1 1
135200670
133476302 0 1 2
462704083 462704083
73983789 0 0 2
265079759 462704083
747371792 0 1 2
265079759 135200670
363776278 1 1 1
265079759
769340781 0 1 3
462704083 462704083 144627070
747371792 0 0 2
265079759 135200670
960388050 1 1 1
135200670
306081666 1 0 3
135200670 462704083 73610411
242324624 1 1 3
462704083 265079759 144627070
482093740 0 1 3
73610411 462704083 265079759
109124767 1 1 1
265079759
370140528 0 1 2
265079759 73610411
47765678 1 1 2
265079759 144627070
736360808 0 1 1
462704083
394154329 1 1 1
73610411
353847343 1 1 2
144627070 462704083
507781495 0 0 1
144627070
547451065 1 1 1
265079759
234418337 0 0 2
73610411 73610411
628572665 1 1 2
135200670 144627070
851304671 1 1 2
265079759 462704083
42462980 0 0 2
135200670 265079759
619897146 1 1 1
144627070
999895676 1 1 1
462704083
637983281 1 1 2
73610411 265079759
662360126 1 1 2
73610411 462704083
552219613 1 1 1
73610411
831981929 1 1 2
73610411 135200670
371323012 0 0 2
462704083 73610411
528128147 1 1 2
73610411 144627070
751185646 1 0 2
73610411 73610411
547451065 1 0 1
265079759
627236042 0 0 1
265079759
612325044 1 1 2
73610411 135200670
722013792 1 1 3
73610411 462704083 135200670
786678611 1 0 2
462704083 265079759
865946648 1 1 3
265079759 462704083 265079759
133476302 0 0 2
462704083 462704083
337818501 1 0 3
73610411 135200670 265079759
745933233 0 0 1
462704083
109124767 1 0 1
265079759
363776278 1 0 1
265079759
592745385 0 0 3
462704083 135200670 265079759
482093740 0 0 3
73610411 462704083 265079759
769340781 0 0 3
462704083 462704083 144627070
788877812 0 0 1
135200670
472050480 0 0 3
135200670 135200670 265079759
950361971 0 0 2
265079759 73610411
353847343 1 0 2
144627070 462704083
84963891 0 0 1
144627070
436196827 0 0 3
265079759 265079759 265079759
529774305 0 0 2
73610411 265079759
43681546 0 0 1
265079759
652850816 0 0 3
144627070 462704083 73610411
528128147 1 0 2
73610411 144627070
72446082 0 0 2
265079759 73610411
618654694 0 0 1
73610411
338859312 0 0 1
73610411
265582405 0 0 2
265079759 73610411
289221282 0 0 1
144627070
478821512 0 0 1
144627070
101783911 0 0 1
462704083
136904676 1 0 1
144627070
370140528 0 0 2
265079759 73610411
296220366 0 0 1
144627070
331015677 0 0 3
265079759 265079759 462704083
662360126 1 0 2
73610411 462704083
736360808 0 0 1
462704083
230687756 0 0 3
462704083 265079759 144627070
699807586 0 0 2
462704083 265079759
958573906 1 0 2
73610411 135200670
635864480 0 0 3
462704083 265079759 144627070
193998648 1 0 1
265079759
248241943 1 0 3
265079759 462704083 265079759
850834988 1 0 3
265079759 144627070 462704083
242324624 1 0 3
462704083 265079759 144627070
115534336 0 0 1
135200670
60105432 0 0 3
462704083 265079759 462704083
24013802 0 0 3
144627070 73610411 265079759
843516864 0 0 1
144627070
316479454 0 0 1
462704083
722013792 1 0 3
73610411 462704083 135200670
191955804 0 0 1
265079759
44020453 1 0 3
135200670 462704083 144627070
856144723 0 0 1
265079759
612325044 1 0 2
73610411 135200670
47765678 1 0 2
265079759 144627070
135676734 0 0 3
462704083 265079759 265079759
713155587 1 0 1
265079759
771792 1 0 1
265079759
831981929 1 0 2
73610411 135200670
999895676 1 0 1
462704083
941897636 1 0 2
144627070 73610411
32162482 1 0 1
265079759
905666971 1 0 1
144627070
326780569 1 0 1
265079759
644940977 1 0 2
135200670 144627070
552219613 1 0 1
73610411
865946648 1 0 3
265079759 462704083 265079759
360538904 1 0 2
73610411 144627070
394154329 1 0 1
73610411
345467821 1 0 2
462704083 462704083
637983281 1 0 2
73610411 265079759
970788691 1 0 3
265079759 144627070 135200670
26031994 1 0 3
144627070 135200670 144627070
554803686 1 0 3
265079759 135200670 73610411
213016258 1 0 3
73610411 462704083 144627070
37515512 1 0 2
265079759 265079759
775137831 1 0 2
73610411 135200670
117500547 1 0 2
462704083 73610411
508686557 1 0 3
462704083 135200670 462704083
61691951 1 0 1
462704083
127815905 1 0 1
135200670
860236607 1 0 2
462704083 135200670
960388050 1 0 1
135200670
628572665 1 0 2
135200670 144627070
619897146 1 0 1
144627070
13251670 1 0 1
135200670
740409728 1 0 1
135200670
851304671 1 0 2
265079759 462704083
