170
413719536 1 1 1
168268929
427683870 1 1 4
909289546 796370939 866586214 168268929
124196938 0 1 3
796370939 796370939 866586214
541200628 0 1 4
168268929 91785315 91785315 796370939
411660824 1 1 1
796370939
818517795 1 1 2
909289546 91785315
124196938 0 0 3
796370939 796370939 866586214
964415027 1 1 5
866586214 866586214 866586214 168268929 91785315
11427140 1 1 4
91785315 91785315 796370939 168268929
613811142 0 1 3
168268929 91785315 866586214
618164342 1 1 5
909289546 91785315 91785315 866586214 168268929
39017 1 1 1
909289546
618164342 1 0 5
909289546 91785315 91785315 866586214 168268929
209258959 0 1 4
91785315 909289546 866586214 796370939
47475461 1 1 5
866586214 866586214 866586214 168268929 168268929
916703014 1 1 1
866586214
294751398 0 1 5
168268929 909289546 168268929 866586214 796370939
47475461 1 0 5
866586214 866586214 866586214 168268929 168268929
796203061 1 1 4
91785315 91785315 168268929 168268929
70324646 0 1 3
796370939 866586214 91785315
490314382 0 1 3
168268929 866586214 168268929
118440012 0 1 4
909289546 168268929 909289546 909289546
455531078 0 1 3
866586214 91785315 168268929
209258959 0 0 4
91785315 909289546 866586214 796370939
994460402 1 1 3
91785315 909289546 91785315
643616940 1 1 3
909289546 796370939 796370939
865135394 1 1 2
909289546 866586214
381758419 0 1 5
866586214 91785315 168268929 91785315 909289546
796203061 1 0 4
91785315 91785315 168268929 168268929
402297614 0 1 3
909289546 866586214 91785315
716644101 0 1 5
91785315 866586214 796370939 866586214 796370939
143564316 0 1 1
796370939
494082928 1 1 2
909289546 91785315
365531392 0 1 1
796370939
862666881 1 1 4
909289546 909289546 168268929 796370939
514868209 1 1 1
866586214
411660824 1 0 1
796370939
779250927 1 1 2
168268929 168268929
365531392 0 0 1
796370939
290350751 0 1 3
909289546 866586214 91785315
639065146 0 1 2
168268929 796370939
613811142 0 0 3
168268929 91785315 866586214
172967906 1 1 5
796370939 866586214 168268929 168268929 909289546
702011574 1 1 4
168268929 91785315 909289546 796370939
310099292 0 1 3
168268929 866586214 866586214
137382932 0 1 3
91785315 796370939 91785315
413719536 1 0 1
168268929
290350751 0 0 3
909289546 866586214 91785315
565955066 1 1 3
168268929 866586214 796370939
776426786 0 1 3
91785315 866586214 796370939
608063625 0 1 1
866586214
565994082 0 1 2
796370939 796370939
643616940 1 0 3
909289546 796370939 796370939
985685744 1 1 1
91785315
508055437 1 1 4
796370939 168268929 909289546 168268929
427683870 1 0 4
909289546 796370939 866586214 168268929
335213447 1 1 5
91785315 91785315 91785315 168268929 91785315
132953493 0 1 3
796370939 796370939 168268929
156774850 1 1 1
91785315
258054444 0 1 5
909289546 91785315 796370939 866586214 796370939
623267875 1 1 2
866586214 909289546
127731213 0 1 2
91785315 91785315
566101874 0 1 5
168268929 909289546 91785315 866586214 168268929
617728276 0 1 3
91785315 91785315 909289546
771348152 0 1 3
909289546 866586214 909289546
431237267 1 1 3
796370939 866586214 168268929
852003046 1 1 1
91785315
26162117 0 1 4
909289546 91785315 909289546 168268929
335213447 1 0 5
91785315 91785315 91785315 168268929 91785315
397720 0 1 3
909289546 866586214 91785315
995567361 1 1 4
91785315 866586214 168268929 909289546
372761397 0 1 4
796370939 168268929 91785315 866586214
639065146 0 0 2
168268929 796370939
365929111 1 1 2
91785315 91785315
710750594 0 1 3
909289546 168268929 796370939
887629605 1 1 1
91785315
145180037 0 1 3
91785315 909289546 866586214
490314382 0 0 3
168268929 866586214 168268929
1101344 0 1 3
796370939 91785315 91785315
964415027 1 0 5
866586214 866586214 866586214 168268929 91785315
379211102 0 1 2
909289546 168268929
318147942 0 1 1
909289546
555629269 1 1 1
91785315
689310393 1 1 2
796370939 91785315
308047225 1 1 1
168268929
974100686 0 1 2
168268929 909289546
318253530 1 1 5
909289546 866586214 796370939 796370939 91785315
768627201 1 1 4
168268929 909289546 866586214 91785315
392611119 0 1 5
91785315 91785315 866586214 796370939 796370939
156455626 0 1 4
168268929 91785315 909289546 909289546
129198990 0 1 5
796370939 909289546 168268929 909289546 168268929
727824566 0 1 1
91785315
392611119 0 0 5
91785315 91785315 866586214 796370939 796370939
431237267 1 0 3
796370939 866586214 168268929
289409118 1 1 3
909289546 168268929 91785315
285973839 1 1 1
796370939
838395361 1 1 4
796370939 796370939 168268929 909289546
397720 0 0 3
909289546 866586214 91785315
137382932 0 0 3
91785315 796370939 91785315
156455626 0 0 4
168268929 91785315 909289546 909289546
912676992 1 1 3
909289546 796370939 168268929
379211102 0 0 2
909289546 168268929
266221403 1 1 5
866586214 91785315 168268929 909289546 866586214
608063625 0 0 1
866586214
289409118 1 0 3
909289546 168268929 91785315
566101874 0 0 5
168268929 909289546 91785315 866586214 168268929
776426786 0 0 3
91785315 866586214 796370939
132953493 0 0 3
796370939 796370939 168268929
404497234 1 1 4
909289546 91785315 796370939 168268929
382921619 1 1 3
909289546 909289546 909289546
1101344 0 0 3
796370939 91785315 91785315
771348152 0 0 3
909289546 866586214 909289546
39017 1 0 1
909289546
974100686 0 0 2
168268929 909289546
716644101 0 0 5
91785315 866586214 796370939 866586214 796370939
37569554 1 1 2
91785315 796370939
688250853 1 1 1
91785315
623267875 1 0 2
866586214 909289546
402297614 0 0 3
909289546 866586214 91785315
318147942 0 0 1
909289546
258054444 0 0 5
909289546 91785315 796370939 866586214 796370939
127731213 0 0 2
91785315 91785315
145180037 0 0 3
91785315 909289546 866586214
541200628 0 0 4
168268929 91785315 91785315 796370939
768627201 1 0 4
168268929 909289546 866586214 91785315
143564316 0 0 1
796370939
862666881 1 0 4
909289546 909289546 168268929 796370939
381758419 0 0 5
866586214 91785315 168268929 91785315 909289546
294751398 0 0 5
168268929 909289546 168268929 866586214 796370939
26162117 0 0 4
909289546 91785315 909289546 168268929
318253530 1 0 5
909289546 866586214 796370939 796370939 91785315
129198990 0 0 5
796370939 909289546 168268929 909289546 168268929
70324646 0 0 3
796370939 866586214 91785315
702011574 1 0 4
168268929 91785315 909289546 796370939
372761397 0 0 4
796370939 168268929 91785315 866586214
11427140 1 0 4
91785315 91785315 796370939 168268929
118440012 0 0 4
909289546 168268929 909289546 909289546
710750594 0 0 3
909289546 168268929 796370939
310099292 0 0 3
168268929 866586214 866586214
852003046 1 0 1
91785315
727824566 0 0 1
91785315
494082928 1 0 2
909289546 91785315
156774850 1 0 1
91785315
565994082 0 0 2
796370939 796370939
994460402 1 0 3
91785315 909289546 91785315
617728276 0 0 3
91785315 91785315 909289546
779250927 1 0 2
168268929 168268929
985685744 1 0 1
91785315
37569554 1 0 2
91785315 796370939
818517795 1 0 2
909289546 91785315
455531078 0 0 3
866586214 91785315 168268929
382921619 1 0 3
909289546 909289546 909289546
266221403 1 0 5
866586214 91785315 168268929 909289546 866586214
508055437 1 0 4
796370939 168268929 909289546 168268929
514868209 1 0 1
866586214
689310393 1 0 2
796370939 91785315
172967906 1 0 5
796370939 866586214 168268929 168268929 909289546
865135394 1 0 2
909289546 866586214
912676992 1 0 3
909289546 796370939 168268929
838395361 1 0 4
796370939 796370939 168268929 909289546
916703014 1 0 1
866586214
308047225 1 0 1
168268929
688250853 1 0 1
91785315
285973839 1 0 1
796370939
404497234 1 0 4
909289546 91785315 796370939 168268929
887629605 1 0 1
91785315
555629269 1 0 1
91785315
565955066 1 0 3
168268929 866586214 796370939
995567361 1 0 4
91785315 866586214 168268929 909289546
365929111 1 0 2
91785315 91785315
