100
74992357 0 1 1
239408919
74992357 0 0 1
239408919
892937299 0 1 9
930498810 401259732 401259732 299122956 718170357 299122956 930498810 930498810 930498810
560126673 1 1 1
299122956
128837278 1 1 8
930498810 239408919 930498810 718170357 930498810 239408919 718170357 930498810
719213146 0 1 1
239408919
596557583 0 1 7
401259732 718170357 239408919 239408919 718170357 930498810 239408919
69669477 1 1 8
930498810 239408919 239408919 239408919 239408919 718170357 401259732 930498810
560126673 1 0 1
299122956
128837278 1 0 8
930498810 239408919 930498810 718170357 930498810 239408919 718170357 930498810
871078369 1 1 3
718170357 718170357 239408919
713792517 0 1 4
401259732 299122956 718170357 930498810
35098421 0 1 3
239408919 239408919 718170357
139620950 1 1 1
239408919
861015374 1 1 1
718170357
738738265 1 1 6
401259732 299122956 401259732 930498810 239408919 930498810
955357653 1 1 2
930498810 718170357
757867105 1 1 7
718170357 718170357 239408919 239408919 239408919 718170357 299122956
629070422 0 1 3
401259732 930498810 930498810
574921581 1 1 8
718170357 401259732 239408919 930498810 239408919 401259732 239408919 718170357
574921581 1 0 8
718170357 401259732 239408919 930498810 239408919 401259732 239408919 718170357
778790711 1 1 9
930498810 299122956 239408919 401259732 401259732 239408919 930498810 718170357 930498810
220297672 0 1 10
239408919 239408919 930498810 299122956 299122956 930498810 718170357 930498810 718170357 239408919
876901896 0 1 4
718170357 930498810 718170357 239408919
83925780 1 1 4
930498810 299122956 401259732 299122956
596557583 0 0 7
401259732 718170357 239408919 239408919 718170357 930498810 239408919
163815453 1 1 7
299122956 299122956 930498810 718170357 930498810 401259732 299122956
892937299 0 0 9
930498810 401259732 401259732 299122956 718170357 299122956 930498810 930498810 930498810
876901896 0 0 4
718170357 930498810 718170357 239408919
629070422 0 0 3
401259732 930498810 930498810
889864396 1 1 9
239408919 718170357 930498810 299122956 930498810 718170357 401259732 239408919 930498810
323586421 0 1 6
718170357 930498810 299122956 718170357 718170357 299122956
526057734 0 1 6
401259732 239408919 930498810 930498810 239408919 299122956
563678386 1 1 9
930498810 299122956 239408919 930498810 930498810 930498810 930498810 299122956 239408919
713792517 0 0 4
401259732 299122956 718170357 930498810
163815453 1 0 7
299122956 299122956 930498810 718170357 930498810 401259732 299122956
894273129 0 1 6
239408919 299122956 930498810 718170357 239408919 401259732
69669477 1 0 8
930498810 239408919 239408919 239408919 239408919 718170357 401259732 930498810
825180689 1 1 1
401259732
817454469 0 1 3
401259732 401259732 401259732
133682048 0 1 8
930498810 930498810 718170357 930498810 930498810 718170357 239408919 299122956
608195851 1 1 10
718170357 718170357 401259732 930498810 401259732 930498810 299122956 239408919 930498810 299122956
892446826 0 1 5
718170357 299122956 299122956 930498810 401259732
879135698 0 1 2
401259732 299122956
168322523 1 1 7
239408919 401259732 930498810 299122956 299122956 930498810 930498810
21284103 0 1 7
401259732 299122956 299122956 299122956 930498810 930498810 299122956
450865196 0 1 3
299122956 299122956 299122956
764880105 1 1 10
401259732 239408919 401259732 718170357 930498810 718170357 718170357 299122956 239408919 239408919
943469931 0 1 10
239408919 718170357 239408919 930498810 401259732 718170357 299122956 299122956 299122956 299122956
174459916 1 1 1
401259732
817454469 0 0 3
401259732 401259732 401259732
331188973 1 1 10
718170357 299122956 718170357 401259732 299122956 299122956 239408919 930498810 930498810 718170357
831084703 1 1 1
930498810
314080865 0 1 7
930498810 239408919 401259732 299122956 930498810 718170357 299122956
738738265 1 0 6
401259732 299122956 401259732 930498810 239408919 930498810
44720698 0 1 4
299122956 239408919 930498810 299122956
422339320 0 1 1
718170357
943469931 0 0 10
239408919 718170357 239408919 930498810 401259732 718170357 299122956 299122956 299122956 299122956
121954869 1 1 2
930498810 930498810
802587803 0 1 7
299122956 718170357 401259732 401259732 718170357 718170357 718170357
51409741 0 1 2
299122956 718170357
696876449 0 1 3
930498810 930498810 299122956
608195851 1 0 10
718170357 718170357 401259732 930498810 401259732 930498810 299122956 239408919 930498810 299122956
889864396 1 0 9
239408919 718170357 930498810 299122956 930498810 718170357 401259732 239408919 930498810
433894865 0 1 2
401259732 299122956
124223764 0 1 1
930498810
802587803 0 0 7
299122956 718170357 401259732 401259732 718170357 718170357 718170357
894273129 0 0 6
239408919 299122956 930498810 718170357 239408919 401259732
778790711 1 0 9
930498810 299122956 239408919 401259732 401259732 239408919 930498810 718170357 930498810
44720698 0 0 4
299122956 239408919 930498810 299122956
121954869 1 0 2
930498810 930498810
879135698 0 0 2
401259732 299122956
220297672 0 0 10
239408919 239408919 930498810 299122956 299122956 930498810 718170357 930498810 718170357 239408919
892446826 0 0 5
718170357 299122956 299122956 930498810 401259732
831084703 1 0 1
930498810
168322523 1 0 7
239408919 401259732 930498810 299122956 299122956 930498810 930498810
764880105 1 0 10
401259732 239408919 401259732 718170357 930498810 718170357 718170357 299122956 239408919 239408919
21284103 0 0 7
401259732 299122956 299122956 299122956 930498810 930498810 299122956
331188973 1 0 10
718170357 299122956 718170357 401259732 299122956 299122956 239408919 930498810 930498810 718170357
83925780 1 0 4
930498810 299122956 401259732 299122956
133682048 0 0 8
930498810 930498810 718170357 930498810 930498810 718170357 239408919 299122956
174459916 1 0 1
401259732
719213146 0 0 1
239408919
124223764 0 0 1
930498810
450865196 0 0 3
299122956 299122956 299122956
139620950 1 0 1
239408919
825180689 1 0 1
401259732
51409741 0 0 2
299122956 718170357
871078369 1 0 3
718170357 718170357 239408919
422339320 0 0 1
718170357
696876449 0 0 3
930498810 930498810 299122956
323586421 0 0 6
718170357 930498810 299122956 718170357 718170357 299122956
861015374 1 0 1
718170357
314080865 0 0 7
930498810 239408919 401259732 299122956 930498810 718170357 299122956
563678386 1 0 9
930498810 299122956 239408919 930498810 930498810 930498810 930498810 299122956 239408919
757867105 1 0 7
718170357 718170357 239408919 239408919 239408919 718170357 299122956
955357653 1 0 2
930498810 718170357
35098421 0 0 3
239408919 239408919 718170357
526057734 0 0 6
401259732 239408919 930498810 930498810 239408919 299122956
433894865 0 0 2
401259732 299122956
