72
680822237 1 1 3
749440317 729957121 263763967
477632404 0 1 2
43556311 43556311
680822237 1 0 3
749440317 729957121 263763967
620173888 0 1 2
749440317 181716243
401633523 1 1 14
749440317 729957121 263763967 181716243 729957121 729957121 729957121 263763967 749440317 729957121 729957121 263763967 181716243 749440317
762930205 0 1 2
729957121 263763967
632614356 0 1 2
749440317 43556311
237622242 1 1 12
749440317 729957121 43556311 749440317 749440317 729957121 43556311 263763967 749440317 43556311 263763967 181716243
387349719 1 1 13
263763967 263763967 749440317 43556311 729957121 181716243 263763967 263763967 263763967 43556311 749440317 749440317 749440317
365654683 0 1 8
43556311 729957121 43556311 729957121 181716243 263763967 43556311 181716243
477632404 0 0 2
43556311 43556311
401633523 1 0 14
749440317 729957121 263763967 181716243 729957121 729957121 729957121 263763967 749440317 729957121 729957121 263763967 181716243 749440317
237622242 1 0 12
749440317 729957121 43556311 749440317 749440317 729957121 43556311 263763967 749440317 43556311 263763967 181716243
463850585 0 1 6
43556311 729957121 263763967 181716243 43556311 181716243
632614356 0 0 2
749440317 43556311
240972670 1 1 7
749440317 263763967 43556311 749440317 263763967 181716243 43556311
644396729 1 1 15
729957121 263763967 263763967 263763967 43556311 43556311 263763967 263763967 729957121 263763967 181716243 263763967 181716243 749440317 181716243
578796701 0 1 15
729957121 729957121 43556311 749440317 729957121 181716243 43556311 749440317 181716243 263763967 43556311 263763967 749440317 263763967 43556311
402567979 0 1 10
749440317 263763967 43556311 749440317 263763967 749440317 749440317 43556311 181716243 729957121
387349719 1 0 13
263763967 263763967 749440317 43556311 729957121 181716243 263763967 263763967 263763967 43556311 749440317 749440317 749440317
885867406 0 1 2
263763967 43556311
159276142 1 1 14
43556311 263763967 263763967 181716243 749440317 729957121 749440317 263763967 729957121 729957121 729957121 729957121 263763967 181716243
16529541 1 1 1
749440317
411238368 1 1 11
729957121 43556311 749440317 263763967 181716243 749440317 729957121 43556311 749440317 729957121 181716243
16529541 1 0 1
749440317
402567979 0 0 10
749440317 263763967 43556311 749440317 263763967 749440317 749440317 43556311 181716243 729957121
405054396 1 1 5
263763967 263763967 749440317 749440317 749440317
311135199 1 1 10
181716243 43556311 181716243 43556311 749440317 43556311 729957121 43556311 181716243 729957121
74681815 1 1 7
263763967 749440317 43556311 729957121 749440317 729957121 43556311
437471324 0 1 2
43556311 729957121
754042129 1 1 10
181716243 749440317 749440317 263763967 729957121 43556311 729957121 43556311 263763967 729957121
405054396 1 0 5
263763967 263763967 749440317 749440317 749440317
120667754 1 1 2
749440317 43556311
532989511 0 1 6
263763967 43556311 43556311 729957121 263763967 749440317
718716362 1 1 1
43556311
384431720 0 1 6
181716243 749440317 729957121 43556311 263763967 729957121
74681815 1 0 7
263763967 749440317 43556311 729957121 749440317 729957121 43556311
754042129 1 0 10
181716243 749440317 749440317 263763967 729957121 43556311 729957121 43556311 263763967 729957121
240972670 1 0 7
749440317 263763967 43556311 749440317 263763967 181716243 43556311
159276142 1 0 14
43556311 263763967 263763967 181716243 749440317 729957121 749440317 263763967 729957121 729957121 729957121 729957121 263763967 181716243
134946179 0 1 3
43556311 749440317 729957121
644396729 1 0 15
729957121 263763967 263763967 263763967 43556311 43556311 263763967 263763967 729957121 263763967 181716243 263763967 181716243 749440317 181716243
311135199 1 0 10
181716243 43556311 181716243 43556311 749440317 43556311 729957121 43556311 181716243 729957121
762272672 0 1 7
729957121 749440317 43556311 729957121 749440317 43556311 43556311
966905193 0 1 11
749440317 181716243 181716243 263763967 749440317 729957121 263763967 749440317 263763967 43556311 43556311
316662422 0 1 4
749440317 263763967 43556311 749440317
295611260 0 1 13
749440317 729957121 181716243 749440317 181716243 729957121 181716243 43556311 263763967 749440317 181716243 263763967 263763967
297053948 0 1 9
181716243 181716243 749440317 181716243 181716243 43556311 181716243 43556311 263763967
789352661 0 1 9
729957121 729957121 263763967 749440317 729957121 43556311 729957121 181716243 43556311
411238368 1 0 11
729957121 43556311 749440317 263763967 181716243 749440317 729957121 43556311 749440317 729957121 181716243
718716362 1 0 1
43556311
120667754 1 0 2
749440317 43556311
697244782 0 1 5
729957121 43556311 729957121 43556311 749440317
437471324 0 0 2
43556311 729957121
59984152 0 1 1
181716243
697244782 0 0 5
729957121 43556311 729957121 43556311 749440317
789352661 0 0 9
729957121 729957121 263763967 749440317 729957121 43556311 729957121 181716243 43556311
295611260 0 0 13
749440317 729957121 181716243 749440317 181716243 729957121 181716243 43556311 263763967 749440317 181716243 263763967 263763967
885867406 0 0 2
263763967 43556311
316662422 0 0 4
749440317 263763967 43556311 749440317
384431720 0 0 6
181716243 749440317 729957121 43556311 263763967 729957121
365654683 0 0 8
43556311 729957121 43556311 729957121 181716243 263763967 43556311 181716243
59984152 0 0 1
181716243
134946179 0 0 3
43556311 749440317 729957121
762930205 0 0 2
729957121 263763967
578796701 0 0 15
729957121 729957121 43556311 749440317 729957121 181716243 43556311 749440317 181716243 263763967 43556311 263763967 749440317 263763967 43556311
463850585 0 0 6
43556311 729957121 263763967 181716243 43556311 181716243
620173888 0 0 2
749440317 181716243
297053948 0 0 9
181716243 181716243 749440317 181716243 181716243 43556311 181716243 43556311 263763967
532989511 0 0 6
263763967 43556311 43556311 729957121 263763967 749440317
762272672 0 0 7
729957121 749440317 43556311 729957121 749440317 43556311 43556311
966905193 0 0 11
749440317 181716243 181716243 263763967 749440317 729957121 263763967 749440317 263763967 43556311 43556311
