24
160700763 1 1 39
23300486 133604890 89272017 89272017 23300486 133604890 369006584 2463903 2463903 133604890 23300486 133604890 89272017 369006584 89272017 133604890 369006584 23300486 89272017 2463903 89272017 369006584 89272017 369006584 133604890 369006584 23300486 369006584 23300486 89272017 23300486 369006584 369006584 369006584 133604890 2463903 2463903 133604890 2463903
828554130 1 1 25
369006584 23300486 2463903 2463903 2463903 369006584 133604890 23300486 369006584 369006584 2463903 133604890 23300486 369006584 23300486 369006584 89272017 369006584 2463903 369006584 23300486 2463903 133604890 2463903 2463903
368056724 0 1 19
369006584 2463903 2463903 23300486 23300486 2463903 133604890 89272017 23300486 369006584 369006584 89272017 369006584 369006584 369006584 89272017 89272017 2463903 89272017
6717827 1 1 10
133604890 133604890 2463903 23300486 133604890 89272017 369006584 23300486 2463903 369006584
466375379 1 1 31
133604890 369006584 133604890 369006584 23300486 23300486 369006584 369006584 89272017 23300486 23300486 89272017 369006584 133604890 23300486 23300486 369006584 23300486 89272017 2463903 133604890 133604890 133604890 369006584 23300486 369006584 133604890 369006584 23300486 2463903 89272017
607469418 0 1 88
2463903 23300486 23300486 23300486 369006584 89272017 369006584 23300486 133604890 133604890 2463903 89272017 89272017 369006584 369006584 133604890 369006584 23300486 89272017 89272017 2463903 23300486 2463903 369006584 89272017 133604890 369006584 133604890 89272017 23300486 2463903 23300486 2463903 23300486 2463903 2463903 369006584 2463903 23300486 133604890 133604890 23300486 23300486 2463903 2463903 89272017 133604890 369006584 23300486 133604890 89272017 133604890 2463903 23300486 23300486 23300486 133604890 23300486 2463903 2463903 369006584 89272017 23300486 133604890 23300486 89272017 133604890 89272017 89272017 133604890 23300486 133604890 89272017 2463903 133604890 89272017 89272017 2463903 369006584 369006584 369006584 89272017 23300486 369006584 89272017 369006584 23300486 2463903
887642678 0 1 8
2463903 23300486 133604890 133604890 369006584 369006584 369006584 89272017
74743835 1 1 9
89272017 2463903 369006584 2463903 2463903 369006584 89272017 369006584 133604890
558101709 1 1 9
2463903 23300486 133604890 133604890 23300486 369006584 369006584 23300486 23300486
275026226 1 1 2
23300486 133604890
6717827 1 0 10
133604890 133604890 2463903 23300486 133604890 89272017 369006584 23300486 2463903 369006584
275026226 1 0 2
23300486 133604890
828554130 1 0 25
369006584 23300486 2463903 2463903 2463903 369006584 133604890 23300486 369006584 369006584 2463903 133604890 23300486 369006584 23300486 369006584 89272017 369006584 2463903 369006584 23300486 2463903 133604890 2463903 2463903
558101709 1 0 9
2463903 23300486 133604890 133604890 23300486 369006584 369006584 23300486 23300486
754895192 0 1 2
133604890 2463903
466375379 1 0 31
133604890 369006584 133604890 369006584 23300486 23300486 369006584 369006584 89272017 23300486 23300486 89272017 369006584 133604890 23300486 23300486 369006584 23300486 89272017 2463903 133604890 133604890 133604890 369006584 23300486 369006584 133604890 369006584 23300486 2463903 89272017
160700763 1 0 39
23300486 133604890 89272017 89272017 23300486 133604890 369006584 2463903 2463903 133604890 23300486 133604890 89272017 369006584 89272017 133604890 369006584 23300486 89272017 2463903 89272017 369006584 89272017 369006584 133604890 369006584 23300486 369006584 23300486 89272017 23300486 369006584 369006584 369006584 133604890 2463903 2463903 133604890 2463903
703846126 0 1 8
89272017 89272017 369006584 369006584 2463903 23300486 23300486 89272017
74743835 1 0 9
89272017 2463903 369006584 2463903 2463903 369006584 89272017 369006584 133604890
607469418 0 0 88
2463903 23300486 23300486 23300486 369006584 89272017 369006584 23300486 133604890 133604890 2463903 89272017 89272017 369006584 369006584 133604890 369006584 23300486 89272017 89272017 2463903 23300486 2463903 369006584 89272017 133604890 369006584 133604890 89272017 23300486 2463903 23300486 2463903 23300486 2463903 2463903 369006584 2463903 23300486 133604890 133604890 23300486 23300486 2463903 2463903 89272017 133604890 369006584 23300486 133604890 89272017 133604890 2463903 23300486 23300486 23300486 133604890 23300486 2463903 2463903 369006584 89272017 23300486 133604890 23300486 89272017 133604890 89272017 89272017 133604890 23300486 133604890 89272017 2463903 133604890 89272017 89272017 2463903 369006584 369006584 369006584 89272017 23300486 369006584 89272017 369006584 23300486 2463903
703846126 0 0 8
89272017 89272017 369006584 369006584 2463903 23300486 23300486 89272017
368056724 0 0 19
369006584 2463903 2463903 23300486 23300486 2463903 133604890 89272017 23300486 369006584 369006584 89272017 369006584 369006584 369006584 89272017 89272017 2463903 89272017
754895192 0 0 2
133604890 2463903
887642678 0 0 8
2463903 23300486 133604890 133604890 369006584 369006584 369006584 89272017
