252
23479080 1 1 2
58645620 800997323
862049751 1 1 1
571216954
272335924 0 1 1
349119577
463585118 0 1 3
58645620 92231796 571216954
23479080 1 0 2
58645620 800997323
931685405 0 1 2
571216954 58645620
11122096 1 1 1
387044278
507516710 0 1 2
387044278 349119577
149410335 0 1 3
800997323 58645620 349119577
59378019 1 1 2
92231796 387044278
847529115 1 1 1
800997323
210994773 1 1 2
92231796 92231796
272335924 0 0 1
349119577
862049751 1 0 1
571216954
59378019 1 0 2
92231796 387044278
380705530 0 1 3
571216954 349119577 387044278
11122096 1 0 1
387044278
639190199 1 1 1
349119577
209026203 0 1 1
58645620
799202015 1 1 1
800997323
639190199 1 0 1
349119577
769369558 0 1 1
571216954
81895984 0 1 2
800997323 349119577
380705530 0 0 3
571216954 349119577 387044278
12331000 1 1 3
800997323 58645620 800997323
673897688 1 1 1
571216954
209664006 1 1 3
387044278 92231796 387044278
507516710 0 0 2
387044278 349119577
181696629 0 1 1
800997323
149410335 0 0 3
800997323 58645620 349119577
522172121 0 1 3
92231796 800997323 800997323
789832572 1 1 2
800997323 92231796
621175398 0 1 1
800997323
602341180 1 1 2
800997323 800997323
213565878 1 1 2
58645620 349119577
532337369 1 1 2
58645620 800997323
951460756 1 1 1
571216954
453126507 1 1 2
800997323 800997323
333334691 1 1 3
387044278 58645620 571216954
896208904 0 1 3
800997323 571216954 349119577
329121939 1 1 1
92231796
47900793 0 1 1
571216954
769369558 0 0 1
571216954
621175398 0 0 1
800997323
21061179 1 1 1
387044278
792707056 0 1 1
571216954
979586198 1 1 1
92231796
32183274 1 1 1
571216954
300223765 0 1 3
58645620 58645620 387044278
981512884 0 1 1
92231796
91561293 0 1 2
92231796 571216954
602341180 1 0 2
800997323 800997323
269231 0 1 2
571216954 800997323
329121939 1 0 1
92231796
45024008 0 1 3
387044278 571216954 571216954
324783174 1 1 3
387044278 800997323 571216954
491975781 0 1 3
349119577 800997323 92231796
254050210 1 1 1
571216954
123985188 1 1 2
58645620 571216954
261345338 0 1 2
800997323 349119577
188462546 0 1 3
349119577 92231796 92231796
136316188 1 1 3
58645620 571216954 800997323
935243025 1 1 2
92231796 800997323
300223765 0 0 3
58645620 58645620 387044278
324783174 1 0 3
387044278 800997323 571216954
398126551 1 1 1
58645620
170529168 0 1 1
349119577
309931498 1 1 1
387044278
40475475 0 1 2
92231796 92231796
791704565 0 1 2
58645620 92231796
912272677 0 1 2
58645620 92231796
254041352 0 1 3
58645620 92231796 387044278
188462546 0 0 3
349119577 92231796 92231796
176558285 1 1 1
800997323
209026203 0 0 1
58645620
716249784 0 1 1
58645620
707167858 1 1 2
92231796 387044278
509892975 0 1 1
387044278
612458687 0 1 2
349119577 92231796
36289796 0 1 1
58645620
557793767 1 1 3
387044278 800997323 58645620
633519866 1 1 1
92231796
181696629 0 0 1
800997323
36289796 0 0 1
58645620
681513203 1 1 2
349119577 349119577
633519866 1 0 1
92231796
389896316 0 1 3
92231796 387044278 92231796
612458687 0 0 2
349119577 92231796
518219491 0 1 3
58645620 349119577 349119577
509892975 0 0 1
387044278
47900793 0 0 1
571216954
981736967 0 1 3
800997323 387044278 800997323
223925551 1 1 3
387044278 800997323 58645620
462297135 0 1 2
92231796 92231796
834522550 0 1 1
571216954
268949559 1 1 3
571216954 571216954 349119577
787080309 1 1 3
571216954 349119577 387044278
326498330 0 1 1
800997323
834522550 0 0 1
571216954
522999768 1 1 3
387044278 800997323 58645620
763581848 0 1 3
387044278 349119577 92231796
440360020 0 1 1
800997323
522999768 1 0 3
387044278 800997323 58645620
711462313 0 1 1
800997323
752414387 1 1 1
800997323
228119396 0 1 3
571216954 800997323 92231796
951460756 1 0 1
571216954
109588864 0 1 2
92231796 571216954
922943554 0 1 3
387044278 387044278 387044278
12331000 1 0 3
800997323 58645620 800997323
538050893 1 1 2
58645620 349119577
150064338 0 1 1
800997323
81895984 0 0 2
800997323 349119577
567164470 1 1 3
571216954 571216954 92231796
450323569 0 1 2
349119577 349119577
256622041 1 1 2
349119577 92231796
743722754 1 1 1
571216954
19089705 0 1 3
387044278 571216954 349119577
963789898 1 1 2
349119577 571216954
106132080 0 1 1
571216954
631548391 1 1 2
571216954 92231796
852596046 1 1 2
571216954 571216954
516442199 1 1 2
349119577 387044278
117584608 1 1 3
92231796 800997323 571216954
386625600 1 1 3
571216954 571216954 387044278
906338514 0 1 2
58645620 349119577
635804099 1 1 3
800997323 800997323 387044278
220878919 1 1 1
800997323
130264065 0 1 2
800997323 571216954
309931498 1 0 1
387044278
752414387 1 0 1
800997323
98101233 1 1 1
92231796
55401468 1 1 2
571216954 92231796
251729975 0 1 3
387044278 349119577 92231796
737697893 0 1 3
92231796 92231796 571216954
234416149 0 1 2
58645620 387044278
774729742 0 1 2
387044278 58645620
501279741 1 1 3
571216954 387044278 58645620
674776168 0 1 2
92231796 58645620
486192055 0 1 2
92231796 800997323
106210479 0 1 1
58645620
486192055 0 0 2
92231796 800997323
902895564 0 1 3
58645620 387044278 800997323
716249784 0 0 1
58645620
448297270 0 1 3
571216954 58645620 571216954
29154033 1 1 1
571216954
440946456 1 1 2
387044278 58645620
963789898 1 0 2
349119577 571216954
598361607 0 1 1
92231796
209664006 1 0 3
387044278 92231796 387044278
448834854 0 1 3
349119577 571216954 349119577
743786377 0 1 1
349119577
854983647 1 1 3
800997323 571216954 571216954
912272677 0 0 2
58645620 92231796
538050893 1 0 2
58645620 349119577
45073960 1 1 3
571216954 387044278 58645620
681513203 1 0 2
349119577 349119577
762876081 1 1 1
387044278
671289896 1 1 3
92231796 800997323 349119577
3722391 1 1 3
387044278 349119577 571216954
246940823 1 1 2
571216954 58645620
106132080 0 0 1
571216954
711462313 0 0 1
800997323
376402293 1 1 3
800997323 571216954 92231796
450323569 0 0 2
349119577 349119577
45024008 0 0 3
387044278 571216954 571216954
763581848 0 0 3
387044278 349119577 92231796
520164589 1 1 1
58645620
246940823 1 0 2
571216954 58645620
979586198 1 0 1
92231796
516442199 1 0 2
349119577 387044278
762876081 1 0 1
387044278
737697893 0 0 3
92231796 92231796 571216954
386625600 1 0 3
571216954 571216954 387044278
799202015 1 0 1
800997323
389896316 0 0 3
92231796 387044278 92231796
598361607 0 0 1
92231796
55401468 1 0 2
571216954 92231796
671289896 1 0 3
92231796 800997323 349119577
40475475 0 0 2
92231796 92231796
268949559 1 0 3
571216954 571216954 349119577
261345338 0 0 2
800997323 349119577
791704565 0 0 2
58645620 92231796
922943554 0 0 3
387044278 387044278 387044278
150064338 0 0 1
800997323
32183274 1 0 1
571216954
789832572 1 0 2
800997323 92231796
440946456 1 0 2
387044278 58645620
29154033 1 0 1
571216954
567164470 1 0 3
571216954 571216954 92231796
557793767 1 0 3
387044278 800997323 58645620
463585118 0 0 3
58645620 92231796 571216954
462297135 0 0 2
92231796 92231796
852596046 1 0 2
571216954 571216954
847529115 1 0 1
800997323
518219491 0 0 3
58645620 349119577 349119577
902895564 0 0 3
58645620 387044278 800997323
906338514 0 0 2
58645620 349119577
176558285 1 0 1
800997323
251729975 0 0 3
387044278 349119577 92231796
935243025 1 0 2
92231796 800997323
130264065 0 0 2
800997323 571216954
19089705 0 0 3
387044278 571216954 349119577
631548391 1 0 2
571216954 92231796
109588864 0 0 2
92231796 571216954
228119396 0 0 3
571216954 800997323 92231796
256622041 1 0 2
349119577 92231796
981736967 0 0 3
800997323 387044278 800997323
91561293 0 0 2
92231796 571216954
326498330 0 0 1
800997323
520164589 1 0 1
58645620
674776168 0 0 2
92231796 58645620
269231 0 0 2
571216954 800997323
453126507 1 0 2
800997323 800997323
532337369 1 0 2
58645620 800997323
673897688 1 0 1
571216954
254041352 0 0 3
58645620 92231796 387044278
635804099 1 0 3
800997323 800997323 387044278
743722754 1 0 1
571216954
117584608 1 0 3
92231796 800997323 571216954
931685405 0 0 2
571216954 58645620
98101233 1 0 1
92231796
522172121 0 0 3
92231796 800997323 800997323
787080309 1 0 3
571216954 349119577 387044278
707167858 1 0 2
92231796 387044278
440360020 0 0 1
800997323
398126551 1 0 1
58645620
170529168 0 0 1
349119577
45073960 1 0 3
571216954 387044278 58645620
774729742 0 0 2
387044278 58645620
376402293 1 0 3
800997323 571216954 92231796
3722391 1 0 3
387044278 349119577 571216954
106210479 0 0 1
58645620
123985188 1 0 2
58645620 571216954
220878919 1 0 1
800997323
792707056 0 0 1
571216954
223925551 1 0 3
387044278 800997323 58645620
501279741 1 0 3
571216954 387044278 58645620
448297270 0 0 3
571216954 58645620 571216954
854983647 1 0 3
800997323 571216954 571216954
896208904 0 0 3
800997323 571216954 349119577
448834854 0 0 3
349119577 571216954 349119577
21061179 1 0 1
387044278
333334691 1 0 3
387044278 58645620 571216954
981512884 0 0 1
92231796
136316188 1 0 3
58645620 571216954 800997323
234416149 0 0 2
58645620 387044278
254050210 1 0 1
571216954
210994773 1 0 2
92231796 92231796
743786377 0 0 1
349119577
491975781 0 0 3
349119577 800997323 92231796
213565878 1 0 2
58645620 349119577
