178
520571803 0 1 2
806126535 133132449
520571803 0 0 2
806126535 133132449
89760919 1 1 4
486436638 806126535 806126535 255047831
20785545 0 1 3
806126535 301071760 24843996
20785545 0 0 3
806126535 301071760 24843996
512362263 0 1 3
806126535 24843996 24843996
459069902 1 1 2
255047831 806126535
334881366 0 1 3
806126535 486436638 301071760
742361514 0 1 1
255047831
600157847 1 1 5
806126535 301071760 24843996 301071760 255047831
259612867 0 1 3
301071760 255047831 133132449
521029545 0 1 2
255047831 133132449
719098210 1 1 3
255047831 486436638 255047831
426915813 0 1 2
301071760 255047831
811017696 1 1 1
133132449
495899108 1 1 3
486436638 133132449 24843996
811017696 1 0 1
133132449
102255729 1 1 3
486436638 133132449 301071760
684235798 1 1 2
133132449 486436638
376726306 1 1 1
255047831
729133698 1 1 1
255047831
383986209 1 1 4
486436638 301071760 24843996 806126535
550800496 0 1 5
301071760 255047831 806126535 255047831 486436638
877452081 1 1 5
255047831 133132449 133132449 133132449 24843996
864645466 0 1 1
24843996
389133570 0 1 2
255047831 806126535
552488983 1 1 5
806126535 133132449 301071760 486436638 301071760
794418357 0 1 1
301071760
875570207 0 1 2
301071760 301071760
706077094 0 1 3
486436638 301071760 133132449
49466188 0 1 5
806126535 255047831 301071760 133132449 806126535
752930554 1 1 3
24843996 133132449 255047831
512203628 0 1 4
255047831 255047831 133132449 806126535
35114988 0 1 1
24843996
126018708 0 1 2
255047831 486436638
454480898 1 1 1
133132449
55900532 1 1 5
486436638 24843996 24843996 133132449 806126535
638380970 1 1 3
301071760 24843996 255047831
913550799 1 1 2
133132449 133132449
243298250 1 1 1
133132449
233258835 1 1 4
301071760 24843996 806126535 24843996
366224997 0 1 5
133132449 24843996 24843996 255047831 255047831
502911116 1 1 1
24843996
754288380 0 1 1
24843996
85323207 1 1 4
806126535 24843996 806126535 806126535
126018708 0 0 2
255047831 486436638
521029545 0 0 2
255047831 133132449
782343280 0 1 2
24843996 255047831
706077094 0 0 3
486436638 301071760 133132449
565306075 0 1 1
486436638
433738666 1 1 4
133132449 486436638 806126535 806126535
737115360 0 1 2
301071760 24843996
102058224 1 1 1
255047831
810464971 1 1 2
133132449 24843996
466249057 1 1 5
24843996 806126535 806126535 255047831 133132449
742361514 0 0 1
255047831
338560785 1 1 2
133132449 255047831
782343280 0 0 2
24843996 255047831
213781818 1 1 5
486436638 486436638 255047831 486436638 133132449
196217489 1 1 2
486436638 486436638
203206250 1 1 5
255047831 301071760 24843996 133132449 301071760
602915387 1 1 2
255047831 301071760
601222823 0 1 5
133132449 24843996 301071760 255047831 133132449
997624606 1 1 3
133132449 133132449 24843996
331001945 1 1 2
24843996 806126535
307299916 1 1 2
24843996 486436638
899607145 1 1 2
806126535 301071760
565306075 0 0 1
486436638
83932499 0 1 5
255047831 133132449 486436638 301071760 806126535
49466188 0 0 5
806126535 255047831 301071760 133132449 806126535
875570207 0 0 2
301071760 301071760
672019895 0 1 3
806126535 255047831 24843996
934722133 0 1 5
301071760 486436638 24843996 486436638 133132449
62467558 1 1 4
806126535 806126535 486436638 486436638
126500792 1 1 3
133132449 301071760 301071760
843139016 0 1 4
806126535 486436638 301071760 255047831
700848528 0 1 3
301071760 301071760 24843996
40051591 0 1 5
486436638 806126535 486436638 255047831 806126535
700848528 0 0 3
301071760 301071760 24843996
86437265 0 1 2
301071760 806126535
934107362 1 1 1
255047831
259612867 0 0 3
301071760 255047831 133132449
331001945 1 0 2
24843996 806126535
258792939 1 1 4
806126535 255047831 486436638 24843996
441864732 0 1 3
806126535 301071760 301071760
688395741 0 1 2
255047831 133132449
899607145 1 0 2
806126535 301071760
334881366 0 0 3
806126535 486436638 301071760
344116145 0 1 5
133132449 255047831 133132449 255047831 301071760
76724363 0 1 4
486436638 255047831 486436638 486436638
106218167 1 1 3
301071760 486436638 133132449
777854810 1 1 1
806126535
813839722 1 1 4
24843996 806126535 24843996 133132449
60792743 1 1 2
255047831 24843996
864645466 0 0 1
24843996
440836132 0 1 4
133132449 301071760 255047831 806126535
132605130 1 1 1
133132449
83932499 0 0 5
255047831 133132449 486436638 301071760 806126535
399353527 0 1 2
806126535 133132449
654617949 1 1 1
301071760
328822619 0 1 5
486436638 806126535 806126535 255047831 486436638
602559776 0 1 2
133132449 486436638
110049687 1 1 1
255047831
729133698 1 0 1
255047831
672019895 0 0 3
806126535 255047831 24843996
600157847 1 0 5
806126535 301071760 24843996 301071760 255047831
602559776 0 0 2
133132449 486436638
459069902 1 0 2
255047831 806126535
930045441 0 1 4
255047831 24843996 486436638 255047831
810464971 1 0 2
133132449 24843996
934107362 1 0 1
255047831
383986209 1 0 4
486436638 301071760 24843996 806126535
452700733 0 1 1
486436638
441051632 0 1 3
133132449 255047831 255047831
35114988 0 0 1
24843996
552488983 1 0 5
806126535 133132449 301071760 486436638 301071760
89861709 0 1 2
24843996 24843996
440836132 0 0 4
133132449 301071760 255047831 806126535
328822619 0 0 5
486436638 806126535 806126535 255047831 486436638
777854810 1 0 1
806126535
495899108 1 0 3
486436638 133132449 24843996
930045441 0 0 4
255047831 24843996 486436638 255047831
654617949 1 0 1
301071760
997624606 1 0 3
133132449 133132449 24843996
602915387 1 0 2
255047831 301071760
366224997 0 0 5
133132449 24843996 24843996 255047831 255047831
638380970 1 0 3
301071760 24843996 255047831
86437265 0 0 2
301071760 806126535
89861709 0 0 2
24843996 24843996
752930554 1 0 3
24843996 133132449 255047831
754288380 0 0 1
24843996
344116145 0 0 5
133132449 255047831 133132449 255047831 301071760
132605130 1 0 1
133132449
512362263 0 0 3
806126535 24843996 24843996
40051591 0 0 5
486436638 806126535 486436638 255047831 806126535
688395741 0 0 2
255047831 133132449
502911116 1 0 1
24843996
85323207 1 0 4
806126535 24843996 806126535 806126535
794418357 0 0 1
301071760
60792743 1 0 2
255047831 24843996
376726306 1 0 1
255047831
76724363 0 0 4
486436638 255047831 486436638 486436638
934722133 0 0 5
301071760 486436638 24843996 486436638 133132449
307299916 1 0 2
24843996 486436638
433738666 1 0 4
133132449 486436638 806126535 806126535
452700733 0 0 1
486436638
102058224 1 0 1
255047831
601222823 0 0 5
133132449 24843996 301071760 255047831 133132449
62467558 1 0 4
806126535 806126535 486436638 486436638
737115360 0 0 2
301071760 24843996
512203628 0 0 4
255047831 255047831 133132449 806126535
441864732 0 0 3
806126535 301071760 301071760
89760919 1 0 4
486436638 806126535 806126535 255047831
110049687 1 0 1
255047831
389133570 0 0 2
255047831 806126535
102255729 1 0 3
486436638 133132449 301071760
426915813 0 0 2
301071760 255047831
441051632 0 0 3
133132449 255047831 255047831
454480898 1 0 1
133132449
813839722 1 0 4
24843996 806126535 24843996 133132449
55900532 1 0 5
486436638 24843996 24843996 133132449 806126535
843139016 0 0 4
806126535 486436638 301071760 255047831
399353527 0 0 2
806126535 133132449
466249057 1 0 5
24843996 806126535 806126535 255047831 133132449
550800496 0 0 5
301071760 255047831 806126535 255047831 486436638
106218167 1 0 3
301071760 486436638 133132449
684235798 1 0 2
133132449 486436638
877452081 1 0 5
255047831 133132449 133132449 133132449 24843996
258792939 1 0 4
806126535 255047831 486436638 24843996
196217489 1 0 2
486436638 486436638
719098210 1 0 3
255047831 486436638 255047831
126500792 1 0 3
133132449 301071760 301071760
338560785 1 0 2
133132449 255047831
233258835 1 0 4
301071760 24843996 806126535 24843996
243298250 1 0 1
133132449
213781818 1 0 5
486436638 486436638 255047831 486436638 133132449
203206250 1 0 5
255047831 301071760 24843996 133132449 301071760
913550799 1 0 2
133132449 133132449
