100
81762486 1 1 5
717802304 717802304 717802304 717802304 336669458
286059908 0 1 8
873619095 5891821 873619095 336669458 5891821 280947743 5891821 873619095
908242720 0 1 9
873619095 336669458 132188022 873619095 132188022 336669458 5891821 132188022 280947743
241348782 1 1 9
717802304 336669458 336669458 5891821 280947743 280947743 336669458 132188022 5891821
276773220 0 1 3
280947743 717802304 280947743
397203878 0 1 3
5891821 132188022 280947743
22477 1 1 1
873619095
377161484 0 1 6
717802304 873619095 336669458 280947743 132188022 280947743
74372525 0 1 5
873619095 717802304 280947743 132188022 5891821
43017738 0 1 7
873619095 5891821 717802304 132188022 5891821 336669458 5891821
454996218 1 1 7
873619095 336669458 873619095 336669458 336669458 280947743 5891821
541974856 0 1 1
873619095
637226270 0 1 3
717802304 132188022 873619095
74372525 0 0 5
873619095 717802304 280947743 132188022 5891821
243671443 0 1 4
873619095 336669458 717802304 280947743
994315328 0 1 7
5891821 5891821 132188022 336669458 336669458 873619095 5891821
311898027 1 1 3
873619095 5891821 336669458
243671443 0 0 4
873619095 336669458 717802304 280947743
811589802 0 1 7
5891821 717802304 336669458 132188022 132188022 717802304 873619095
798200967 0 1 7
873619095 280947743 280947743 873619095 132188022 336669458 336669458
773375962 0 1 8
132188022 873619095 336669458 336669458 336669458 873619095 5891821 280947743
22477 1 0 1
873619095
377524270 1 1 5
5891821 873619095 717802304 873619095 132188022
432672336 1 1 8
873619095 280947743 280947743 5891821 5891821 336669458 5891821 132188022
27424323 1 1 4
280947743 717802304 873619095 873619095
311417688 0 1 9
280947743 132188022 717802304 336669458 717802304 717802304 717802304 5891821 336669458
392914279 1 1 1
5891821
136169532 0 1 1
5891821
169825860 0 1 5
280947743 280947743 280947743 132188022 280947743
110716582 1 1 2
717802304 717802304
432672336 1 0 8
873619095 280947743 280947743 5891821 5891821 336669458 5891821 132188022
417117274 0 1 10
873619095 5891821 717802304 336669458 132188022 873619095 280947743 132188022 873619095 280947743
392914279 1 0 1
5891821
154530234 0 1 7
717802304 336669458 717802304 717802304 336669458 873619095 132188022
299902392 1 1 9
717802304 5891821 132188022 336669458 873619095 5891821 336669458 717802304 280947743
290736368 1 1 5
280947743 717802304 336669458 873619095 873619095
88809071 1 1 5
717802304 132188022 280947743 717802304 336669458
585962299 0 1 4
5891821 873619095 5891821 873619095
51495439 1 1 4
132188022 717802304 873619095 280947743
330157852 0 1 7
5891821 280947743 717802304 873619095 5891821 873619095 5891821
862735518 0 1 2
873619095 717802304
448699317 0 1 1
873619095
330180328 1 1 5
717802304 132188022 873619095 280947743 873619095
773375962 0 0 8
132188022 873619095 336669458 336669458 336669458 873619095 5891821 280947743
92413353 0 1 1
280947743
169825860 0 0 5
280947743 280947743 280947743 132188022 280947743
241348782 1 0 9
717802304 336669458 336669458 5891821 280947743 280947743 336669458 132188022 5891821
375588193 1 1 5
336669458 5891821 873619095 873619095 336669458
373198065 1 1 2
132188022 336669458
397203878 0 0 3
5891821 132188022 280947743
311417688 0 0 9
280947743 132188022 717802304 336669458 717802304 717802304 717802304 5891821 336669458
547409571 1 1 1
873619095
917563048 1 1 6
717802304 717802304 336669458 5891821 280947743 873619095
377161484 0 0 6
717802304 873619095 336669458 280947743 132188022 280947743
43017738 0 0 7
873619095 5891821 717802304 132188022 5891821 336669458 5891821
276773220 0 0 3
280947743 717802304 280947743
862940686 1 1 9
873619095 717802304 280947743 873619095 717802304 5891821 873619095 336669458 5891821
286059908 0 0 8
873619095 5891821 873619095 336669458 5891821 280947743 5891821 873619095
643597365 1 1 3
132188022 717802304 336669458
136169532 0 0 1
5891821
643597365 1 0 3
132188022 717802304 336669458
637226270 0 0 3
717802304 132188022 873619095
417117274 0 0 10
873619095 5891821 717802304 336669458 132188022 873619095 280947743 132188022 873619095 280947743
764394727 1 1 8
132188022 336669458 5891821 132188022 717802304 336669458 717802304 717802304
994315328 0 0 7
5891821 5891821 132188022 336669458 336669458 873619095 5891821
585962299 0 0 4
5891821 873619095 5891821 873619095
174838712 1 1 4
5891821 5891821 873619095 280947743
330157852 0 0 7
5891821 280947743 717802304 873619095 5891821 873619095 5891821
455187166 1 1 2
132188022 336669458
862735518 0 0 2
873619095 717802304
373198065 1 0 2
132188022 336669458
448699317 0 0 1
873619095
541974856 0 0 1
873619095
908242720 0 0 9
873619095 336669458 132188022 873619095 132188022 336669458 5891821 132188022 280947743
811589802 0 0 7
5891821 717802304 336669458 132188022 132188022 717802304 873619095
415112046 1 1 10
5891821 132188022 132188022 717802304 132188022 717802304 132188022 132188022 280947743 873619095
948214673 1 1 2
5891821 5891821
290736368 1 0 5
280947743 717802304 336669458 873619095 873619095
917563048 1 0 6
717802304 717802304 336669458 5891821 280947743 873619095
154530234 0 0 7
717802304 336669458 717802304 717802304 336669458 873619095 132188022
547409571 1 0 1
873619095
81762486 1 0 5
717802304 717802304 717802304 717802304 336669458
798200967 0 0 7
873619095 280947743 280947743 873619095 132188022 336669458 336669458
92413353 0 0 1
280947743
88809071 1 0 5
717802304 132188022 280947743 717802304 336669458
377524270 1 0 5
5891821 873619095 717802304 873619095 132188022
415112046 1 0 10
5891821 132188022 132188022 717802304 132188022 717802304 132188022 132188022 280947743 873619095
330180328 1 0 5
717802304 132188022 873619095 280947743 873619095
764394727 1 0 8
132188022 336669458 5891821 132188022 717802304 336669458 717802304 717802304
375588193 1 0 5
336669458 5891821 873619095 873619095 336669458
948214673 1 0 2
5891821 5891821
299902392 1 0 9
717802304 5891821 132188022 336669458 873619095 5891821 336669458 717802304 280947743
454996218 1 0 7
873619095 336669458 873619095 336669458 336669458 280947743 5891821
174838712 1 0 4
5891821 5891821 873619095 280947743
455187166 1 0 2
132188022 336669458
311898027 1 0 3
873619095 5891821 336669458
862940686 1 0 9
873619095 717802304 280947743 873619095 717802304 5891821 873619095 336669458 5891821
110716582 1 0 2
717802304 717802304
27424323 1 0 4
280947743 717802304 873619095 873619095
51495439 1 0 4
132188022 717802304 873619095 280947743
