58
669222850 0 1 15
595529848 617876976 931760554 821338341 931760554 617876976 327630909 617876976 114602552 327630909 821338341 931760554 931760554 821338341 114602552
61738654 0 1 15
821338341 595529848 931760554 327630909 595529848 617876976 595529848 931760554 595529848 327630909 617876976 114602552 595529848 595529848 931760554
142081150 0 1 14
327630909 821338341 931760554 595529848 114602552 821338341 595529848 595529848 931760554 595529848 327630909 931760554 821338341 114602552
314313066 1 1 15
821338341 821338341 617876976 114602552 114602552 327630909 617876976 617876976 617876976 114602552 617876976 327630909 931760554 931760554 617876976
119473217 1 1 4
114602552 114602552 327630909 327630909
911478223 1 1 12
327630909 114602552 114602552 821338341 327630909 114602552 931760554 931760554 114602552 931760554 595529848 327630909
61738654 0 0 15
821338341 595529848 931760554 327630909 595529848 617876976 595529848 931760554 595529848 327630909 617876976 114602552 595529848 595529848 931760554
31123739 1 1 4
617876976 327630909 617876976 821338341
628643291 1 1 1
931760554
507966333 1 1 14
821338341 595529848 617876976 327630909 821338341 595529848 931760554 617876976 617876976 327630909 821338341 931760554 821338341 114602552
142081150 0 0 14
327630909 821338341 931760554 595529848 114602552 821338341 595529848 595529848 931760554 595529848 327630909 931760554 821338341 114602552
595695892 1 1 10
595529848 821338341 114602552 114602552 617876976 617876976 821338341 114602552 327630909 931760554
906979276 1 1 4
595529848 114602552 595529848 617876976
628643291 1 0 1
931760554
783924682 0 1 10
821338341 617876976 931760554 617876976 595529848 617876976 114602552 114602552 114602552 114602552
681400783 0 1 11
114602552 617876976 931760554 821338341 931760554 821338341 931760554 617876976 931760554 114602552 595529848
119473217 1 0 4
114602552 114602552 327630909 327630909
499486453 1 1 4
931760554 327630909 595529848 931760554
226163688 0 1 12
327630909 821338341 931760554 821338341 617876976 327630909 327630909 821338341 327630909 821338341 327630909 821338341
766934650 0 1 10
114602552 821338341 114602552 931760554 114602552 821338341 114602552 327630909 617876976 114602552
534793053 0 1 8
931760554 931760554 327630909 617876976 821338341 327630909 595529848 595529848
908497315 1 1 6
821338341 114602552 617876976 931760554 595529848 327630909
903841481 0 1 14
114602552 327630909 595529848 327630909 327630909 114602552 821338341 821338341 114602552 617876976 114602552 595529848 931760554 327630909
242173906 0 1 6
821338341 595529848 595529848 821338341 617876976 595529848
300885724 0 1 10
931760554 595529848 595529848 327630909 327630909 931760554 114602552 821338341 821338341 821338341
300885724 0 0 10
931760554 595529848 595529848 327630909 327630909 931760554 114602552 821338341 821338341 821338341
31123739 1 0 4
617876976 327630909 617876976 821338341
708605199 1 1 1
595529848
386116483 1 1 9
327630909 617876976 617876976 327630909 114602552 327630909 595529848 931760554 327630909
783924682 0 0 10
821338341 617876976 931760554 617876976 595529848 617876976 114602552 114602552 114602552 114602552
681400783 0 0 11
114602552 617876976 931760554 821338341 931760554 821338341 931760554 617876976 931760554 114602552 595529848
242173906 0 0 6
821338341 595529848 595529848 821338341 617876976 595529848
534793053 0 0 8
931760554 931760554 327630909 617876976 821338341 327630909 595529848 595529848
903841481 0 0 14
114602552 327630909 595529848 327630909 327630909 114602552 821338341 821338341 114602552 617876976 114602552 595529848 931760554 327630909
2359140 1 1 14
617876976 327630909 327630909 617876976 931760554 931760554 327630909 114602552 595529848 114602552 931760554 821338341 595529848 617876976
595724102 1 1 3
931760554 327630909 931760554
3993459 1 1 1
114602552
969478043 1 1 14
931760554 327630909 327630909 327630909 931760554 931760554 931760554 617876976 931760554 931760554 821338341 114602552 595529848 327630909
380001007 1 1 5
595529848 327630909 617876976 327630909 617876976
766934650 0 0 10
114602552 821338341 114602552 931760554 114602552 821338341 114602552 327630909 617876976 114602552
669222850 0 0 15
595529848 617876976 931760554 821338341 931760554 617876976 327630909 617876976 114602552 327630909 821338341 931760554 931760554 821338341 114602552
499486453 1 0 4
931760554 327630909 595529848 931760554
380001007 1 0 5
595529848 327630909 617876976 327630909 617876976
452039658 1 1 4
595529848 595529848 931760554 821338341
226163688 0 0 12
327630909 821338341 931760554 821338341 617876976 327630909 327630909 821338341 327630909 821338341 327630909 821338341
2359140 1 0 14
617876976 327630909 327630909 617876976 931760554 931760554 327630909 114602552 595529848 114602552 931760554 821338341 595529848 617876976
452039658 1 0 4
595529848 595529848 931760554 821338341
908497315 1 0 6
821338341 114602552 617876976 931760554 595529848 327630909
507966333 1 0 14
821338341 595529848 617876976 327630909 821338341 595529848 931760554 617876976 617876976 327630909 821338341 931760554 821338341 114602552
969478043 1 0 14
931760554 327630909 327630909 327630909 931760554 931760554 931760554 617876976 931760554 931760554 821338341 114602552 595529848 327630909
595724102 1 0 3
931760554 327630909 931760554
906979276 1 0 4
595529848 114602552 595529848 617876976
3993459 1 0 1
114602552
314313066 1 0 15
821338341 821338341 617876976 114602552 114602552 327630909 617876976 617876976 617876976 114602552 617876976 327630909 931760554 931760554 617876976
595695892 1 0 10
595529848 821338341 114602552 114602552 617876976 617876976 821338341 114602552 327630909 931760554
708605199 1 0 1
595529848
911478223 1 0 12
327630909 114602552 114602552 821338341 327630909 114602552 931760554 931760554 114602552 931760554 595529848 327630909
386116483 1 0 9
327630909 617876976 617876976 327630909 114602552 327630909 595529848 931760554 327630909
