26
634314425 1 1 50
794039948 559197103 626556489 794039948 397215043 794039948 603756661 626556489 603756661 626556489 603756661 603756661 478727065 397215043 559197103 478727065 794039948 478727065 397215043 397215043 478727065 397215043 626556489 478727065 626556489 478727065 559197103 478727065 559197103 559197103 559197103 397215043 603756661 794039948 603756661 397215043 559197103 603756661 626556489 626556489 794039948 626556489 794039948 559197103 559197103 397215043 603756661 603756661 397215043 397215043
385267572 1 1 26
478727065 478727065 397215043 397215043 559197103 794039948 794039948 603756661 603756661 603756661 603756661 794039948 559197103 603756661 603756661 397215043 626556489 794039948 603756661 603756661 478727065 478727065 626556489 397215043 478727065 626556489
253003220 0 1 86
603756661 603756661 397215043 478727065 397215043 559197103 559197103 794039948 626556489 559197103 794039948 794039948 478727065 478727065 397215043 603756661 603756661 559197103 794039948 794039948 397215043 559197103 794039948 397215043 794039948 478727065 559197103 559197103 794039948 794039948 559197103 794039948 397215043 626556489 794039948 397215043 397215043 397215043 478727065 478727065 626556489 794039948 626556489 397215043 794039948 397215043 603756661 559197103 794039948 794039948 626556489 478727065 397215043 794039948 559197103 603756661 626556489 603756661 478727065 603756661 397215043 794039948 397215043 794039948 603756661 478727065 478727065 603756661 794039948 559197103 478727065 559197103 626556489 603756661 603756661 603756661 626556489 603756661 559197103 603756661 397215043 478727065 794039948 794039948 626556489 626556489
148416439 1 1 29
559197103 397215043 478727065 397215043 603756661 626556489 626556489 626556489 397215043 626556489 603756661 794039948 603756661 397215043 559197103 559197103 626556489 397215043 794039948 794039948 794039948 794039948 478727065 626556489 559197103 794039948 478727065 397215043 626556489
839245682 1 1 4
478727065 397215043 478727065 478727065
787961234 0 1 15
559197103 626556489 603756661 626556489 794039948 626556489 559197103 397215043 603756661 794039948 478727065 397215043 559197103 794039948 397215043
872546401 0 1 8
559197103 397215043 478727065 626556489 478727065 794039948 397215043 794039948
540162358 1 1 14
603756661 794039948 397215043 794039948 397215043 397215043 559197103 478727065 794039948 794039948 478727065 559197103 794039948 397215043
516166548 0 1 12
559197103 626556489 603756661 794039948 478727065 603756661 603756661 559197103 397215043 603756661 397215043 478727065
416964927 0 1 3
626556489 559197103 603756661
212856970 1 1 1
794039948
3174195 0 1 1
603756661
413176332 1 1 1
603756661
787961234 0 0 15
559197103 626556489 603756661 626556489 794039948 626556489 559197103 397215043 603756661 794039948 478727065 397215043 559197103 794039948 397215043
516166548 0 0 12
559197103 626556489 603756661 794039948 478727065 603756661 603756661 559197103 397215043 603756661 397215043 478727065
416964927 0 0 3
626556489 559197103 603756661
148416439 1 0 29
559197103 397215043 478727065 397215043 603756661 626556489 626556489 626556489 397215043 626556489 603756661 794039948 603756661 397215043 559197103 559197103 626556489 397215043 794039948 794039948 794039948 794039948 478727065 626556489 559197103 794039948 478727065 397215043 626556489
540162358 1 0 14
603756661 794039948 397215043 794039948 397215043 397215043 559197103 478727065 794039948 794039948 478727065 559197103 794039948 397215043
872546401 0 0 8
559197103 397215043 478727065 626556489 478727065 794039948 397215043 794039948
3174195 0 0 1
603756661
253003220 0 0 86
603756661 603756661 397215043 478727065 397215043 559197103 559197103 794039948 626556489 559197103 794039948 794039948 478727065 478727065 397215043 603756661 603756661 559197103 794039948 794039948 397215043 559197103 794039948 397215043 794039948 478727065 559197103 559197103 794039948 794039948 559197103 794039948 397215043 626556489 794039948 397215043 397215043 397215043 478727065 478727065 626556489 794039948 626556489 397215043 794039948 397215043 603756661 559197103 794039948 794039948 626556489 478727065 397215043 794039948 559197103 603756661 626556489 603756661 478727065 603756661 397215043 794039948 397215043 794039948 603756661 478727065 478727065 603756661 794039948 559197103 478727065 559197103 626556489 603756661 603756661 603756661 626556489 603756661 559197103 603756661 397215043 478727065 794039948 794039948 626556489 626556489
212856970 1 0 1
794039948
385267572 1 0 26
478727065 478727065 397215043 397215043 559197103 794039948 794039948 603756661 603756661 603756661 603756661 794039948 559197103 603756661 603756661 397215043 626556489 794039948 603756661 603756661 478727065 478727065 626556489 397215043 478727065 626556489
413176332 1 0 1
603756661
839245682 1 0 4
478727065 397215043 478727065 478727065
634314425 1 0 50
794039948 559197103 626556489 794039948 397215043 794039948 603756661 626556489 603756661 626556489 603756661 603756661 478727065 397215043 559197103 478727065 794039948 478727065 397215043 397215043 478727065 397215043 626556489 478727065 626556489 478727065 559197103 478727065 559197103 559197103 559197103 397215043 603756661 794039948 603756661 397215043 559197103 603756661 626556489 626556489 794039948 626556489 794039948 559197103 559197103 397215043 603756661 603756661 397215043 397215043
