248
788835994 0 1 3
812378504 401053264 98666916
2248287 1 1 2
155443510 401053264
436013510 0 1 2
521137493 98666916
285673412 0 1 1
521137493
584538939 0 1 1
812378504
436013510 0 0 2
521137493 98666916
2248287 1 0 2
155443510 401053264
146326967 1 1 2
155443510 98666916
770568768 0 1 3
521137493 812378504 687387087
305266562 1 1 3
401053264 401053264 687387087
721584520 1 1 1
970219897
765876345 1 1 2
401053264 687387087
626916347 1 1 1
98666916
705814910 1 1 1
155443510
195003587 0 1 3
970219897 687387087 970219897
289488329 1 1 2
98666916 155443510
54312923 0 1 2
401053264 401053264
667227027 1 1 1
155443510
827947896 0 1 3
401053264 521137493 970219897
693558782 1 1 2
521137493 812378504
561568199 1 1 3
970219897 687387087 98666916
732809138 0 1 1
401053264
258053533 1 1 3
970219897 812378504 401053264
54312923 0 0 2
401053264 401053264
480234535 1 1 3
98666916 970219897 98666916
860634912 0 1 3
687387087 812378504 401053264
208298319 0 1 3
521137493 812378504 98666916
167621622 1 1 3
155443510 98666916 521137493
584538939 0 0 1
812378504
673013415 0 1 2
401053264 521137493
306965234 0 1 1
98666916
688759114 1 1 3
155443510 521137493 812378504
208298319 0 0 3
521137493 812378504 98666916
860634912 0 0 3
687387087 812378504 401053264
828456924 0 1 3
401053264 970219897 812378504
129701482 0 1 1
970219897
129701482 0 0 1
970219897
942328730 1 1 3
521137493 687387087 401053264
469809269 1 1 2
521137493 970219897
131949768 0 1 1
687387087
378342239 0 1 1
401053264
607999032 0 1 2
155443510 812378504
569005058 1 1 3
970219897 970219897 812378504
524669205 0 1 1
155443510
231084152 1 1 3
970219897 401053264 812378504
874271619 1 1 1
155443510
98770076 0 1 1
812378504
996960496 0 1 3
687387087 401053264 401053264
501187965 1 1 3
812378504 98666916 155443510
657101338 0 1 3
401053264 401053264 98666916
191964082 1 1 1
687387087
643192646 1 1 1
812378504
289488329 1 0 2
98666916 155443510
563930612 0 1 3
98666916 98666916 812378504
859191108 1 1 2
521137493 687387087
323656893 1 1 2
521137493 155443510
257489393 0 1 1
98666916
273275659 1 1 3
521137493 812378504 98666916
56466030 0 1 3
687387087 812378504 521137493
515542925 0 1 3
155443510 401053264 812378504
753510193 0 1 1
812378504
917100941 1 1 1
970219897
576357595 0 1 3
98666916 970219897 98666916
828456924 0 0 3
401053264 970219897 812378504
773648166 0 1 1
970219897
442630708 0 1 2
687387087 401053264
883322828 0 1 3
521137493 98666916 98666916
314923632 1 1 3
401053264 687387087 155443510
123603983 1 1 2
98666916 155443510
865540661 1 1 3
401053264 401053264 98666916
257252361 0 1 2
401053264 98666916
445929604 1 1 3
155443510 401053264 687387087
146326967 1 0 2
155443510 98666916
850006781 0 1 3
521137493 521137493 687387087
488110951 0 1 1
401053264
53928635 0 1 1
687387087
419011838 1 1 2
521137493 98666916
12780155 1 1 1
155443510
285012786 0 1 1
401053264
145799809 0 1 1
521137493
765876345 1 0 2
401053264 687387087
964066582 0 1 3
155443510 687387087 155443510
788835994 0 0 3
812378504 401053264 98666916
134489633 1 1 2
98666916 155443510
646987773 0 1 3
98666916 687387087 970219897
621167919 0 1 2
401053264 155443510
326453714 1 1 2
155443510 155443510
142696770 0 1 2
155443510 687387087
646987773 0 0 3
98666916 687387087 970219897
37614883 1 1 2
970219897 521137493
38161174 1 1 3
98666916 812378504 401053264
466353663 1 1 2
812378504 521137493
295104275 1 1 3
687387087 155443510 401053264
285012786 0 0 1
401053264
163953184 1 1 3
687387087 521137493 521137493
522819692 0 1 3
98666916 155443510 521137493
663163552 1 1 3
521137493 970219897 155443510
285673412 0 0 1
521137493
917463376 1 1 2
155443510 98666916
292436985 0 1 3
812378504 155443510 521137493
239521146 0 1 1
687387087
292436985 0 0 3
812378504 155443510 521137493
667227027 1 0 1
155443510
543627894 0 1 3
155443510 521137493 812378504
587584044 0 1 1
687387087
975360326 1 1 3
687387087 521137493 812378504
773648166 0 0 1
970219897
858551525 0 1 1
401053264
711188026 1 1 3
812378504 155443510 687387087
840900986 0 1 1
687387087
115803885 1 1 1
970219897
9633981 1 1 1
521137493
543424118 0 1 2
98666916 155443510
456431187 0 1 2
401053264 401053264
63562616 1 1 2
401053264 98666916
231084152 1 0 3
970219897 401053264 812378504
962435956 0 1 2
401053264 401053264
321727693 1 1 2
98666916 401053264
201091753 1 1 3
687387087 521137493 970219897
108235764 0 1 1
98666916
285794274 1 1 1
155443510
335581386 0 1 1
687387087
607739888 0 1 1
521137493
759478545 0 1 2
521137493 970219897
662035099 0 1 1
812378504
750436658 0 1 1
155443510
797093427 0 1 3
98666916 521137493 970219897
305266562 1 0 3
401053264 401053264 687387087
552712624 1 1 3
687387087 812378504 687387087
69306672 0 1 3
521137493 812378504 521137493
563930612 0 0 3
98666916 98666916 812378504
92197701 0 1 1
155443510
721584520 1 0 1
970219897
326453714 1 0 2
155443510 155443510
716665807 1 1 1
155443510
693558782 1 0 2
521137493 812378504
115803885 1 0 1
970219897
592126363 1 1 1
98666916
607877604 1 1 3
970219897 687387087 687387087
626916347 1 0 1
98666916
486645535 1 1 1
970219897
142696770 0 0 2
155443510 687387087
737079699 0 1 3
521137493 401053264 812378504
847398750 1 1 2
970219897 970219897
30273428 1 1 3
970219897 812378504 521137493
324663742 0 1 2
970219897 401053264
675275427 1 1 1
401053264
888824952 1 1 1
521137493
688759114 1 0 3
155443510 521137493 812378504
466353663 1 0 2
812378504 521137493
888368120 0 1 1
98666916
368692764 0 1 1
155443510
145799809 0 0 1
521137493
874271619 1 0 1
155443510
857145188 0 1 2
155443510 521137493
750436658 0 0 1
155443510
543627894 0 0 3
155443510 521137493 812378504
38161174 1 0 3
98666916 812378504 401053264
996960496 0 0 3
687387087 401053264 401053264
257489393 0 0 1
98666916
9633981 1 0 1
521137493
705814910 1 0 1
155443510
657101338 0 0 3
401053264 401053264 98666916
285794274 1 0 1
155443510
445929604 1 0 3
155443510 401053264 687387087
442630708 0 0 2
687387087 401053264
917100941 1 0 1
970219897
37614883 1 0 2
970219897 521137493
858551525 0 0 1
401053264
716665807 1 0 1
155443510
561568199 1 0 3
970219897 687387087 98666916
321727693 1 0 2
98666916 401053264
201091753 1 0 3
687387087 521137493 970219897
239521146 0 0 1
687387087
258053533 1 0 3
970219897 812378504 401053264
964066582 0 0 3
155443510 687387087 155443510
840900986 0 0 1
687387087
865540661 1 0 3
401053264 401053264 98666916
324663742 0 0 2
970219897 401053264
592126363 1 0 1
98666916
524669205 0 0 1
155443510
378342239 0 0 1
401053264
569005058 1 0 3
970219897 970219897 812378504
306965234 0 0 1
98666916
675275427 1 0 1
401053264
469809269 1 0 2
521137493 970219897
108235764 0 0 1
98666916
543424118 0 0 2
98666916 155443510
663163552 1 0 3
521137493 970219897 155443510
522819692 0 0 3
98666916 155443510 521137493
711188026 1 0 3
812378504 155443510 687387087
488110951 0 0 1
401053264
56466030 0 0 3
687387087 812378504 521137493
607999032 0 0 2
155443510 812378504
975360326 1 0 3
687387087 521137493 812378504
847398750 1 0 2
970219897 970219897
607739888 0 0 1
521137493
480234535 1 0 3
98666916 970219897 98666916
759478545 0 0 2
521137493 970219897
587584044 0 0 1
687387087
92197701 0 0 1
155443510
515542925 0 0 3
155443510 401053264 812378504
607877604 1 0 3
970219897 687387087 687387087
123603983 1 0 2
98666916 155443510
753510193 0 0 1
812378504
53928635 0 0 1
687387087
63562616 1 0 2
401053264 98666916
643192646 1 0 1
812378504
368692764 0 0 1
155443510
501187965 1 0 3
812378504 98666916 155443510
12780155 1 0 1
155443510
98770076 0 0 1
812378504
335581386 0 0 1
687387087
69306672 0 0 3
521137493 812378504 521137493
456431187 0 0 2
401053264 401053264
191964082 1 0 1
687387087
30273428 1 0 3
970219897 812378504 521137493
131949768 0 0 1
687387087
857145188 0 0 2
155443510 521137493
257252361 0 0 2
401053264 98666916
883322828 0 0 3
521137493 98666916 98666916
662035099 0 0 1
812378504
942328730 1 0 3
521137493 687387087 401053264
888824952 1 0 1
521137493
962435956 0 0 2
401053264 401053264
859191108 1 0 2
521137493 687387087
273275659 1 0 3
521137493 812378504 98666916
917463376 1 0 2
155443510 98666916
314923632 1 0 3
401053264 687387087 155443510
134489633 1 0 2
98666916 155443510
195003587 0 0 3
970219897 687387087 970219897
576357595 0 0 3
98666916 970219897 98666916
888368120 0 0 1
98666916
163953184 1 0 3
687387087 521137493 521137493
419011838 1 0 2
521137493 98666916
295104275 1 0 3
687387087 155443510 401053264
850006781 0 0 3
521137493 521137493 687387087
323656893 1 0 2
521137493 155443510
827947896 0 0 3
401053264 521137493 970219897
552712624 1 0 3
687387087 812378504 687387087
737079699 0 0 3
521137493 401053264 812378504
673013415 0 0 2
401053264 521137493
732809138 0 0 1
401053264
770568768 0 0 3
521137493 812378504 687387087
167621622 1 0 3
155443510 98666916 521137493
486645535 1 0 1
970219897
797093427 0 0 3
98666916 521137493 970219897
621167919 0 0 2
401053264 155443510
