166
379973556 0 1 2
171717752 426719128
387894421 0 1 5
996264769 600474505 426719128 426719128 259362803
750234423 0 1 2
119458013 259362803
117803009 1 1 4
171717752 976735951 976735951 259362803
56141131 0 1 3
600474505 119458013 600474505
117803009 1 0 4
171717752 976735951 976735951 259362803
184045152 1 1 5
976735951 426719128 976735951 171717752 171717752
953588017 0 1 1
996264769
379973556 0 0 2
171717752 426719128
79357188 1 1 1
119458013
387894421 0 0 5
996264769 600474505 426719128 426719128 259362803
57202694 0 1 5
426719128 996264769 976735951 996264769 996264769
18663945 0 1 4
119458013 976735951 996264769 119458013
273507077 1 1 4
119458013 976735951 600474505 171717752
401108042 1 1 2
259362803 600474505
79357188 1 0 1
119458013
487808760 1 1 2
119458013 426719128
823437030 1 1 5
119458013 259362803 976735951 119458013 171717752
682508378 1 1 1
259362803
343580086 0 1 1
600474505
91526797 0 1 1
259362803
82568543 1 1 5
119458013 171717752 600474505 600474505 171717752
600340769 1 1 1
119458013
487808760 1 0 2
119458013 426719128
730666325 0 1 3
171717752 600474505 976735951
260824165 1 1 4
426719128 996264769 171717752 171717752
231353320 0 1 1
171717752
418977633 0 1 2
171717752 976735951
1246738 1 1 2
600474505 259362803
831827824 0 1 4
600474505 259362803 426719128 996264769
395713584 0 1 3
171717752 259362803 996264769
973221102 1 1 4
600474505 976735951 259362803 119458013
680608944 0 1 1
600474505
674949063 1 1 1
426719128
85100256 0 1 3
600474505 996264769 259362803
750234423 0 0 2
119458013 259362803
852326695 0 1 4
259362803 171717752 171717752 119458013
54922619 0 1 1
976735951
973221102 1 0 4
600474505 976735951 259362803 119458013
472994676 1 1 3
996264769 996264769 426719128
455077469 1 1 4
976735951 259362803 259362803 426719128
25241979 1 1 2
426719128 600474505
529135806 0 1 5
976735951 426719128 259362803 171717752 426719128
639122621 1 1 2
259362803 600474505
978829995 1 1 5
119458013 976735951 259362803 426719128 171717752
823437030 1 0 5
119458013 259362803 976735951 119458013 171717752
461009346 1 1 1
171717752
696325314 0 1 5
259362803 426719128 600474505 426719128 119458013
997493940 0 1 4
996264769 600474505 259362803 976735951
734516422 1 1 1
600474505
949949707 1 1 2
426719128 600474505
485302699 0 1 3
976735951 976735951 976735951
557953451 0 1 1
119458013
484974437 1 1 1
119458013
828882784 1 1 5
119458013 600474505 426719128 600474505 976735951
649480247 0 1 2
600474505 976735951
567542979 1 1 4
119458013 976735951 426719128 171717752
56141131 0 0 3
600474505 119458013 600474505
281739904 0 1 5
259362803 976735951 259362803 171717752 426719128
484974437 1 0 1
119458013
232662924 1 1 3
996264769 996264769 259362803
828367143 1 1 4
600474505 171717752 600474505 996264769
513093223 0 1 1
171717752
651640556 1 1 1
976735951
682130232 0 1 3
171717752 976735951 996264769
682508378 1 0 1
259362803
344921046 0 1 3
996264769 119458013 996264769
557953451 0 0 1
119458013
899870491 1 1 4
996264769 426719128 119458013 996264769
507867685 1 1 4
119458013 259362803 259362803 600474505
344921046 0 0 3
996264769 119458013 996264769
25529990 0 1 3
119458013 119458013 171717752
574819554 0 1 3
119458013 259362803 259362803
592967940 1 1 3
119458013 600474505 996264769
730373036 1 1 3
600474505 600474505 996264769
482258524 1 1 5
600474505 119458013 426719128 259362803 119458013
696325314 0 0 5
259362803 426719128 600474505 426719128 119458013
918478967 1 1 2
259362803 119458013
185450505 1 1 4
259362803 976735951 600474505 259362803
507500502 1 1 5
171717752 171717752 976735951 426719128 119458013
300131125 0 1 5
119458013 996264769 171717752 259362803 426719128
824573125 0 1 2
996264769 600474505
486330496 1 1 2
996264769 600474505
231353320 0 0 1
171717752
761140470 1 1 2
171717752 171717752
373414790 0 1 3
600474505 976735951 119458013
831827824 0 0 4
600474505 259362803 426719128 996264769
852326695 0 0 4
259362803 171717752 171717752 119458013
336340787 1 1 5
996264769 996264769 600474505 996264769 600474505
495656891 1 1 4
600474505 426719128 600474505 259362803
175880848 1 1 3
171717752 976735951 976735951
949949707 1 0 2
426719128 600474505
91526797 0 0 1
259362803
25241979 1 0 2
426719128 600474505
185450505 1 0 4
259362803 976735951 600474505 259362803
821643486 0 1 3
259362803 996264769 426719128
651640556 1 0 1
976735951
828882784 1 0 5
119458013 600474505 426719128 600474505 976735951
906126693 0 1 1
600474505
660855284 0 1 5
996264769 426719128 171717752 996264769 426719128
507867685 1 0 4
119458013 259362803 259362803 600474505
503042621 0 1 1
976735951
260824165 1 0 4
426719128 996264769 171717752 171717752
408123292 0 1 4
976735951 976735951 259362803 996264769
273507077 1 0 4
119458013 976735951 600474505 171717752
730373036 1 0 3
600474505 600474505 996264769
507500502 1 0 5
171717752 171717752 976735951 426719128 119458013
486330496 1 0 2
996264769 600474505
674949063 1 0 1
426719128
228398263 0 1 3
976735951 600474505 426719128
529135806 0 0 5
976735951 426719128 259362803 171717752 426719128
343580086 0 0 1
600474505
997493940 0 0 4
996264769 600474505 259362803 976735951
784782525 0 1 5
426719128 976735951 426719128 426719128 976735951
640786215 0 1 5
119458013 119458013 996264769 976735951 426719128
56765405 0 1 4
600474505 259362803 426719128 119458013
300131125 0 0 5
119458013 996264769 171717752 259362803 426719128
682130232 0 0 3
171717752 976735951 996264769
734516422 1 0 1
600474505
184045152 1 0 5
976735951 426719128 976735951 171717752 171717752
175880848 1 0 3
171717752 976735951 976735951
640786215 0 0 5
119458013 119458013 996264769 976735951 426719128
730666325 0 0 3
171717752 600474505 976735951
906126693 0 0 1
600474505
461009346 1 0 1
171717752
953588017 0 0 1
996264769
56765405 0 0 4
600474505 259362803 426719128 119458013
18663945 0 0 4
119458013 976735951 996264769 119458013
649480247 0 0 2
600474505 976735951
485302699 0 0 3
976735951 976735951 976735951
408123292 0 0 4
976735951 976735951 259362803 996264769
918478967 1 0 2
259362803 119458013
600340769 1 0 1
119458013
336340787 1 0 5
996264769 996264769 600474505 996264769 600474505
281739904 0 0 5
259362803 976735951 259362803 171717752 426719128
639122621 1 0 2
259362803 600474505
472994676 1 0 3
996264769 996264769 426719128
503042621 0 0 1
976735951
899870491 1 0 4
996264769 426719128 119458013 996264769
418977633 0 0 2
171717752 976735951
232662924 1 0 3
996264769 996264769 259362803
761140470 1 0 2
171717752 171717752
495656891 1 0 4
600474505 426719128 600474505 259362803
401108042 1 0 2
259362803 600474505
660855284 0 0 5
996264769 426719128 171717752 996264769 426719128
978829995 1 0 5
119458013 976735951 259362803 426719128 171717752
574819554 0 0 3
119458013 259362803 259362803
455077469 1 0 4
976735951 259362803 259362803 426719128
784782525 0 0 5
426719128 976735951 426719128 426719128 976735951
228398263 0 0 3
976735951 600474505 426719128
373414790 0 0 3
600474505 976735951 119458013
57202694 0 0 5
426719128 996264769 976735951 996264769 996264769
513093223 0 0 1
171717752
82568543 1 0 5
119458013 171717752 600474505 600474505 171717752
482258524 1 0 5
600474505 119458013 426719128 259362803 119458013
567542979 1 0 4
119458013 976735951 426719128 171717752
25529990 0 0 3
119458013 119458013 171717752
395713584 0 0 3
171717752 259362803 996264769
1246738 1 0 2
600474505 259362803
592967940 1 0 3
119458013 600474505 996264769
828367143 1 0 4
600474505 171717752 600474505 996264769
821643486 0 0 3
259362803 996264769 426719128
54922619 0 0 1
976735951
85100256 0 0 3
600474505 996264769 259362803
824573125 0 0 2
996264769 600474505
680608944 0 0 1
600474505
