106
283757135 0 1 1
48789565
979675456 0 1 5
281679338 153087864 708778994 708778994 519399995
750718467 1 1 6
534581283 534581283 519399995 519399995 153087864 534581283
113892954 1 1 4
519399995 48789565 153087864 534581283
683199409 1 1 3
281679338 586584880 519399995
517992648 0 1 2
708778994 708778994
771849429 1 1 7
708778994 153087864 281679338 586584880 708778994 586584880 586584880
33778931 0 1 1
586584880
33778931 0 0 1
586584880
276707291 1 1 4
281679338 534581283 534581283 48789565
669445457 1 1 2
534581283 281679338
282714664 0 1 8
153087864 48789565 153087864 48789565 153087864 48789565 153087864 534581283
293643905 0 1 6
586584880 519399995 48789565 153087864 534581283 281679338
829581349 1 1 3
153087864 708778994 519399995
387950574 0 1 8
708778994 281679338 534581283 519399995 519399995 708778994 534581283 48789565
676367307 0 1 9
153087864 586584880 281679338 153087864 708778994 519399995 153087864 153087864 153087864
925782789 1 1 7
534581283 534581283 48789565 708778994 708778994 586584880 708778994
788113214 0 1 10
586584880 281679338 281679338 519399995 519399995 708778994 586584880 708778994 281679338 48789565
750718467 1 0 6
534581283 534581283 519399995 519399995 153087864 534581283
488157769 0 1 5
519399995 48789565 153087864 708778994 281679338
942552175 0 1 1
534581283
279996272 0 1 5
153087864 281679338 519399995 48789565 153087864
485620840 1 1 1
534581283
517992648 0 0 2
708778994 708778994
282714664 0 0 8
153087864 48789565 153087864 48789565 153087864 48789565 153087864 534581283
480086391 0 1 4
534581283 153087864 519399995 153087864
910451718 0 1 3
519399995 708778994 153087864
575549691 1 1 2
534581283 153087864
41381737 0 1 10
586584880 534581283 153087864 153087864 534581283 519399995 48789565 153087864 281679338 708778994
910451718 0 0 3
519399995 708778994 153087864
63539581 1 1 10
153087864 708778994 586584880 153087864 519399995 586584880 519399995 153087864 281679338 281679338
947466037 1 1 4
48789565 586584880 534581283 519399995
90171301 1 1 9
153087864 519399995 281679338 586584880 708778994 153087864 708778994 48789565 48789565
650124460 1 1 4
153087864 534581283 281679338 153087864
480086391 0 0 4
534581283 153087864 519399995 153087864
81661727 0 1 9
519399995 586584880 586584880 708778994 153087864 586584880 48789565 708778994 48789565
771849429 1 0 7
708778994 153087864 281679338 586584880 708778994 586584880 586584880
942552175 0 0 1
534581283
477268935 1 1 2
534581283 48789565
786397947 0 1 4
519399995 534581283 519399995 281679338
947466037 1 0 4
48789565 586584880 534581283 519399995
683199409 1 0 3
281679338 586584880 519399995
61337182 1 1 8
586584880 519399995 48789565 281679338 586584880 48789565 281679338 586584880
80503753 1 1 5
586584880 153087864 534581283 153087864 281679338
41381737 0 0 10
586584880 534581283 153087864 153087864 534581283 519399995 48789565 153087864 281679338 708778994
979675456 0 0 5
281679338 153087864 708778994 708778994 519399995
900290900 1 1 7
586584880 708778994 534581283 586584880 281679338 708778994 534581283
829581349 1 0 3
153087864 708778994 519399995
488157769 0 0 5
519399995 48789565 153087864 708778994 281679338
597052942 1 1 10
281679338 586584880 281679338 519399995 48789565 586584880 586584880 48789565 519399995 281679338
451012753 0 1 6
519399995 48789565 586584880 708778994 708778994 708778994
524656681 1 1 3
519399995 153087864 708778994
483348225 1 1 3
534581283 48789565 519399995
727720043 1 1 4
586584880 519399995 708778994 153087864
194102137 1 1 9
153087864 519399995 586584880 48789565 48789565 708778994 153087864 519399995 708778994
676367307 0 0 9
153087864 586584880 281679338 153087864 708778994 519399995 153087864 153087864 153087864
766062888 1 1 1
281679338
21363948 0 1 3
708778994 153087864 534581283
876199837 1 1 4
153087864 281679338 519399995 281679338
6529813 1 1 1
153087864
697731254 0 1 9
519399995 534581283 586584880 708778994 153087864 281679338 48789565 534581283 281679338
654498977 0 1 6
153087864 708778994 153087864 708778994 534581283 281679338
647159379 1 1 1
519399995
38405374 0 1 1
153087864
21363948 0 0 3
708778994 153087864 534581283
597051151 1 1 1
586584880
63539581 1 0 10
153087864 708778994 586584880 153087864 519399995 586584880 519399995 153087864 281679338 281679338
927155650 0 1 4
48789565 153087864 281679338 281679338
647159379 1 0 1
519399995
524026213 0 1 3
586584880 153087864 48789565
485620840 1 0 1
534581283
61337182 1 0 8
586584880 519399995 48789565 281679338 586584880 48789565 281679338 586584880
194102137 1 0 9
153087864 519399995 586584880 48789565 48789565 708778994 153087864 519399995 708778994
575549691 1 0 2
534581283 153087864
77137542 0 1 2
708778994 708778994
80503753 1 0 5
586584880 153087864 534581283 153087864 281679338
524656681 1 0 3
519399995 153087864 708778994
77137542 0 0 2
708778994 708778994
727720043 1 0 4
586584880 519399995 708778994 153087864
276707291 1 0 4
281679338 534581283 534581283 48789565
925782789 1 0 7
534581283 534581283 48789565 708778994 708778994 586584880 708778994
81661727 0 0 9
519399995 586584880 586584880 708778994 153087864 586584880 48789565 708778994 48789565
786397947 0 0 4
519399995 534581283 519399995 281679338
483348225 1 0 3
534581283 48789565 519399995
477268935 1 0 2
534581283 48789565
283757135 0 0 1
48789565
927155650 0 0 4
48789565 153087864 281679338 281679338
766062888 1 0 1
281679338
38405374 0 0 1
153087864
279996272 0 0 5
153087864 281679338 519399995 48789565 153087864
697731254 0 0 9
519399995 534581283 586584880 708778994 153087864 281679338 48789565 534581283 281679338
113892954 1 0 4
519399995 48789565 153087864 534581283
650124460 1 0 4
153087864 534581283 281679338 153087864
451012753 0 0 6
519399995 48789565 586584880 708778994 708778994 708778994
669445457 1 0 2
534581283 281679338
788113214 0 0 10
586584880 281679338 281679338 519399995 519399995 708778994 586584880 708778994 281679338 48789565
597052942 1 0 10
281679338 586584880 281679338 519399995 48789565 586584880 586584880 48789565 519399995 281679338
597051151 1 0 1
586584880
654498977 0 0 6
153087864 708778994 153087864 708778994 534581283 281679338
6529813 1 0 1
153087864
90171301 1 0 9
153087864 519399995 281679338 586584880 708778994 153087864 708778994 48789565 48789565
387950574 0 0 8
708778994 281679338 534581283 519399995 519399995 708778994 534581283 48789565
293643905 0 0 6
586584880 519399995 48789565 153087864 534581283 281679338
524026213 0 0 3
586584880 153087864 48789565
900290900 1 0 7
586584880 708778994 534581283 586584880 281679338 708778994 534581283
876199837 1 0 4
153087864 281679338 519399995 281679338
