78
185844953 1 1 14
161598311 923615208 389754955 923615208 161598311 161598311 161598311 8355944 161598311 389754955 8355944 121734109 161598311 581242934
89950881 1 1 13
581242934 581242934 8355944 923615208 389754955 161598311 923615208 389754955 101770116 101770116 923615208 389754955 923615208
357251925 1 1 1
101770116
641371402 0 1 13
581242934 923615208 121734109 161598311 161598311 161598311 8355944 161598311 101770116 389754955 121734109 8355944 389754955
165327937 1 1 4
101770116 101770116 161598311 389754955
979804157 0 1 6
121734109 581242934 581242934 161598311 161598311 101770116
979804157 0 0 6
121734109 581242934 581242934 161598311 161598311 101770116
369217447 1 1 12
923615208 101770116 101770116 923615208 389754955 161598311 121734109 121734109 101770116 923615208 389754955 8355944
197492687 0 1 3
121734109 389754955 389754955
595165362 0 1 11
121734109 923615208 161598311 389754955 8355944 581242934 121734109 581242934 121734109 581242934 581242934
197492687 0 0 3
121734109 389754955 389754955
992582152 1 1 8
8355944 161598311 101770116 923615208 8355944 389754955 581242934 8355944
284333652 1 1 12
8355944 923615208 101770116 161598311 121734109 121734109 581242934 161598311 923615208 121734109 121734109 121734109
539985182 1 1 6
161598311 101770116 101770116 581242934 581242934 581242934
55417856 1 1 10
101770116 8355944 581242934 923615208 923615208 161598311 581242934 8355944 161598311 101770116
992582152 1 0 8
8355944 161598311 101770116 923615208 8355944 389754955 581242934 8355944
196872556 1 1 2
389754955 101770116
641371402 0 0 13
581242934 923615208 121734109 161598311 161598311 161598311 8355944 161598311 101770116 389754955 121734109 8355944 389754955
30104145 0 1 14
161598311 581242934 121734109 161598311 101770116 101770116 161598311 389754955 389754955 581242934 8355944 389754955 121734109 389754955
881961266 0 1 1
8355944
277597168 1 1 9
581242934 101770116 8355944 8355944 389754955 161598311 101770116 8355944 581242934
206581775 0 1 11
161598311 161598311 389754955 121734109 121734109 8355944 161598311 923615208 161598311 101770116 121734109
600791388 1 1 8
8355944 581242934 101770116 389754955 581242934 8355944 121734109 8355944
191939836 1 1 2
8355944 161598311
237757007 0 1 2
161598311 923615208
286631054 0 1 7
389754955 8355944 8355944 8355944 389754955 923615208 389754955
185844953 1 0 14
161598311 923615208 389754955 923615208 161598311 161598311 161598311 8355944 161598311 389754955 8355944 121734109 161598311 581242934
496764065 0 1 5
923615208 389754955 101770116 161598311 121734109
663045854 1 1 2
121734109 923615208
867873988 1 1 12
923615208 923615208 389754955 8355944 161598311 8355944 121734109 8355944 121734109 8355944 8355944 101770116
886519020 1 1 8
8355944 161598311 389754955 8355944 581242934 121734109 389754955 8355944
439177414 1 1 1
121734109
728746283 0 1 9
581242934 581242934 121734109 581242934 389754955 121734109 389754955 8355944 581242934
860769480 1 1 1
923615208
540947529 0 1 3
101770116 121734109 101770116
890344593 0 1 5
8355944 161598311 8355944 161598311 581242934
890344593 0 0 5
8355944 161598311 8355944 161598311 581242934
46614432 0 1 7
101770116 389754955 161598311 923615208 923615208 389754955 581242934
483414761 0 1 9
389754955 389754955 581242934 101770116 581242934 121734109 8355944 581242934 581242934
663045854 1 0 2
121734109 923615208
886519020 1 0 8
8355944 161598311 389754955 8355944 581242934 121734109 389754955 8355944
100112870 0 1 13
121734109 8355944 101770116 581242934 121734109 101770116 8355944 101770116 161598311 389754955 121734109 8355944 389754955
30104145 0 0 14
161598311 581242934 121734109 161598311 101770116 101770116 161598311 389754955 389754955 581242934 8355944 389754955 121734109 389754955
369217447 1 0 12
923615208 101770116 101770116 923615208 389754955 161598311 121734109 121734109 101770116 923615208 389754955 8355944
46614432 0 0 7
101770116 389754955 161598311 923615208 923615208 389754955 581242934
89950881 1 0 13
581242934 581242934 8355944 923615208 389754955 161598311 923615208 389754955 101770116 101770116 923615208 389754955 923615208
357251925 1 0 1
101770116
191939836 1 0 2
8355944 161598311
439177414 1 0 1
121734109
540502185 0 1 1
121734109
277597168 1 0 9
581242934 101770116 8355944 8355944 389754955 161598311 101770116 8355944 581242934
284333652 1 0 12
8355944 923615208 101770116 161598311 121734109 121734109 581242934 161598311 923615208 121734109 121734109 121734109
860769480 1 0 1
923615208
648742698 0 1 2
161598311 161598311
79917026 0 1 1
121734109
100112870 0 0 13
121734109 8355944 101770116 581242934 121734109 101770116 8355944 101770116 161598311 389754955 121734109 8355944 389754955
600791388 1 0 8
8355944 581242934 101770116 389754955 581242934 8355944 121734109 8355944
909719632 0 1 1
923615208
55417856 1 0 10
101770116 8355944 581242934 923615208 923615208 161598311 581242934 8355944 161598311 101770116
846235384 0 1 1
161598311
165327937 1 0 4
101770116 101770116 161598311 389754955
539985182 1 0 6
161598311 101770116 101770116 581242934 581242934 581242934
196872556 1 0 2
389754955 101770116
867873988 1 0 12
923615208 923615208 389754955 8355944 161598311 8355944 121734109 8355944 121734109 8355944 8355944 101770116
483414761 0 0 9
389754955 389754955 581242934 101770116 581242934 121734109 8355944 581242934 581242934
237757007 0 0 2
161598311 923615208
540947529 0 0 3
101770116 121734109 101770116
595165362 0 0 11
121734109 923615208 161598311 389754955 8355944 581242934 121734109 581242934 121734109 581242934 581242934
909719632 0 0 1
923615208
648742698 0 0 2
161598311 161598311
79917026 0 0 1
121734109
496764065 0 0 5
923615208 389754955 101770116 161598311 121734109
286631054 0 0 7
389754955 8355944 8355944 8355944 389754955 923615208 389754955
846235384 0 0 1
161598311
881961266 0 0 1
8355944
728746283 0 0 9
581242934 581242934 121734109 581242934 389754955 121734109 389754955 8355944 581242934
540502185 0 0 1
121734109
206581775 0 0 11
161598311 161598311 389754955 121734109 121734109 8355944 161598311 923615208 161598311 101770116 121734109
