16
973354078 1 1 106
765418316 720577403 765418316 720577403 795112845 795112845 257768855 720577403 28182004 864421442 864421442 257768855 864421442 795112845 170804988 720577403 795112845 795112845 795112845 720577403 795112845 257768855 720577403 170804988 257768855 28182004 720577403 28182004 28182004 765418316 257768855 765418316 257768855 170804988 257768855 864421442 720577403 28182004 765418316 720577403 864421442 28182004 257768855 170804988 720577403 170804988 170804988 765418316 720577403 28182004 765418316 795112845 257768855 257768855 257768855 28182004 720577403 864421442 257768855 28182004 28182004 720577403 765418316 257768855 170804988 28182004 864421442 28182004 765418316 28182004 28182004 720577403 28182004 28182004 170804988 28182004 170804988 795112845 765418316 28182004 795112845 170804988 795112845 795112845 795112845 864421442 795112845 765418316 765418316 170804988 765418316 765418316 170804988 864421442 765418316 864421442 720577403 28182004 257768855 257768855 28182004 720577403 257768855 170804988 720577403 28182004
885194783 1 1 14
795112845 170804988 765418316 28182004 28182004 864421442 795112845 795112845 257768855 720577403 864421442 795112845 765418316 257768855
39346450 0 1 70
795112845 864421442 170804988 795112845 795112845 170804988 765418316 170804988 864421442 765418316 864421442 765418316 795112845 170804988 864421442 28182004 170804988 257768855 28182004 257768855 170804988 795112845 28182004 170804988 765418316 864421442 864421442 170804988 795112845 765418316 864421442 765418316 28182004 257768855 864421442 795112845 795112845 28182004 28182004 170804988 765418316 795112845 795112845 257768855 720577403 170804988 257768855 28182004 765418316 28182004 28182004 720577403 720577403 170804988 765418316 765418316 257768855 720577403 795112845 170804988 765418316 28182004 864421442 765418316 765418316 765418316 864421442 257768855 28182004 864421442
124652184 0 1 38
864421442 795112845 257768855 765418316 864421442 765418316 170804988 864421442 765418316 765418316 795112845 864421442 170804988 864421442 795112845 28182004 257768855 257768855 795112845 765418316 795112845 864421442 795112845 257768855 765418316 170804988 765418316 28182004 170804988 720577403 765418316 765418316 765418316 170804988 795112845 28182004 795112845 28182004
418778668 0 1 14
257768855 170804988 720577403 720577403 28182004 28182004 864421442 257768855 795112845 257768855 864421442 28182004 170804988 864421442
487169182 0 1 2
170804988 765418316
747067825 1 1 5
257768855 28182004 257768855 720577403 795112845
973354078 1 0 106
765418316 720577403 765418316 720577403 795112845 795112845 257768855 720577403 28182004 864421442 864421442 257768855 864421442 795112845 170804988 720577403 795112845 795112845 795112845 720577403 795112845 257768855 720577403 170804988 257768855 28182004 720577403 28182004 28182004 765418316 257768855 765418316 257768855 170804988 257768855 864421442 720577403 28182004 765418316 720577403 864421442 28182004 257768855 170804988 720577403 170804988 170804988 765418316 720577403 28182004 765418316 795112845 257768855 257768855 257768855 28182004 720577403 864421442 257768855 28182004 28182004 720577403 765418316 257768855 170804988 28182004 864421442 28182004 765418316 28182004 28182004 720577403 28182004 28182004 170804988 28182004 170804988 795112845 765418316 28182004 795112845 170804988 795112845 795112845 795112845 864421442 795112845 765418316 765418316 170804988 765418316 765418316 170804988 864421442 765418316 864421442 720577403 28182004 257768855 257768855 28182004 720577403 257768855 170804988 720577403 28182004
885194783 1 0 14
795112845 170804988 765418316 28182004 28182004 864421442 795112845 795112845 257768855 720577403 864421442 795112845 765418316 257768855
664601246 0 1 1
720577403
747067825 1 0 5
257768855 28182004 257768855 720577403 795112845
487169182 0 0 2
170804988 765418316
39346450 0 0 70
795112845 864421442 170804988 795112845 795112845 170804988 765418316 170804988 864421442 765418316 864421442 765418316 795112845 170804988 864421442 28182004 170804988 257768855 28182004 257768855 170804988 795112845 28182004 170804988 765418316 864421442 864421442 170804988 795112845 765418316 864421442 765418316 28182004 257768855 864421442 795112845 795112845 28182004 28182004 170804988 765418316 795112845 795112845 257768855 720577403 170804988 257768855 28182004 765418316 28182004 28182004 720577403 720577403 170804988 765418316 765418316 257768855 720577403 795112845 170804988 765418316 28182004 864421442 765418316 765418316 765418316 864421442 257768855 28182004 864421442
418778668 0 0 14
257768855 170804988 720577403 720577403 28182004 28182004 864421442 257768855 795112845 257768855 864421442 28182004 170804988 864421442
664601246 0 0 1
720577403
124652184 0 0 38
864421442 795112845 257768855 765418316 864421442 765418316 170804988 864421442 765418316 765418316 795112845 864421442 170804988 864421442 795112845 28182004 257768855 257768855 795112845 765418316 795112845 864421442 795112845 257768855 765418316 170804988 765418316 28182004 170804988 720577403 765418316 765418316 765418316 170804988 795112845 28182004 795112845 28182004
