1498
59849041 0 1 3
414777681 157731386 102799612
16895727 0 1 3
157731386 102799612 9630533
169205286 1 1 1
785840039
918431381 0 1 2
414777681 102799612
488597376 1 1 3
785840039 9630533 9630533
891555521 0 1 2
102799612 785840039
975478053 0 1 1
157731386
688345631 0 1 1
157731386
169205286 1 0 1
785840039
164688716 0 1 1
9630533
738567507 1 1 1
414777681
998728487 0 1 1
157731386
110236022 0 1 3
102799612 102799612 102799612
220127098 1 1 1
102799612
539581514 1 1 2
785840039 9630533
516585860 0 1 3
9630533 157731386 9630533
131636075 0 1 3
785840039 157731386 157731386
918431381 0 0 2
414777681 102799612
47891660 0 1 1
9630533
108006129 0 1 3
9630533 9630533 102799612
489688368 0 1 1
785840039
126567148 1 1 1
785840039
62230552 1 1 3
102799612 414777681 157731386
489316468 1 1 1
157731386
531995445 1 1 2
785840039 102799612
28587694 0 1 1
102799612
287503396 0 1 2
102799612 785840039
704905489 0 1 1
9630533
108006129 0 0 3
9630533 9630533 102799612
443365374 0 1 1
785840039
149650280 0 1 1
157731386
807705100 1 1 3
785840039 102799612 102799612
81721764 1 1 1
102799612
307381665 1 1 2
157731386 414777681
867554140 1 1 3
157731386 157731386 785840039
98617491 1 1 2
9630533 102799612
329103302 1 1 3
414777681 102799612 157731386
638501873 1 1 2
102799612 9630533
638501873 1 0 2
102799612 9630533
439731218 0 1 2
157731386 414777681
220658822 1 1 1
102799612
613979925 0 1 2
414777681 157731386
128076848 0 1 3
157731386 9630533 157731386
385347538 0 1 3
9630533 157731386 9630533
205063783 0 1 3
157731386 414777681 9630533
979321687 0 1 3
785840039 102799612 102799612
348099911 0 1 3
9630533 157731386 157731386
807705100 1 0 3
785840039 102799612 102799612
425190880 1 1 2
414777681 9630533
371419552 1 1 1
157731386
717202122 0 1 1
414777681
409343306 1 1 2
157731386 9630533
81721764 1 0 1
102799612
419311211 1 1 3
414777681 414777681 9630533
825208250 0 1 2
9630533 102799612
899031673 0 1 1
785840039
545878358 1 1 3
9630533 157731386 157731386
739955154 1 1 1
157731386
240864492 0 1 2
9630533 102799612
77873802 0 1 2
102799612 157731386
768542847 1 1 3
414777681 102799612 102799612
348099911 0 0 3
9630533 157731386 157731386
528367887 0 1 2
102799612 157731386
635295643 1 1 2
785840039 414777681
211908220 0 1 1
157731386
678018166 1 1 3
102799612 157731386 414777681
443000742 1 1 2
785840039 9630533
293629983 1 1 1
414777681
837916182 1 1 1
785840039
163071234 1 1 2
9630533 785840039
59849041 0 0 3
414777681 157731386 102799612
419311211 1 0 3
414777681 414777681 9630533
244763825 0 1 1
157731386
205063783 0 0 3
157731386 414777681 9630533
167019483 0 1 2
102799612 414777681
801573106 1 1 1
414777681
537011395 1 1 3
414777681 102799612 157731386
240194657 1 1 1
157731386
268069382 1 1 3
9630533 414777681 157731386
517604594 0 1 2
9630533 157731386
625542194 0 1 1
102799612
528367887 0 0 2
102799612 157731386
473133164 0 1 3
157731386 414777681 102799612
517604594 0 0 2
9630533 157731386
489688368 0 0 1
785840039
349442632 0 1 1
414777681
826158456 0 1 1
414777681
750840395 0 1 2
414777681 157731386
768542847 1 0 3
414777681 102799612 102799612
720862184 1 1 3
157731386 157731386 157731386
867554140 1 0 3
157731386 157731386 785840039
543360578 1 1 1
785840039
160183700 1 1 2
9630533 157731386
992689746 0 1 1
9630533
221085179 1 1 2
102799612 157731386
911731724 0 1 2
157731386 785840039
391084456 0 1 2
414777681 157731386
16895727 0 0 3
157731386 102799612 9630533
961040332 1 1 2
102799612 785840039
5112567 0 1 2
102799612 414777681
321474609 0 1 2
414777681 102799612
625542194 0 0 1
102799612
729583178 0 1 2
157731386 414777681
720862184 1 0 3
157731386 157731386 157731386
533480453 0 1 3
157731386 102799612 157731386
956770251 0 1 1
157731386
794007749 1 1 2
414777681 785840039
64014970 1 1 1
157731386
252287345 0 1 1
9630533
87637732 1 1 3
102799612 157731386 102799612
131636075 0 0 3
785840039 157731386 157731386
901931151 1 1 1
102799612
415358578 0 1 2
785840039 157731386
184917908 0 1 2
414777681 157731386
921466985 1 1 2
9630533 414777681
216931683 0 1 2
9630533 9630533
721929302 1 1 2
9630533 102799612
161661641 1 1 2
785840039 9630533
164688716 0 0 1
9630533
738567507 1 0 1
414777681
485001064 1 1 2
414777681 157731386
92050248 1 1 3
102799612 9630533 9630533
921466985 1 0 2
9630533 414777681
639720186 1 1 3
102799612 785840039 102799612
810650579 0 1 1
414777681
441492879 1 1 2
102799612 414777681
465878642 0 1 3
157731386 9630533 785840039
979321687 0 0 3
785840039 102799612 102799612
533480453 0 0 3
157731386 102799612 157731386
561490973 1 1 3
414777681 785840039 157731386
14871414 1 1 3
102799612 414777681 102799612
861755571 1 1 3
157731386 102799612 414777681
574191024 1 1 1
102799612
160183700 1 0 2
9630533 157731386
7561160 1 1 3
414777681 414777681 414777681
82840749 1 1 1
9630533
485922747 1 1 1
102799612
398645615 1 1 2
9630533 157731386
252287345 0 0 1
9630533
43881081 1 1 1
785840039
491035313 1 1 1
9630533
720120223 0 1 2
102799612 414777681
625980610 1 1 1
785840039
877032117 0 1 3
9630533 157731386 785840039
529406826 0 1 2
9630533 102799612
272504711 0 1 1
785840039
220127098 1 0 1
102799612
941047086 1 1 1
102799612
574191024 1 0 1
102799612
443000742 1 0 2
785840039 9630533
781694170 0 1 3
157731386 414777681 785840039
212658794 0 1 3
102799612 785840039 414777681
695494588 0 1 1
102799612
197052747 1 1 2
9630533 157731386
750840395 0 0 2
414777681 157731386
397576701 1 1 3
157731386 414777681 785840039
469477924 0 1 2
157731386 9630533
266500781 0 1 1
157731386
972022355 1 1 1
9630533
272504711 0 0 1
785840039
631139565 0 1 1
157731386
751501844 0 1 3
102799612 102799612 102799612
240194657 1 0 1
157731386
64072602 0 1 2
785840039 414777681
123376102 1 1 3
157731386 102799612 157731386
414668774 0 1 3
785840039 9630533 102799612
505565480 1 1 1
414777681
268069382 1 0 3
9630533 414777681 157731386
589254743 1 1 1
157731386
976159746 1 1 3
9630533 157731386 785840039
721929302 1 0 2
9630533 102799612
128076848 0 0 3
157731386 9630533 157731386
520436894 0 1 1
157731386
77873802 0 0 2
102799612 157731386
303526665 0 1 2
157731386 785840039
402867121 1 1 1
157731386
380514405 0 1 1
9630533
386367414 0 1 2
414777681 9630533
888789867 1 1 2
102799612 785840039
293629983 1 0 1
414777681
779160019 1 1 2
785840039 102799612
282764846 0 1 2
9630533 102799612
232341531 1 1 3
102799612 785840039 157731386
351796593 0 1 1
785840039
761261807 1 1 1
414777681
109373647 0 1 2
414777681 414777681
729583178 0 0 2
157731386 414777681
881203418 1 1 3
157731386 414777681 414777681
33766517 0 1 3
414777681 157731386 102799612
221085179 1 0 2
102799612 157731386
902937084 1 1 3
102799612 414777681 102799612
515413939 0 1 1
157731386
246425310 1 1 1
785840039
450948023 1 1 2
414777681 157731386
712466685 1 1 1
414777681
496518363 0 1 3
414777681 785840039 102799612
920425946 0 1 2
414777681 414777681
978967465 1 1 1
102799612
468540717 0 1 1
157731386
404081862 0 1 3
414777681 785840039 785840039
450948023 1 0 2
414777681 157731386
582985660 1 1 2
9630533 414777681
385129670 1 1 1
102799612
527457964 1 1 1
414777681
391084456 0 0 2
414777681 157731386
997654433 0 1 3
414777681 102799612 9630533
901931151 1 0 1
102799612
197052747 1 0 2
9630533 157731386
404081862 0 0 3
414777681 785840039 785840039
890695149 0 1 1
414777681
969229058 1 1 1
785840039
826330530 0 1 2
785840039 785840039
263648394 0 1 1
157731386
272755723 0 1 1
157731386
81714002 0 1 2
785840039 414777681
881203418 1 0 3
157731386 414777681 414777681
644162798 1 1 1
102799612
511639488 0 1 3
785840039 9630533 157731386
970503868 0 1 1
9630533
275839168 0 1 1
157731386
794404333 0 1 2
102799612 102799612
55361750 0 1 1
9630533
480152113 1 1 2
785840039 785840039
408182491 1 1 2
102799612 414777681
17251748 0 1 2
785840039 414777681
213871882 0 1 2
414777681 9630533
441949008 1 1 2
9630533 414777681
772705183 0 1 2
157731386 157731386
729285821 1 1 3
9630533 102799612 102799612
540890669 0 1 1
414777681
76169557 1 1 1
102799612
704905489 0 0 1
9630533
294268857 1 1 3
414777681 785840039 102799612
37409031 1 1 3
9630533 102799612 414777681
996595503 1 1 1
157731386
125752674 1 1 2
102799612 785840039
358466099 0 1 2
785840039 785840039
253193716 0 1 3
102799612 157731386 414777681
801573106 1 0 1
414777681
708738333 0 1 2
157731386 9630533
743595768 0 1 3
785840039 414777681 9630533
633168031 0 1 2
414777681 785840039
558909118 0 1 3
9630533 102799612 9630533
486807269 0 1 3
785840039 785840039 785840039
602397089 1 1 3
157731386 9630533 9630533
237755999 1 1 1
785840039
489316468 1 0 1
157731386
750455662 0 1 2
102799612 785840039
727669163 1 1 2
785840039 157731386
319470001 1 1 3
9630533 157731386 785840039
247134812 0 1 2
414777681 102799612
239308650 1 1 3
157731386 157731386 157731386
142490220 1 1 3
9630533 102799612 785840039
408182491 1 0 2
102799612 414777681
375490331 1 1 1
157731386
886229334 0 1 3
414777681 785840039 9630533
50368322 1 1 2
9630533 102799612
855642443 0 1 3
785840039 9630533 414777681
294411824 0 1 2
157731386 157731386
67620069 0 1 2
9630533 414777681
69514325 0 1 1
9630533
588877183 1 1 3
9630533 9630533 414777681
840325252 1 1 2
102799612 9630533
543360578 1 0 1
785840039
798800145 1 1 2
785840039 785840039
511639488 0 0 3
785840039 9630533 157731386
443365374 0 0 1
785840039
385347538 0 0 3
9630533 157731386 9630533
129767852 1 1 2
414777681 414777681
916494808 1 1 3
157731386 9630533 102799612
537011395 1 0 3
414777681 102799612 157731386
93069001 0 1 2
157731386 9630533
47891660 0 0 1
9630533
19693234 0 1 1
102799612
765606662 0 1 1
9630533
375490331 1 0 1
157731386
163071234 1 0 2
9630533 785840039
71338026 0 1 1
9630533
378159333 0 1 1
9630533
240864492 0 0 2
9630533 102799612
871316730 1 1 2
785840039 157731386
780076359 0 1 1
414777681
121755100 1 1 3
102799612 102799612 157731386
504484760 1 1 2
414777681 9630533
191501828 0 1 3
102799612 785840039 414777681
378159333 0 0 1
9630533
608562368 1 1 1
785840039
959398200 0 1 3
9630533 9630533 414777681
281774178 1 1 1
102799612
211534382 0 1 3
157731386 785840039 9630533
687067362 1 1 1
785840039
601244178 0 1 1
9630533
311185545 1 1 3
9630533 9630533 785840039
778892363 0 1 1
102799612
596250750 1 1 1
9630533
739955154 1 0 1
157731386
686675875 1 1 1
9630533
665121696 0 1 1
102799612
646619071 1 1 1
9630533
688345631 0 0 1
157731386
542318318 0 1 3
785840039 9630533 102799612
812049872 0 1 3
9630533 157731386 102799612
76169557 1 0 1
102799612
714239139 1 1 1
102799612
319470001 1 0 3
9630533 157731386 785840039
687067362 1 0 1
785840039
464348994 1 1 2
102799612 785840039
400927054 1 1 1
9630533
407080742 1 1 2
102799612 102799612
115665490 1 1 3
102799612 102799612 102799612
383211257 0 1 3
102799612 157731386 102799612
959398200 0 0 3
9630533 9630533 414777681
176091902 0 1 1
9630533
729285821 1 0 3
9630533 102799612 102799612
61250842 1 1 2
785840039 9630533
402904491 0 1 1
414777681
871316730 1 0 2
785840039 157731386
794214915 0 1 3
157731386 785840039 785840039
132588868 1 1 3
102799612 9630533 157731386
781063823 0 1 1
785840039
665531644 0 1 2
157731386 157731386
961040332 1 0 2
102799612 785840039
912665226 1 1 2
414777681 9630533
902818922 1 1 3
785840039 414777681 157731386
22532756 0 1 2
9630533 102799612
956683405 0 1 3
785840039 9630533 102799612
363897642 0 1 3
9630533 9630533 9630533
981930955 0 1 3
9630533 157731386 102799612
238457582 0 1 2
157731386 785840039
427948375 0 1 3
785840039 9630533 102799612
521514669 0 1 3
102799612 9630533 414777681
33766517 0 0 3
414777681 157731386 102799612
692218112 1 1 3
9630533 157731386 414777681
739133919 0 1 1
414777681
582985660 1 0 2
9630533 414777681
152923383 0 1 3
414777681 9630533 785840039
588877183 1 0 3
9630533 9630533 414777681
288468861 1 1 2
9630533 9630533
425809793 0 1 3
102799612 414777681 414777681
818045079 0 1 1
9630533
935087931 1 1 2
414777681 414777681
820644462 0 1 2
785840039 9630533
902818922 1 0 3
785840039 414777681 157731386
482611302 1 1 1
414777681
238457582 0 0 2
157731386 785840039
501843421 1 1 1
157731386
284993455 1 1 1
157731386
383211257 0 0 3
102799612 157731386 102799612
883538355 0 1 1
9630533
761440515 0 1 2
102799612 9630533
400658944 1 1 3
102799612 785840039 9630533
119265964 0 1 3
157731386 102799612 785840039
937532416 1 1 1
414777681
468540717 0 0 1
157731386
461909786 1 1 2
157731386 102799612
522170454 1 1 1
9630533
855642443 0 0 3
785840039 9630533 414777681
992689746 0 0 1
9630533
402867121 1 0 1
157731386
371419552 1 0 1
157731386
584263682 0 1 3
9630533 414777681 414777681
594498653 1 1 3
157731386 102799612 9630533
303234276 0 1 2
414777681 9630533
102311678 1 1 1
157731386
359680230 0 1 1
414777681
246425310 1 0 1
785840039
58569549 0 1 3
414777681 785840039 785840039
124844433 1 1 2
157731386 157731386
168879986 1 1 2
102799612 414777681
274983542 0 1 3
414777681 157731386 785840039
959291739 1 1 1
102799612
359680230 0 0 1
414777681
646619071 1 0 1
9630533
407337567 0 1 3
785840039 785840039 785840039
702931916 1 1 3
414777681 9630533 9630533
333322759 0 1 3
157731386 157731386 785840039
99555678 0 1 3
157731386 414777681 157731386
442065834 1 1 2
785840039 9630533
488597376 1 0 3
785840039 9630533 9630533
486246142 0 1 2
102799612 414777681
307381665 1 0 2
157731386 414777681
240540890 1 1 1
785840039
720391979 0 1 2
9630533 9630533
156807572 0 1 3
9630533 157731386 157731386
28145172 0 1 3
9630533 785840039 785840039
541036440 0 1 1
414777681
639418873 0 1 3
157731386 414777681 102799612
382504945 0 1 1
157731386
294411824 0 0 2
157731386 157731386
678546247 1 1 2
102799612 414777681
375473579 1 1 3
102799612 785840039 102799612
143945459 1 1 2
785840039 102799612
79205190 0 1 3
157731386 414777681 785840039
191501828 0 0 3
102799612 785840039 414777681
494739542 0 1 2
157731386 9630533
441492879 1 0 2
102799612 414777681
933994226 1 1 2
157731386 157731386
393631327 1 1 3
102799612 785840039 102799612
16909995 0 1 3
102799612 9630533 9630533
518257907 1 1 2
785840039 414777681
840646331 1 1 2
9630533 785840039
172660622 0 1 3
157731386 102799612 9630533
620569584 1 1 1
9630533
52842912 0 1 1
414777681
231230171 0 1 1
785840039
597930368 0 1 2
9630533 414777681
221722897 0 1 1
9630533
506213712 0 1 1
785840039
557222107 1 1 3
785840039 157731386 414777681
629060464 0 1 2
9630533 785840039
61661980 0 1 2
102799612 414777681
890544865 0 1 1
157731386
581132493 1 1 1
414777681
503727813 1 1 2
9630533 414777681
229307358 0 1 2
9630533 157731386
674189735 0 1 1
102799612
125752674 1 0 2
102799612 785840039
76636143 0 1 1
414777681
386114929 0 1 2
785840039 414777681
781063823 0 0 1
785840039
702334906 1 1 1
102799612
891555521 0 0 2
102799612 785840039
617672583 1 1 3
414777681 102799612 157731386
25533801 0 1 1
414777681
826330530 0 0 2
785840039 785840039
84839850 1 1 1
9630533
148735181 1 1 1
414777681
401007380 0 1 3
102799612 785840039 9630533
375473579 1 0 3
102799612 785840039 102799612
81301660 0 1 1
785840039
80456722 0 1 1
414777681
895746921 1 1 2
9630533 785840039
15295885 1 1 2
785840039 157731386
474088049 0 1 1
9630533
765173268 1 1 2
785840039 9630533
781694170 0 0 3
157731386 414777681 785840039
386070144 1 1 1
414777681
959291739 1 0 1
102799612
167250731 0 1 3
785840039 414777681 102799612
937833889 0 1 2
102799612 785840039
859156079 1 1 1
785840039
220093643 1 1 2
9630533 157731386
911731724 0 0 2
157731386 785840039
21580411 0 1 3
102799612 9630533 785840039
457086447 0 1 1
9630533
441816539 1 1 1
785840039
527794123 1 1 2
157731386 785840039
866824905 0 1 2
102799612 414777681
70877002 1 1 1
785840039
589456102 1 1 3
102799612 785840039 414777681
609886121 0 1 3
9630533 414777681 102799612
504525847 1 1 2
102799612 414777681
945700266 0 1 3
157731386 414777681 157731386
839193479 0 1 1
9630533
28587694 0 0 1
102799612
31231933 1 1 3
785840039 102799612 102799612
22336409 1 1 1
414777681
225308407 1 1 3
102799612 102799612 414777681
765606662 0 0 1
9630533
733566838 0 1 1
9630533
282764846 0 0 2
9630533 102799612
492525343 0 1 1
102799612
103358560 0 1 2
785840039 9630533
670923040 0 1 2
785840039 102799612
641260523 1 1 3
157731386 414777681 9630533
504365939 1 1 3
157731386 102799612 785840039
604741051 1 1 1
9630533
721717244 1 1 2
414777681 157731386
252629211 0 1 2
414777681 102799612
472553288 1 1 3
102799612 414777681 9630533
48321644 0 1 2
414777681 785840039
17802478 1 1 1
414777681
858623431 0 1 1
414777681
215572375 1 1 2
157731386 785840039
808152719 1 1 2
102799612 9630533
570295861 1 1 3
414777681 414777681 157731386
435666017 0 1 3
414777681 414777681 9630533
829733129 1 1 1
414777681
27382307 0 1 2
414777681 785840039
877482555 1 1 2
785840039 785840039
545878358 1 0 3
9630533 157731386 157731386
210043603 0 1 3
785840039 785840039 414777681
486246142 0 0 2
102799612 414777681
746723563 1 1 3
785840039 157731386 157731386
800875909 1 1 3
785840039 102799612 157731386
799499704 1 1 1
102799612
356609684 1 1 1
414777681
157918107 0 1 3
414777681 102799612 157731386
597716322 1 1 1
157731386
48319514 0 1 1
414777681
189150039 0 1 2
9630533 9630533
620052730 0 1 1
785840039
273627920 0 1 1
9630533
922716876 0 1 3
785840039 9630533 9630533
112578072 0 1 2
157731386 9630533
376986479 0 1 2
414777681 157731386
446156267 0 1 3
414777681 785840039 785840039
606354946 0 1 1
157731386
733868769 0 1 1
157731386
400927054 1 0 1
9630533
43881081 1 0 1
785840039
80456722 0 0 1
414777681
50897318 0 1 2
9630533 785840039
328072189 1 1 1
9630533
986497980 1 1 1
785840039
375966957 1 1 3
102799612 9630533 157731386
376393833 1 1 2
157731386 414777681
856816809 1 1 1
9630533
87106739 0 1 1
102799612
591966207 0 1 2
785840039 157731386
517485879 1 1 3
785840039 9630533 414777681
657402599 0 1 3
9630533 785840039 102799612
27632223 0 1 3
785840039 102799612 102799612
347219008 1 1 1
414777681
537301258 1 1 1
785840039
757631129 0 1 3
9630533 102799612 157731386
557262610 1 1 1
102799612
284024820 0 1 1
785840039
975478053 0 0 1
157731386
558507037 0 1 2
9630533 9630533
209278666 1 1 1
785840039
493150855 1 1 2
157731386 9630533
496518363 0 0 3
414777681 785840039 102799612
716425143 1 1 3
414777681 157731386 414777681
806994987 1 1 3
785840039 157731386 157731386
541470368 0 1 3
102799612 102799612 9630533
905575181 0 1 1
102799612
279564068 1 1 2
9630533 102799612
815098288 0 1 1
785840039
124844433 1 0 2
157731386 157731386
680808409 1 1 3
102799612 102799612 102799612
244658491 1 1 2
102799612 157731386
44601118 0 1 2
157731386 785840039
979481027 1 1 3
785840039 785840039 414777681
851013436 1 1 2
785840039 785840039
778469887 1 1 3
9630533 414777681 414777681
882894696 0 1 1
414777681
31601976 1 1 2
102799612 157731386
541470368 0 0 3
102799612 102799612 9630533
617484218 0 1 2
157731386 414777681
220093643 1 0 2
9630533 157731386
258861652 0 1 3
785840039 102799612 414777681
935087931 1 0 2
414777681 414777681
260512160 1 1 2
9630533 9630533
326817378 1 1 1
785840039
345968390 0 1 3
102799612 785840039 414777681
852478366 0 1 1
9630533
844303257 0 1 1
414777681
3370989 1 1 3
102799612 102799612 785840039
732626940 1 1 3
785840039 102799612 102799612
44038616 1 1 2
785840039 414777681
969229058 1 0 1
785840039
393188598 1 1 1
414777681
342774421 1 1 2
157731386 9630533
453817577 0 1 2
102799612 785840039
677213417 0 1 2
157731386 785840039
237755999 1 0 1
785840039
527794123 1 0 2
157731386 785840039
901281457 0 1 3
414777681 157731386 102799612
663096242 0 1 3
157731386 102799612 102799612
22880624 0 1 1
414777681
470222952 1 1 2
785840039 785840039
322607580 0 1 1
785840039
564350991 1 1 3
102799612 414777681 414777681
228314484 0 1 2
9630533 157731386
454687999 1 1 3
102799612 102799612 157731386
231965630 0 1 2
102799612 785840039
761639244 1 1 2
9630533 785840039
699346489 0 1 2
157731386 785840039
276566748 0 1 3
102799612 785840039 102799612
741120271 0 1 3
9630533 9630533 157731386
402876276 0 1 2
157731386 414777681
907552986 1 1 1
785840039
476531318 0 1 2
102799612 414777681
286994604 1 1 2
785840039 414777681
617672583 1 0 3
414777681 102799612 157731386
81714002 0 0 2
785840039 414777681
377553555 1 1 2
785840039 102799612
98617491 1 0 2
9630533 102799612
735392970 1 1 3
102799612 157731386 102799612
547506763 0 1 3
785840039 414777681 102799612
704370932 0 1 1
9630533
933877711 1 1 3
414777681 414777681 9630533
778469887 1 0 3
9630533 414777681 414777681
252501481 0 1 3
9630533 785840039 414777681
895746921 1 0 2
9630533 785840039
401190540 0 1 3
414777681 9630533 414777681
789765051 0 1 2
785840039 102799612
985128420 0 1 1
785840039
297745507 1 1 1
9630533
812049872 0 0 3
9630533 157731386 102799612
639418873 0 0 3
157731386 414777681 102799612
363897642 0 0 3
9630533 9630533 9630533
182953648 1 1 2
414777681 9630533
180419192 1 1 2
102799612 785840039
180419192 1 0 2
102799612 785840039
751563084 0 1 1
414777681
712683417 1 1 1
785840039
81700649 0 1 1
414777681
267175677 1 1 3
157731386 785840039 9630533
735564040 0 1 1
9630533
503727813 1 0 2
9630533 414777681
231965630 0 0 2
102799612 785840039
404439952 1 1 3
785840039 102799612 414777681
589783257 1 1 1
414777681
299915030 0 1 3
9630533 102799612 157731386
485270787 1 1 3
9630533 157731386 9630533
44471255 0 1 1
785840039
531880660 0 1 2
157731386 157731386
620569584 1 0 1
9630533
246910031 1 1 2
102799612 157731386
596334096 0 1 1
414777681
596334096 0 0 1
414777681
660963759 1 1 1
157731386
840546653 1 1 2
785840039 157731386
851726723 0 1 2
414777681 414777681
402904491 0 0 1
414777681
568516744 0 1 2
157731386 785840039
317077970 0 1 3
414777681 785840039 414777681
138721326 1 1 3
414777681 102799612 414777681
946070298 1 1 3
414777681 785840039 102799612
904987291 1 1 2
9630533 785840039
686228089 0 1 2
102799612 157731386
502957581 0 1 2
9630533 9630533
838865002 1 1 2
9630533 414777681
938729569 0 1 3
9630533 414777681 157731386
756664473 1 1 3
157731386 414777681 102799612
481146404 0 1 3
9630533 157731386 414777681
776374340 0 1 3
157731386 102799612 414777681
284993455 1 0 1
157731386
103358560 0 0 2
785840039 9630533
54409979 1 1 2
157731386 102799612
664100052 1 1 1
785840039
956793532 1 1 2
102799612 414777681
805973062 0 1 1
102799612
209278666 1 0 1
785840039
229299820 0 1 2
9630533 157731386
891010532 0 1 3
414777681 157731386 102799612
303234276 0 0 2
414777681 9630533
148735181 1 0 1
414777681
73148739 0 1 2
102799612 785840039
239308650 1 0 3
157731386 157731386 157731386
964863859 1 1 2
102799612 157731386
147966835 0 1 3
9630533 9630533 157731386
515448347 0 1 3
414777681 9630533 785840039
117295240 0 1 1
102799612
633237621 1 1 2
414777681 785840039
382504945 0 0 1
157731386
412435953 0 1 1
414777681
649175899 1 1 3
414777681 785840039 9630533
732664003 0 1 3
157731386 414777681 785840039
861286400 0 1 3
414777681 785840039 414777681
162656009 1 1 2
157731386 102799612
573210655 0 1 1
414777681
713013123 0 1 1
785840039
731172752 1 1 3
414777681 9630533 414777681
742804977 0 1 2
9630533 157731386
704250800 1 1 3
785840039 102799612 785840039
529759401 1 1 3
785840039 414777681 785840039
647792267 1 1 2
9630533 157731386
242995240 0 1 3
785840039 414777681 785840039
885233334 0 1 1
102799612
287503396 0 0 2
102799612 785840039
339173620 1 1 3
102799612 102799612 414777681
34241160 0 1 3
157731386 9630533 9630533
641897806 1 1 3
157731386 157731386 785840039
820320024 0 1 3
9630533 785840039 414777681
810615500 0 1 3
9630533 9630533 157731386
273627920 0 0 1
9630533
548824136 0 1 2
785840039 9630533
129767852 1 0 2
414777681 414777681
336936427 0 1 1
157731386
619925383 0 1 3
414777681 785840039 102799612
207313550 1 1 3
102799612 414777681 414777681
566236246 0 1 3
9630533 414777681 102799612
363452266 1 1 2
785840039 785840039
132978640 0 1 3
785840039 102799612 102799612
383616456 0 1 2
414777681 102799612
363935452 1 1 3
102799612 9630533 414777681
648426986 1 1 2
9630533 102799612
500911695 1 1 2
785840039 157731386
997173072 0 1 1
785840039
913379290 1 1 2
157731386 785840039
64072602 0 0 2
785840039 414777681
2603946 1 1 1
785840039
582353427 0 1 2
157731386 785840039
774665690 0 1 3
414777681 157731386 9630533
998728487 0 0 1
157731386
165259954 1 1 1
414777681
8080433 1 1 3
157731386 414777681 157731386
340195164 1 1 1
414777681
896432706 0 1 2
102799612 785840039
750885409 0 1 3
102799612 9630533 102799612
44445963 1 1 2
785840039 9630533
278708458 1 1 2
157731386 414777681
251194028 1 1 1
157731386
139957555 0 1 1
414777681
16458143 1 1 2
785840039 785840039
590367647 0 1 1
414777681
174198714 0 1 3
785840039 9630533 157731386
658355948 1 1 2
9630533 9630533
263204022 0 1 2
102799612 414777681
984814213 1 1 3
157731386 102799612 414777681
59696436 1 1 2
157731386 785840039
452656800 1 1 3
9630533 102799612 414777681
457255947 0 1 2
785840039 9630533
267009985 0 1 2
102799612 785840039
18893045 0 1 1
9630533
673224564 1 1 2
785840039 102799612
342774421 1 0 2
157731386 9630533
48319514 0 0 1
414777681
399988624 0 1 3
102799612 414777681 414777681
255025852 1 1 2
102799612 9630533
37160015 0 1 1
102799612
48415609 1 1 1
157731386
469477924 0 0 2
157731386 9630533
933994226 1 0 2
157731386 157731386
755937547 0 1 3
102799612 157731386 102799612
886849439 0 1 1
102799612
814311250 0 1 3
414777681 157731386 785840039
500911695 1 0 2
785840039 157731386
758541492 0 1 3
157731386 785840039 785840039
469202865 1 1 3
9630533 785840039 414777681
441493291 0 1 2
157731386 785840039
997173072 0 0 1
785840039
923801445 0 1 2
102799612 785840039
477283297 0 1 1
9630533
757631129 0 0 3
9630533 102799612 157731386
781688454 0 1 1
9630533
672750502 1 1 3
157731386 157731386 157731386
80685058 0 1 1
414777681
678650769 0 1 3
9630533 785840039 414777681
951458960 1 1 1
785840039
331879085 1 1 2
785840039 785840039
844303257 0 0 1
414777681
818608323 1 1 2
414777681 157731386
888789867 1 0 2
102799612 785840039
967917102 1 1 1
157731386
922246731 1 1 1
785840039
992807036 0 1 2
785840039 9630533
478789402 0 1 2
157731386 414777681
18893045 0 0 1
9630533
37967105 0 1 2
9630533 785840039
830137601 0 1 1
102799612
538485837 1 1 2
102799612 102799612
490623904 1 1 3
102799612 414777681 157731386
139909899 0 1 1
785840039
805495821 0 1 1
414777681
672750502 1 0 3
157731386 157731386 157731386
362033301 0 1 2
9630533 102799612
252629211 0 0 2
414777681 102799612
813134463 0 1 3
414777681 414777681 102799612
58000796 0 1 3
157731386 414777681 414777681
617059152 1 1 3
102799612 414777681 157731386
702810829 1 1 2
102799612 414777681
106416404 0 1 1
785840039
225513050 1 1 2
9630533 9630533
589660267 0 1 3
785840039 414777681 157731386
491035313 1 0 1
9630533
773244005 1 1 3
157731386 157731386 414777681
393631327 1 0 3
102799612 785840039 102799612
984054541 0 1 2
157731386 785840039
911379483 1 1 1
9630533
214737296 1 1 3
102799612 9630533 157731386
907855986 1 1 1
414777681
241179132 0 1 3
414777681 102799612 785840039
848942101 0 1 2
102799612 9630533
433122839 1 1 1
102799612
321864189 1 1 1
9630533
380109221 0 1 2
157731386 414777681
237098150 0 1 2
157731386 157731386
25533801 0 0 1
414777681
653743273 1 1 1
102799612
115665490 1 0 3
102799612 102799612 102799612
44471255 0 0 1
785840039
51233895 1 1 3
785840039 414777681 785840039
57531604 1 1 3
785840039 157731386 9630533
428506355 0 1 2
9630533 102799612
44040931 1 1 1
102799612
536321005 1 1 1
157731386
347219008 1 0 1
414777681
466473459 1 1 2
102799612 414777681
726694883 1 1 1
785840039
927323193 1 1 2
414777681 9630533
809613715 1 1 3
9630533 785840039 414777681
719121133 0 1 3
9630533 102799612 102799612
585335365 1 1 3
102799612 157731386 785840039
24163367 0 1 2
785840039 102799612
384771947 1 1 1
102799612
211908220 0 0 1
157731386
643336160 0 1 3
9630533 785840039 102799612
641222518 1 1 1
414777681
87582776 0 1 2
785840039 157731386
602268915 0 1 2
9630533 414777681
896432706 0 0 2
102799612 785840039
866735568 0 1 1
414777681
529759394 1 1 3
157731386 9630533 414777681
858623431 0 0 1
414777681
905575181 0 0 1
102799612
517485879 1 0 3
785840039 9630533 414777681
375512919 1 1 3
102799612 414777681 102799612
703306460 1 1 3
414777681 102799612 785840039
441138877 0 1 2
414777681 157731386
442766566 1 1 3
9630533 9630533 157731386
463678797 1 1 3
9630533 157731386 785840039
682318008 1 1 3
9630533 157731386 414777681
291708667 0 1 3
414777681 102799612 102799612
896801636 0 1 3
9630533 157731386 9630533
986497980 1 0 1
785840039
4182196 0 1 2
414777681 157731386
671817887 0 1 3
102799612 102799612 9630533
133899785 0 1 3
785840039 414777681 9630533
510441820 1 1 3
9630533 102799612 102799612
267175677 1 0 3
157731386 785840039 9630533
723051782 0 1 3
102799612 785840039 414777681
321864189 1 0 1
9630533
539581514 1 0 2
785840039 9630533
191431388 1 1 2
102799612 9630533
938948174 0 1 2
9630533 785840039
619609064 1 1 3
9630533 414777681 785840039
580268744 1 1 1
102799612
257937985 0 1 1
102799612
815098288 0 0 1
785840039
198820298 1 1 2
9630533 157731386
507591936 1 1 2
9630533 9630533
67551699 0 1 3
785840039 785840039 102799612
55361750 0 0 1
9630533
917941430 1 1 1
414777681
92927300 1 1 2
785840039 157731386
838865002 1 0 2
9630533 414777681
91715065 0 1 1
102799612
155229729 0 1 3
9630533 414777681 102799612
588779811 0 1 3
414777681 414777681 9630533
907855986 1 0 1
414777681
585453934 0 1 1
102799612
242812504 0 1 3
785840039 9630533 414777681
191048725 0 1 3
785840039 102799612 157731386
304705853 0 1 1
102799612
772571897 0 1 1
102799612
419077996 1 1 2
157731386 102799612
937833889 0 0 2
102799612 785840039
8012313 1 1 3
157731386 414777681 9630533
66227125 1 1 3
9630533 157731386 414777681
946070298 1 0 3
414777681 785840039 102799612
861844561 1 1 1
102799612
471691109 0 1 3
157731386 785840039 414777681
601061484 1 1 3
414777681 9630533 157731386
6069579 1 1 1
785840039
221009096 1 1 3
785840039 9630533 9630533
457760031 1 1 3
414777681 102799612 9630533
677887466 1 1 2
102799612 157731386
354908881 0 1 3
414777681 414777681 157731386
968201850 1 1 3
414777681 414777681 102799612
253455599 0 1 1
102799612
398856620 1 1 1
414777681
907150024 1 1 3
157731386 102799612 102799612
725581014 1 1 1
157731386
979125364 0 1 1
157731386
17604360 0 1 2
414777681 9630533
924401311 1 1 2
9630533 414777681
339233651 1 1 3
102799612 157731386 9630533
85156058 1 1 1
785840039
694859092 1 1 1
9630533
244658491 1 0 2
102799612 157731386
284677303 1 1 2
157731386 9630533
29387474 1 1 2
9630533 9630533
850088820 1 1 1
102799612
873457113 0 1 3
9630533 102799612 414777681
614841407 0 1 1
9630533
945417675 0 1 2
102799612 785840039
64505838 0 1 1
9630533
919547260 1 1 2
157731386 414777681
570505924 0 1 2
9630533 414777681
336100185 0 1 1
9630533
927559572 1 1 2
414777681 9630533
694859092 1 0 1
9630533
279564068 1 0 2
9630533 102799612
636733048 1 1 2
102799612 9630533
197944745 1 1 2
102799612 157731386
251767032 1 1 2
157731386 157731386
90310884 1 1 2
9630533 157731386
204014324 0 1 1
785840039
472776128 1 1 2
9630533 785840039
548070914 0 1 2
9630533 414777681
734418141 1 1 1
102799612
284677303 1 0 2
157731386 9630533
680201360 0 1 2
414777681 9630533
516272764 1 1 3
785840039 414777681 785840039
987873739 1 1 1
157731386
79057979 0 1 2
9630533 414777681
275939139 0 1 1
9630533
565971104 1 1 2
102799612 102799612
58183342 0 1 1
9630533
293543498 1 1 3
785840039 102799612 414777681
342888766 1 1 3
157731386 414777681 785840039
249933345 0 1 2
157731386 414777681
231215907 1 1 2
785840039 157731386
453817577 0 0 2
102799612 785840039
37747857 0 1 3
785840039 9630533 785840039
198820298 1 0 2
9630533 157731386
534610647 0 1 1
9630533
260603380 1 1 3
414777681 102799612 785840039
231230171 0 0 1
785840039
740353029 1 1 3
102799612 414777681 102799612
408067759 0 1 1
414777681
229299820 0 0 2
9630533 157731386
351796593 0 0 1
785840039
875444786 0 1 1
785840039
538287055 0 1 3
414777681 414777681 157731386
325089948 0 1 1
157731386
794992045 0 1 3
157731386 102799612 157731386
529759401 1 0 3
785840039 414777681 785840039
773244005 1 0 3
157731386 157731386 414777681
108792978 0 1 1
785840039
661190132 1 1 3
157731386 414777681 102799612
575067968 1 1 1
414777681
598042378 1 1 1
157731386
336100185 0 0 1
9630533
711651229 1 1 1
102799612
566236246 0 0 3
9630533 414777681 102799612
679351352 1 1 1
9630533
665531644 0 0 2
157731386 157731386
688353261 1 1 2
102799612 414777681
253455599 0 0 1
102799612
907150024 1 0 3
157731386 102799612 102799612
743595768 0 0 3
785840039 414777681 9630533
985128420 0 0 1
785840039
915665552 1 1 2
9630533 9630533
4643831 1 1 3
785840039 157731386 785840039
19693234 0 0 1
102799612
236424174 1 1 3
785840039 785840039 785840039
50897318 0 0 2
9630533 785840039
620052730 0 0 1
785840039
502600044 1 1 3
9630533 102799612 9630533
349442632 0 0 1
414777681
485270787 1 0 3
9630533 157731386 9630533
684845190 1 1 3
9630533 9630533 9630533
617484218 0 0 2
157731386 414777681
52842912 0 0 1
414777681
605213289 1 1 2
414777681 9630533
342990134 1 1 3
785840039 157731386 102799612
211534382 0 0 3
157731386 785840039 9630533
763903168 1 1 3
414777681 785840039 414777681
253193716 0 0 3
102799612 157731386 414777681
772571897 0 0 1
102799612
881152427 1 1 3
785840039 9630533 414777681
547506763 0 0 3
785840039 414777681 102799612
882894696 0 0 1
414777681
984054541 0 0 2
157731386 785840039
818608323 1 0 2
414777681 157731386
317077970 0 0 3
414777681 785840039 414777681
908961237 1 1 3
157731386 157731386 157731386
674602862 1 1 1
157731386
481146404 0 0 3
9630533 157731386 414777681
457760031 1 0 3
414777681 102799612 9630533
225308407 1 0 3
102799612 102799612 414777681
167019483 0 0 2
102799612 414777681
813134463 0 0 3
414777681 414777681 102799612
557262610 1 0 1
102799612
984814213 1 0 3
157731386 102799612 414777681
260603380 1 0 3
414777681 102799612 785840039
375512919 1 0 3
102799612 414777681 102799612
87582776 0 0 2
785840039 157731386
717202122 0 0 1
414777681
172660622 0 0 3
157731386 102799612 9630533
799499704 1 0 1
102799612
4643831 1 0 3
785840039 157731386 785840039
288468861 1 0 2
9630533 9630533
840325252 1 0 2
102799612 9630533
837916182 1 0 1
785840039
890544865 0 0 1
157731386
377553555 1 0 2
785840039 102799612
825208250 0 0 2
9630533 102799612
412435953 0 0 1
414777681
304705853 0 0 1
102799612
321474609 0 0 2
414777681 102799612
376393833 1 0 2
157731386 414777681
673224564 1 0 2
785840039 102799612
303526665 0 0 2
157731386 785840039
589660267 0 0 3
785840039 414777681 157731386
311185545 1 0 3
9630533 9630533 785840039
521514669 0 0 3
102799612 9630533 414777681
590367647 0 0 1
414777681
278708458 1 0 2
157731386 414777681
979481027 1 0 3
785840039 785840039 414777681
891010532 0 0 3
414777681 157731386 102799612
859156079 1 0 1
785840039
923801445 0 0 2
102799612 785840039
534610647 0 0 1
9630533
686228089 0 0 2
102799612 157731386
702334906 1 0 1
102799612
376986479 0 0 2
414777681 157731386
380109221 0 0 2
157731386 414777681
881152427 1 0 3
785840039 9630533 414777681
761261807 1 0 1
414777681
657402599 0 0 3
9630533 785840039 102799612
810615500 0 0 3
9630533 9630533 157731386
987873739 1 0 1
157731386
457086447 0 0 1
9630533
647792267 1 0 2
9630533 157731386
648426986 1 0 2
9630533 102799612
719121133 0 0 3
9630533 102799612 102799612
91715065 0 0 1
102799612
751563084 0 0 1
414777681
336936427 0 0 1
157731386
7561160 1 0 3
414777681 414777681 414777681
527457964 1 0 1
414777681
810650579 0 0 1
414777681
31601976 1 0 2
102799612 157731386
415358578 0 0 2
785840039 157731386
751501844 0 0 3
102799612 102799612 102799612
809613715 1 0 3
9630533 785840039 414777681
255025852 1 0 2
102799612 9630533
21580411 0 0 3
102799612 9630533 785840039
143945459 1 0 2
785840039 102799612
385129670 1 0 1
102799612
665121696 0 0 1
102799612
702931916 1 0 3
414777681 9630533 9630533
568516744 0 0 2
157731386 785840039
688353261 1 0 2
102799612 414777681
727669163 1 0 2
785840039 157731386
877032117 0 0 3
9630533 157731386 785840039
232341531 1 0 3
102799612 785840039 157731386
945700266 0 0 3
157731386 414777681 157731386
428506355 0 0 2
9630533 102799612
677213417 0 0 2
157731386 785840039
580268744 1 0 1
102799612
927559572 1 0 2
414777681 9630533
732626940 1 0 3
785840039 102799612 102799612
703306460 1 0 3
414777681 102799612 785840039
241179132 0 0 3
414777681 102799612 785840039
548824136 0 0 2
785840039 9630533
3370989 1 0 3
102799612 102799612 785840039
4182196 0 0 2
414777681 157731386
597716322 1 0 1
157731386
682318008 1 0 3
9630533 157731386 414777681
686675875 1 0 1
9630533
441493291 0 0 2
157731386 785840039
398856620 1 0 1
414777681
814311250 0 0 3
414777681 157731386 785840039
840646331 1 0 2
9630533 785840039
267009985 0 0 2
102799612 785840039
58183342 0 0 1
9630533
22880624 0 0 1
414777681
848942101 0 0 2
102799612 9630533
147966835 0 0 3
9630533 9630533 157731386
17802478 1 0 1
414777681
901281457 0 0 3
414777681 157731386 102799612
454687999 1 0 3
102799612 102799612 157731386
614841407 0 0 1
9630533
875444786 0 0 1
785840039
76636143 0 0 1
414777681
670923040 0 0 2
785840039 102799612
808152719 1 0 2
102799612 9630533
806994987 1 0 3
785840039 157731386 157731386
633237621 1 0 2
414777681 785840039
152923383 0 0 3
414777681 9630533 785840039
692218112 1 0 3
9630533 157731386 414777681
398645615 1 0 2
9630533 157731386
407080742 1 0 2
102799612 102799612
24163367 0 0 2
785840039 102799612
476531318 0 0 2
102799612 414777681
275839168 0 0 1
157731386
176091902 0 0 1
9630533
401190540 0 0 3
414777681 9630533 414777681
945417675 0 0 2
102799612 785840039
740353029 1 0 3
102799612 414777681 102799612
912665226 1 0 2
414777681 9630533
231215907 1 0 2
785840039 157731386
794992045 0 0 3
157731386 102799612 157731386
641222518 1 0 1
414777681
505565480 1 0 1
414777681
711651229 1 0 1
102799612
328072189 1 0 1
9630533
407337567 0 0 3
785840039 785840039 785840039
601244178 0 0 1
9630533
938729569 0 0 3
9630533 414777681 157731386
272755723 0 0 1
157731386
720391979 0 0 2
9630533 9630533
117295240 0 0 1
102799612
617059152 1 0 3
102799612 414777681 157731386
608562368 1 0 1
785840039
826158456 0 0 1
414777681
594498653 1 0 3
157731386 102799612 9630533
228314484 0 0 2
9630533 157731386
184917908 0 0 2
414777681 157731386
941047086 1 0 1
102799612
102311678 1 0 1
157731386
252501481 0 0 3
9630533 785840039 414777681
22336409 1 0 1
414777681
573210655 0 0 1
414777681
866735568 0 0 1
414777681
442065834 1 0 2
785840039 9630533
765173268 1 0 2
785840039 9630533
506213712 0 0 1
785840039
890695149 0 0 1
414777681
64014970 1 0 1
157731386
480152113 1 0 2
785840039 785840039
339173620 1 0 3
102799612 102799612 414777681
996595503 1 0 1
157731386
168879986 1 0 2
102799612 414777681
712683417 1 0 1
785840039
485922747 1 0 1
102799612
619925383 0 0 3
414777681 785840039 102799612
51233895 1 0 3
785840039 414777681 785840039
522170454 1 0 1
9630533
917941430 1 0 1
414777681
384771947 1 0 1
102799612
197944745 1 0 2
102799612 157731386
584263682 0 0 3
9630533 414777681 414777681
885233334 0 0 1
102799612
92927300 1 0 2
785840039 157731386
735392970 1 0 3
102799612 157731386 102799612
119265964 0 0 3
157731386 102799612 785840039
48415609 1 0 1
157731386
22532756 0 0 2
9630533 102799612
466473459 1 0 2
102799612 414777681
326817378 1 0 1
785840039
504365939 1 0 3
157731386 102799612 785840039
393188598 1 0 1
414777681
515448347 0 0 3
414777681 9630533 785840039
472553288 1 0 3
102799612 414777681 9630533
81301660 0 0 1
785840039
123376102 1 0 3
157731386 102799612 157731386
92050248 1 0 3
102799612 9630533 9630533
658355948 1 0 2
9630533 9630533
67620069 0 0 2
9630533 414777681
62230552 1 0 3
102799612 414777681 157731386
538485837 1 0 2
102799612 102799612
207313550 1 0 3
102799612 414777681 414777681
87106739 0 0 1
102799612
922716876 0 0 3
785840039 9630533 9630533
851726723 0 0 2
414777681 414777681
69514325 0 0 1
9630533
486807269 0 0 3
785840039 785840039 785840039
679351352 1 0 1
9630533
399988624 0 0 3
102799612 414777681 414777681
794404333 0 0 2
102799612 102799612
439731218 0 0 2
157731386 414777681
886849439 0 0 1
102799612
16458143 1 0 2
785840039 785840039
161661641 1 0 2
785840039 9630533
575067968 1 0 1
414777681
237098150 0 0 2
157731386 157731386
471691109 0 0 3
157731386 785840039 414777681
938948174 0 0 2
9630533 785840039
212658794 0 0 3
102799612 785840039 414777681
904987291 1 0 2
9630533 785840039
99555678 0 0 3
157731386 414777681 157731386
641897806 1 0 3
157731386 157731386 785840039
589254743 1 0 1
157731386
732664003 0 0 3
157731386 414777681 785840039
28145172 0 0 3
9630533 785840039 785840039
520436894 0 0 1
157731386
260512160 1 0 2
9630533 9630533
951458960 1 0 1
785840039
649175899 1 0 3
414777681 785840039 9630533
258861652 0 0 3
785840039 102799612 414777681
536321005 1 0 1
157731386
44601118 0 0 2
157731386 785840039
492525343 0 0 1
102799612
215572375 1 0 2
157731386 785840039
490623904 1 0 3
102799612 414777681 157731386
87637732 1 0 3
102799612 157731386 102799612
257937985 0 0 1
102799612
781688454 0 0 1
9630533
263648394 0 0 1
157731386
441816539 1 0 1
785840039
386114929 0 0 2
785840039 414777681
851013436 1 0 2
785840039 785840039
588779811 0 0 3
414777681 414777681 9630533
8080433 1 0 3
157731386 414777681 157731386
70877002 1 0 1
785840039
266500781 0 0 1
157731386
276566748 0 0 3
102799612 785840039 102799612
502600044 1 0 3
9630533 102799612 9630533
121755100 1 0 3
102799612 102799612 157731386
64505838 0 0 1
9630533
220658822 1 0 1
102799612
758541492 0 0 3
157731386 785840039 785840039
644162798 1 0 1
102799612
585453934 0 0 1
102799612
397576701 1 0 3
157731386 414777681 785840039
216931683 0 0 2
9630533 9630533
386070144 1 0 1
414777681
34241160 0 0 3
157731386 9630533 9630533
507591936 1 0 2
9630533 9630533
902937084 1 0 3
102799612 414777681 102799612
979125364 0 0 1
157731386
972022355 1 0 1
9630533
956770251 0 0 1
157731386
839193479 0 0 1
9630533
504525847 1 0 2
102799612 414777681
992807036 0 0 2
785840039 9630533
861755571 1 0 3
157731386 102799612 414777681
866824905 0 0 2
102799612 414777681
80685058 0 0 1
414777681
27382307 0 0 2
414777681 785840039
794007749 1 0 2
414777681 785840039
79057979 0 0 2
9630533 414777681
61250842 1 0 2
785840039 9630533
446156267 0 0 3
414777681 785840039 785840039
229307358 0 0 2
9630533 157731386
138721326 1 0 3
414777681 102799612 414777681
85156058 1 0 1
785840039
674602862 1 0 1
157731386
873457113 0 0 3
9630533 102799612 414777681
58569549 0 0 3
414777681 785840039 785840039
457255947 0 0 2
785840039 9630533
800875909 1 0 3
785840039 102799612 157731386
907552986 1 0 1
785840039
922246731 1 0 1
785840039
356609684 1 0 1
414777681
708738333 0 0 2
157731386 9630533
470222952 1 0 2
785840039 785840039
641260523 1 0 3
157731386 414777681 9630533
820644462 0 0 2
785840039 9630533
8012313 1 0 3
157731386 414777681 9630533
756664473 1 0 3
157731386 414777681 102799612
157918107 0 0 3
414777681 102799612 157731386
713013123 0 0 1
785840039
978967465 1 0 1
102799612
529406826 0 0 2
9630533 102799612
189150039 0 0 2
9630533 9630533
629060464 0 0 2
9630533 785840039
2603946 1 0 1
785840039
342888766 1 0 3
157731386 414777681 785840039
284024820 0 0 1
785840039
840546653 1 0 2
785840039 157731386
425809793 0 0 3
102799612 414777681 414777681
37409031 1 0 3
9630533 102799612 414777681
106416404 0 0 1
785840039
763903168 1 0 3
414777681 785840039 414777681
908961237 1 0 3
157731386 157731386 157731386
15295885 1 0 2
785840039 157731386
761440515 0 0 2
102799612 9630533
699346489 0 0 2
157731386 785840039
968201850 1 0 3
414777681 414777681 102799612
251194028 1 0 1
157731386
778892363 0 0 1
102799612
48321644 0 0 2
414777681 785840039
73148739 0 0 2
102799612 785840039
82840749 1 0 1
9630533
661190132 1 0 3
157731386 414777681 102799612
244763825 0 0 1
157731386
636733048 1 0 2
102799612 9630533
677887466 1 0 2
102799612 157731386
79205190 0 0 3
157731386 414777681 785840039
557222107 1 0 3
785840039 157731386 414777681
956683405 0 0 3
785840039 9630533 102799612
29387474 1 0 2
9630533 9630533
362033301 0 0 2
9630533 102799612
110236022 0 0 3
102799612 102799612 102799612
704250800 1 0 3
785840039 102799612 785840039
293543498 1 0 3
785840039 102799612 414777681
191431388 1 0 2
102799612 9630533
635295643 1 0 2
785840039 414777681
325089948 0 0 1
157731386
61661980 0 0 2
102799612 414777681
386367414 0 0 2
414777681 9630533
538287055 0 0 3
414777681 414777681 157731386
213871882 0 0 2
414777681 9630533
779160019 1 0 2
785840039 102799612
591966207 0 0 2
785840039 157731386
619609064 1 0 3
9630533 414777681 785840039
494739542 0 0 2
157731386 9630533
286994604 1 0 2
785840039 414777681
794214915 0 0 3
157731386 785840039 785840039
660963759 1 0 1
157731386
716425143 1 0 3
414777681 157731386 414777681
631139565 0 0 1
157731386
473133164 0 0 3
157731386 414777681 102799612
883538355 0 0 1
9630533
191048725 0 0 3
785840039 102799612 157731386
54409979 1 0 2
157731386 102799612
798800145 1 0 2
785840039 785840039
964863859 1 0 2
102799612 157731386
383616456 0 0 2
414777681 102799612
741120271 0 0 3
9630533 9630533 157731386
299915030 0 0 3
9630533 102799612 157731386
913379290 1 0 2
157731386 785840039
598042378 1 0 1
157731386
877482555 1 0 2
785840039 785840039
529759394 1 0 3
157731386 9630533 414777681
633168031 0 0 2
414777681 785840039
789765051 0 0 2
785840039 102799612
139957555 0 0 1
414777681
927323193 1 0 2
414777681 9630533
167250731 0 0 3
785840039 414777681 102799612
291708667 0 0 3
414777681 102799612 102799612
214737296 1 0 3
102799612 9630533 157731386
66227125 1 0 3
9630533 157731386 414777681
17604360 0 0 2
414777681 9630533
14871414 1 0 3
102799612 414777681 102799612
542318318 0 0 3
785840039 9630533 102799612
714239139 1 0 1
102799612
174198714 0 0 3
785840039 9630533 157731386
329103302 1 0 3
414777681 102799612 157731386
830137601 0 0 1
102799612
57531604 1 0 3
785840039 157731386 9630533
820320024 0 0 3
9630533 785840039 414777681
162656009 1 0 2
157731386 102799612
755937547 0 0 3
102799612 157731386 102799612
452656800 1 0 3
9630533 102799612 414777681
558507037 0 0 2
9630533 9630533
596250750 1 0 1
9630533
541036440 0 0 1
414777681
340195164 1 0 1
414777681
742804977 0 0 2
9630533 157731386
746723563 1 0 3
785840039 157731386 157731386
911379483 1 0 1
9630533
602397089 1 0 3
157731386 9630533 9630533
297745507 1 0 1
9630533
16909995 0 0 3
102799612 9630533 9630533
886229334 0 0 3
414777681 785840039 9630533
684845190 1 0 3
9630533 9630533 9630533
240540890 1 0 1
785840039
780076359 0 0 1
414777681
933877711 1 0 3
414777681 414777681 9630533
251767032 1 0 2
157731386 157731386
58000796 0 0 3
157731386 414777681 414777681
493150855 1 0 2
157731386 9630533
463678797 1 0 3
9630533 157731386 785840039
548070914 0 0 2
9630533 414777681
469202865 1 0 3
9630533 785840039 414777681
263204022 0 0 2
102799612 414777681
345968390 0 0 3
102799612 785840039 414777681
108792978 0 0 1
785840039
37160015 0 0 1
102799612
221722897 0 0 1
9630533
589456102 1 0 3
102799612 785840039 414777681
109373647 0 0 2
414777681 414777681
249933345 0 0 2
157731386 414777681
485001064 1 0 2
414777681 157731386
44445963 1 0 2
785840039 9630533
342990134 1 0 3
785840039 157731386 102799612
275939139 0 0 1
9630533
739133919 0 0 1
414777681
210043603 0 0 3
785840039 785840039 414777681
90310884 1 0 2
9630533 157731386
671817887 0 0 3
102799612 102799612 9630533
59696436 1 0 2
157731386 785840039
639720186 1 0 3
102799612 785840039 102799612
920425946 0 0 2
414777681 414777681
339233651 1 0 3
102799612 157731386 9630533
6069579 1 0 1
785840039
246910031 1 0 2
102799612 157731386
322607580 0 0 1
785840039
981930955 0 0 3
9630533 157731386 102799612
242812504 0 0 3
785840039 9630533 414777681
589783257 1 0 1
414777681
149650280 0 0 1
157731386
643336160 0 0 3
9630533 785840039 102799612
132978640 0 0 3
785840039 102799612 102799612
601061484 1 0 3
414777681 9630533 157731386
916494808 1 0 3
157731386 9630533 102799612
478789402 0 0 2
157731386 414777681
204014324 0 0 1
785840039
702810829 1 0 2
102799612 414777681
363935452 1 0 3
102799612 9630533 414777681
899031673 0 0 1
785840039
937532416 1 0 1
414777681
510441820 1 0 3
9630533 102799612 102799612
425190880 1 0 2
414777681 9630533
81700649 0 0 1
414777681
221009096 1 0 3
785840039 9630533 9630533
663096242 0 0 3
157731386 102799612 102799612
44038616 1 0 2
785840039 414777681
924401311 1 0 2
9630533 414777681
602268915 0 0 2
9630533 414777681
465878642 0 0 3
157731386 9630533 785840039
331879085 1 0 2
785840039 785840039
829733129 1 0 1
414777681
474088049 0 0 1
9630533
674189735 0 0 1
102799612
401007380 0 0 3
102799612 785840039 9630533
561490973 1 0 3
414777681 785840039 157731386
680201360 0 0 2
414777681 9630533
861844561 1 0 1
102799612
354908881 0 0 3
414777681 414777681 157731386
540890669 0 0 1
414777681
477283297 0 0 1
9630533
750455662 0 0 2
102799612 785840039
776374340 0 0 3
157731386 102799612 414777681
704370932 0 0 1
9630533
970503868 0 0 1
9630533
281774178 1 0 1
102799612
84839850 1 0 1
9630533
67551699 0 0 3
785840039 785840039 102799612
664100052 1 0 1
785840039
605213289 1 0 2
414777681 9630533
680808409 1 0 3
102799612 102799612 102799612
856816809 1 0 1
9630533
750885409 0 0 3
102799612 9630533 102799612
27632223 0 0 3
785840039 102799612 102799612
247134812 0 0 2
414777681 102799612
516272764 1 0 3
785840039 414777681 785840039
375966957 1 0 3
102799612 9630533 157731386
774665690 0 0 3
414777681 157731386 9630533
400658944 1 0 3
102799612 785840039 9630533
678546247 1 0 2
102799612 414777681
678650769 0 0 3
9630533 785840039 414777681
50368322 1 0 2
9630533 102799612
363452266 1 0 2
785840039 785840039
504484760 1 0 2
414777681 9630533
609886121 0 0 3
9630533 414777681 102799612
653743273 1 0 1
102799612
126567148 1 0 1
785840039
582353427 0 0 2
157731386 785840039
236424174 1 0 3
785840039 785840039 785840039
597930368 0 0 2
9630533 414777681
518257907 1 0 2
785840039 414777681
5112567 0 0 2
102799612 414777681
723051782 0 0 3
102799612 785840039 414777681
564350991 1 0 3
102799612 414777681 414777681
419077996 1 0 2
157731386 102799612
294268857 1 0 3
414777681 785840039 102799612
501843421 1 0 1
157731386
402876276 0 0 2
157731386 414777681
516585860 0 0 3
9630533 157731386 9630533
805495821 0 0 1
414777681
861286400 0 0 3
414777681 785840039 414777681
604741051 1 0 1
9630533
155229729 0 0 3
9630533 414777681 102799612
44040931 1 0 1
102799612
720120223 0 0 2
102799612 414777681
531995445 1 0 2
785840039 102799612
31231933 1 0 3
785840039 102799612 102799612
17251748 0 0 2
785840039 414777681
915665552 1 0 2
9630533 9630533
433122839 1 0 1
102799612
712466685 1 0 1
414777681
132588868 1 0 3
102799612 9630533 157731386
225513050 1 0 2
9630533 9630533
956793532 1 0 2
102799612 414777681
805973062 0 0 1
102799612
515413939 0 0 1
157731386
502957581 0 0 2
9630533 9630533
726694883 1 0 1
785840039
734418141 1 0 1
102799612
772705183 0 0 2
157731386 157731386
435666017 0 0 3
414777681 414777681 9630533
165259954 1 0 1
414777681
997654433 0 0 3
414777681 102799612 9630533
852478366 0 0 1
9630533
733868769 0 0 1
157731386
570505924 0 0 2
9630533 414777681
725581014 1 0 1
157731386
721717244 1 0 2
414777681 157731386
93069001 0 0 2
157731386 9630533
156807572 0 0 3
9630533 157731386 157731386
464348994 1 0 2
102799612 785840039
461909786 1 0 2
157731386 102799612
896801636 0 0 3
9630533 157731386 9630533
358466099 0 0 2
785840039 785840039
37747857 0 0 3
785840039 9630533 785840039
818045079 0 0 1
9630533
585335365 1 0 3
102799612 157731386 785840039
380514405 0 0 1
9630533
37967105 0 0 2
9630533 785840039
133899785 0 0 3
785840039 414777681 9630533
441138877 0 0 2
414777681 157731386
761639244 1 0 2
9630533 785840039
558909118 0 0 3
9630533 102799612 9630533
139909899 0 0 1
785840039
735564040 0 0 1
9630533
274983542 0 0 3
414777681 157731386 785840039
606354946 0 0 1
157731386
427948375 0 0 3
785840039 9630533 102799612
967917102 1 0 1
157731386
182953648 1 0 2
414777681 9630533
441949008 1 0 2
9630533 414777681
581132493 1 0 1
414777681
112578072 0 0 2
157731386 9630533
404439952 1 0 3
785840039 102799612 414777681
531880660 0 0 2
157731386 157731386
731172752 1 0 3
414777681 9630533 414777681
850088820 1 0 1
102799612
142490220 1 0 3
9630533 102799612 785840039
472776128 1 0 2
9630533 785840039
537301258 1 0 1
785840039
919547260 1 0 2
157731386 414777681
409343306 1 0 2
157731386 9630533
482611302 1 0 1
414777681
442766566 1 0 3
9630533 9630533 157731386
565971104 1 0 2
102799612 102799612
570295861 1 0 3
414777681 414777681 157731386
625980610 1 0 1
785840039
71338026 0 0 1
9630533
333322759 0 0 3
157731386 157731386 785840039
678018166 1 0 3
102799612 157731386 414777681
733566838 0 0 1
9630533
408067759 0 0 1
414777681
242995240 0 0 3
785840039 414777681 785840039
414668774 0 0 3
785840039 9630533 102799612
976159746 1 0 3
9630533 157731386 785840039
613979925 0 0 2
414777681 157731386
695494588 0 0 1
102799612
