986
583611542 1 1 5
895946431 203179899 203179899 203179899 895946431
319052736 0 1 5
203179899 123051047 203179899 250558428 7915829
319052736 0 0 5
203179899 123051047 203179899 250558428 7915829
192585908 1 1 1
123051047
113779512 1 1 4
123051047 7915829 895946431 123051047
698528839 1 1 5
203179899 7915829 123051047 895946431 895946431
5570838 0 1 2
203179899 895946431
368147473 0 1 4
895946431 7915829 203179899 895946431
808986184 1 1 5
203179899 7915829 895946431 7915829 895946431
412698173 0 1 3
203179899 7915829 203179899
139765708 0 1 4
895946431 123051047 895946431 123051047
242124483 0 1 3
895946431 250558428 203179899
634968235 1 1 4
203179899 250558428 123051047 203179899
71655837 0 1 3
250558428 203179899 123051047
69318338 1 1 1
123051047
412698173 0 0 3
203179899 7915829 203179899
87198574 0 1 4
250558428 203179899 250558428 7915829
315718342 0 1 3
7915829 203179899 123051047
284837842 1 1 5
7915829 250558428 250558428 123051047 123051047
634968235 1 0 4
203179899 250558428 123051047 203179899
118878589 0 1 4
250558428 895946431 895946431 7915829
69318338 1 0 1
123051047
33405354 0 1 4
203179899 123051047 895946431 123051047
437789935 0 1 4
123051047 203179899 895946431 7915829
985385715 1 1 1
895946431
877349638 0 1 1
895946431
583611542 1 0 5
895946431 203179899 203179899 203179899 895946431
905749287 0 1 3
203179899 895946431 7915829
987117917 1 1 1
123051047
246974585 1 1 1
250558428
652618977 0 1 2
895946431 895946431
110168963 0 1 3
203179899 7915829 250558428
113779512 1 0 4
123051047 7915829 895946431 123051047
350049364 0 1 5
7915829 7915829 7915829 895946431 250558428
548565407 1 1 1
123051047
165865213 1 1 5
7915829 203179899 203179899 7915829 7915829
357965192 1 1 5
7915829 7915829 7915829 203179899 203179899
984693300 1 1 3
250558428 123051047 203179899
118878589 0 0 4
250558428 895946431 895946431 7915829
484917949 0 1 1
250558428
550551100 0 1 1
123051047
139765708 0 0 4
895946431 123051047 895946431 123051047
98472811 0 1 1
203179899
877349638 0 0 1
895946431
550551100 0 0 1
123051047
110168963 0 0 3
203179899 7915829 250558428
35963139 1 1 4
7915829 123051047 7915829 7915829
556121937 0 1 5
203179899 203179899 7915829 123051047 123051047
284837842 1 0 5
7915829 250558428 250558428 123051047 123051047
466620284 0 1 5
123051047 123051047 123051047 123051047 7915829
548565407 1 0 1
123051047
35963139 1 0 4
7915829 123051047 7915829 7915829
652618977 0 0 2
895946431 895946431
98472811 0 0 1
203179899
844949322 0 1 3
203179899 250558428 203179899
968820109 1 1 3
203179899 203179899 7915829
315718342 0 0 3
7915829 203179899 123051047
556121937 0 0 5
203179899 203179899 7915829 123051047 123051047
458902343 1 1 4
123051047 7915829 895946431 123051047
87073804 1 1 5
895946431 203179899 7915829 7915829 250558428
350049364 0 0 5
7915829 7915829 7915829 895946431 250558428
456304696 0 1 3
203179899 203179899 123051047
383074531 0 1 2
250558428 203179899
8908493 0 1 1
203179899
396019621 1 1 3
123051047 250558428 7915829
698792873 0 1 2
895946431 250558428
968820109 1 0 3
203179899 203179899 7915829
987117917 1 0 1
123051047
146262686 0 1 2
895946431 203179899
367414561 1 1 2
250558428 123051047
437789935 0 0 4
123051047 203179899 895946431 7915829
732198226 1 1 5
250558428 123051047 895946431 123051047 7915829
584052620 0 1 5
895946431 203179899 123051047 203179899 895946431
205316627 1 1 2
895946431 250558428
609547863 0 1 5
895946431 203179899 123051047 895946431 250558428
342318259 1 1 4
250558428 7915829 123051047 250558428
44950895 0 1 4
895946431 250558428 895946431 250558428
709038799 0 1 5
203179899 203179899 895946431 250558428 895946431
994937235 0 1 5
7915829 123051047 7915829 895946431 895946431
155119858 1 1 2
250558428 895946431
59088163 0 1 2
7915829 123051047
396018993 1 1 4
203179899 123051047 7915829 123051047
87198574 0 0 4
250558428 203179899 250558428 7915829
320985070 1 1 3
7915829 123051047 250558428
417053354 1 1 3
123051047 203179899 895946431
233228645 0 1 1
250558428
658419370 0 1 3
7915829 203179899 250558428
820120805 1 1 5
203179899 203179899 250558428 7915829 7915829
331701455 1 1 3
123051047 895946431 895946431
694382508 0 1 4
123051047 203179899 203179899 7915829
698792873 0 0 2
895946431 250558428
228759094 0 1 1
250558428
650838090 1 1 5
895946431 895946431 123051047 123051047 895946431
539331829 0 1 2
250558428 7915829
50095554 0 1 4
123051047 7915829 250558428 203179899
109740432 0 1 2
250558428 7915829
478921984 1 1 5
250558428 123051047 895946431 123051047 250558428
506400249 0 1 1
250558428
492814963 0 1 3
250558428 123051047 123051047
340346828 0 1 5
203179899 203179899 123051047 7915829 250558428
754936221 1 1 5
203179899 203179899 203179899 250558428 7915829
44124187 0 1 5
895946431 895946431 203179899 7915829 895946431
694382508 0 0 4
123051047 203179899 203179899 7915829
486609513 0 1 3
250558428 7915829 123051047
122350781 1 1 1
123051047
776322412 0 1 3
895946431 895946431 895946431
923178485 0 1 4
123051047 203179899 895946431 7915829
246974585 1 0 1
250558428
396018993 1 0 4
203179899 123051047 7915829 123051047
180183760 1 1 4
203179899 7915829 250558428 7915829
238386627 0 1 5
250558428 250558428 7915829 7915829 203179899
118013095 0 1 4
203179899 123051047 250558428 123051047
225134654 1 1 3
7915829 895946431 250558428
947425425 1 1 2
895946431 203179899
112950329 1 1 1
203179899
232770863 0 1 5
203179899 123051047 123051047 895946431 7915829
732198226 1 0 5
250558428 123051047 895946431 123051047 7915829
417053354 1 0 3
123051047 203179899 895946431
6513587 1 1 4
895946431 7915829 123051047 7915829
361485673 1 1 3
7915829 250558428 250558428
553755933 0 1 2
250558428 7915829
276083293 1 1 3
7915829 895946431 123051047
594714317 1 1 2
250558428 250558428
64691654 1 1 4
123051047 895946431 203179899 250558428
539331829 0 0 2
250558428 7915829
96204097 0 1 5
250558428 203179899 895946431 895946431 250558428
778932124 0 1 1
203179899
759074162 0 1 2
203179899 250558428
177479542 0 1 5
895946431 7915829 895946431 203179899 250558428
429770213 1 1 3
203179899 895946431 203179899
658419370 0 0 3
7915829 203179899 250558428
357965192 1 0 5
7915829 7915829 7915829 203179899 203179899
150922342 0 1 4
203179899 250558428 203179899 7915829
227575096 0 1 3
250558428 895946431 203179899
392026997 1 1 1
895946431
629844326 1 1 5
203179899 250558428 7915829 123051047 250558428
733975344 0 1 1
203179899
884841959 0 1 3
895946431 895946431 895946431
822707505 0 1 4
203179899 7915829 895946431 7915829
341427917 1 1 5
7915829 203179899 203179899 250558428 250558428
709038799 0 0 5
203179899 203179899 895946431 250558428 895946431
928966145 1 1 1
895946431
161833370 0 1 1
123051047
316295049 0 1 3
203179899 7915829 895946431
557804908 1 1 3
895946431 123051047 250558428
85011854 1 1 3
123051047 203179899 895946431
496478808 0 1 1
895946431
796191534 0 1 2
895946431 203179899
203024948 0 1 2
7915829 895946431
574129814 0 1 3
895946431 123051047 123051047
743616959 1 1 4
123051047 123051047 7915829 203179899
168491628 0 1 5
895946431 123051047 250558428 7915829 123051047
806900676 1 1 2
250558428 123051047
602646897 0 1 2
895946431 250558428
382493652 1 1 4
250558428 203179899 7915829 203179899
796191534 0 0 2
895946431 203179899
213172960 1 1 2
7915829 895946431
731246541 1 1 4
250558428 123051047 123051047 203179899
977207969 0 1 3
250558428 203179899 123051047
277864614 1 1 4
203179899 203179899 895946431 7915829
679966990 1 1 5
123051047 123051047 123051047 123051047 123051047
608656444 1 1 1
203179899
36938775 1 1 5
895946431 123051047 7915829 7915829 203179899
857446531 0 1 4
7915829 7915829 250558428 895946431
38426656 0 1 2
203179899 7915829
429770213 1 0 3
203179899 895946431 203179899
187861116 0 1 1
895946431
85021626 1 1 3
895946431 203179899 895946431
282970004 1 1 5
203179899 895946431 895946431 250558428 250558428
670221793 1 1 1
203179899
822707505 0 0 4
203179899 7915829 895946431 7915829
361485673 1 0 3
7915829 250558428 250558428
180183760 1 0 4
203179899 7915829 250558428 7915829
671513322 1 1 1
203179899
20328314 0 1 3
7915829 123051047 250558428
492929298 1 1 1
203179899
382493652 1 0 4
250558428 203179899 7915829 203179899
12941238 1 1 5
7915829 123051047 203179899 203179899 123051047
949294458 1 1 4
203179899 7915829 203179899 123051047
654762667 0 1 4
203179899 895946431 203179899 123051047
329236286 0 1 4
250558428 7915829 203179899 250558428
733975344 0 0 1
203179899
359615718 0 1 4
203179899 203179899 895946431 203179899
592290872 0 1 4
123051047 250558428 7915829 123051047
168491628 0 0 5
895946431 123051047 250558428 7915829 123051047
678231446 1 1 2
203179899 123051047
155807251 1 1 4
250558428 250558428 7915829 895946431
795315819 1 1 5
250558428 7915829 895946431 250558428 203179899
252361259 1 1 1
203179899
751940561 1 1 5
250558428 895946431 203179899 7915829 123051047
816323798 1 1 4
7915829 123051047 250558428 895946431
71655837 0 0 3
250558428 203179899 123051047
59261934 0 1 5
123051047 203179899 123051047 7915829 7915829
884841959 0 0 3
895946431 895946431 895946431
85011854 1 0 3
123051047 203179899 895946431
207103810 0 1 3
895946431 203179899 895946431
198817449 0 1 5
203179899 895946431 7915829 895946431 123051047
124951246 1 1 4
203179899 203179899 7915829 123051047
124951246 1 0 4
203179899 203179899 7915829 123051047
938350350 0 1 4
203179899 7915829 895946431 7915829
28541769 1 1 2
895946431 123051047
402815859 0 1 4
123051047 895946431 250558428 7915829
618317339 1 1 3
203179899 250558428 203179899
637198212 0 1 4
895946431 123051047 895946431 123051047
439754633 1 1 4
7915829 895946431 895946431 7915829
328280222 0 1 2
895946431 250558428
528141220 0 1 2
895946431 250558428
608656444 1 0 1
203179899
557804908 1 0 3
895946431 123051047 250558428
480132100 0 1 3
123051047 250558428 7915829
413301847 0 1 5
203179899 250558428 7915829 203179899 123051047
795315819 1 0 5
250558428 7915829 895946431 250558428 203179899
811111223 0 1 3
250558428 895946431 123051047
150353893 0 1 5
7915829 203179899 250558428 203179899 250558428
84815168 1 1 4
7915829 7915829 7915829 895946431
8908493 0 0 1
203179899
831439537 0 1 1
123051047
495799542 1 1 2
250558428 250558428
38426656 0 0 2
203179899 7915829
64691654 1 0 4
123051047 895946431 203179899 250558428
122350781 1 0 1
123051047
950272757 1 1 3
203179899 123051047 895946431
633250346 1 1 2
7915829 203179899
3078560 1 1 3
123051047 895946431 895946431
413301847 0 0 5
203179899 250558428 7915829 203179899 123051047
132025395 1 1 3
895946431 203179899 7915829
811111223 0 0 3
250558428 895946431 123051047
992866063 0 1 4
123051047 895946431 250558428 203179899
207103810 0 0 3
895946431 203179899 895946431
595369431 1 1 4
203179899 895946431 895946431 250558428
810256840 1 1 2
203179899 895946431
1189666 0 1 1
895946431
243201601 1 1 2
7915829 7915829
62618098 0 1 3
123051047 7915829 250558428
753130226 0 1 1
123051047
59525398 1 1 1
895946431
33405354 0 0 4
203179899 123051047 895946431 123051047
974396383 1 1 3
7915829 250558428 895946431
960234035 1 1 2
250558428 7915829
110859198 1 1 2
895946431 895946431
928966145 1 0 1
895946431
678231446 1 0 2
203179899 123051047
99347628 1 1 5
7915829 250558428 203179899 250558428 250558428
751100737 0 1 5
7915829 250558428 123051047 203179899 895946431
458902343 1 0 4
123051047 7915829 895946431 123051047
150353893 0 0 5
7915829 203179899 250558428 203179899 250558428
44950895 0 0 4
895946431 250558428 895946431 250558428
139400967 1 1 4
203179899 123051047 203179899 250558428
359615718 0 0 4
203179899 203179899 895946431 203179899
354679838 0 1 4
250558428 895946431 895946431 123051047
221934427 0 1 2
250558428 123051047
629115530 1 1 2
203179899 895946431
794434470 0 1 2
123051047 203179899
806900676 1 0 2
250558428 123051047
550214648 1 1 5
250558428 7915829 7915829 250558428 895946431
9773101 1 1 5
895946431 7915829 895946431 203179899 123051047
127082922 1 1 5
123051047 250558428 7915829 7915829 895946431
963516495 1 1 4
250558428 895946431 895946431 7915829
820884324 1 1 1
7915829
650838090 1 0 5
895946431 895946431 123051047 123051047 895946431
977207969 0 0 3
250558428 203179899 123051047
277436814 1 1 2
895946431 7915829
900848014 0 1 5
895946431 123051047 250558428 895946431 7915829
504840212 0 1 1
203179899
773236355 1 1 1
123051047
238386627 0 0 5
250558428 250558428 7915829 7915829 203179899
703637123 0 1 3
7915829 250558428 203179899
990606909 1 1 5
7915829 250558428 123051047 895946431 203179899
776314914 1 1 4
895946431 250558428 203179899 203179899
835662517 1 1 2
895946431 895946431
698528839 1 0 5
203179899 7915829 123051047 895946431 895946431
835989324 1 1 2
250558428 123051047
224200696 1 1 4
250558428 250558428 7915829 123051047
645919356 0 1 3
123051047 203179899 250558428
837178989 0 1 3
7915829 123051047 123051047
467402296 1 1 3
123051047 203179899 203179899
561053805 1 1 3
203179899 7915829 895946431
923178485 0 0 4
123051047 203179899 895946431 7915829
442825566 0 1 5
7915829 7915829 203179899 203179899 7915829
526927693 0 1 3
123051047 7915829 203179899
387966539 0 1 5
895946431 250558428 7915829 123051047 123051047
255575953 0 1 3
7915829 895946431 250558428
637786890 1 1 2
250558428 203179899
339830519 1 1 3
250558428 895946431 7915829
59088163 0 0 2
7915829 123051047
6676689 1 1 3
7915829 123051047 250558428
629704208 1 1 2
203179899 250558428
694510356 0 1 1
203179899
81127467 1 1 1
7915829
258819738 1 1 1
250558428
985385715 1 0 1
895946431
341461178 0 1 4
250558428 895946431 123051047 7915829
631342115 1 1 5
895946431 123051047 123051047 123051047 203179899
629704208 1 0 2
203179899 250558428
268592838 1 1 1
250558428
468544099 1 1 3
895946431 250558428 203179899
447374961 1 1 2
250558428 250558428
574129814 0 0 3
895946431 123051047 123051047
941993513 0 1 2
203179899 7915829
598497264 0 1 2
7915829 203179899
341461178 0 0 4
250558428 895946431 123051047 7915829
200739326 0 1 1
203179899
299350076 0 1 1
895946431
224249970 1 1 5
203179899 7915829 123051047 123051047 203179899
904376448 0 1 3
250558428 895946431 123051047
289956985 0 1 1
250558428
564883 0 1 5
203179899 7915829 250558428 7915829 250558428
740038964 1 1 1
895946431
125946308 0 1 4
123051047 7915829 895946431 895946431
77281930 1 1 4
7915829 7915829 7915829 203179899
238474671 0 1 2
250558428 123051047
815641648 0 1 5
250558428 250558428 895946431 123051047 7915829
155119858 1 0 2
250558428 895946431
544684225 1 1 4
203179899 250558428 7915829 123051047
652044827 1 1 4
7915829 895946431 7915829 123051047
110983565 0 1 3
203179899 7915829 7915829
289956985 0 0 1
250558428
71611917 0 1 3
203179899 895946431 203179899
40011366 0 1 5
203179899 895946431 895946431 7915829 250558428
835662517 1 0 2
895946431 895946431
219075869 1 1 2
7915829 250558428
561915158 1 1 1
203179899
467402296 1 0 3
123051047 203179899 203179899
994937235 0 0 5
7915829 123051047 7915829 895946431 895946431
232358236 1 1 4
123051047 250558428 123051047 7915829
78268909 0 1 2
123051047 250558428
44135718 0 1 2
7915829 123051047
779384943 1 1 2
7915829 250558428
447374961 1 0 2
250558428 250558428
159396376 0 1 3
250558428 7915829 895946431
302955455 1 1 1
7915829
120846120 0 1 1
250558428
790738490 0 1 4
7915829 203179899 123051047 895946431
424064644 1 1 2
250558428 7915829
441906570 1 1 1
123051047
238113450 0 1 1
123051047
366058157 1 1 3
250558428 895946431 7915829
40403833 0 1 5
203179899 203179899 7915829 250558428 250558428
438852775 1 1 5
203179899 123051047 250558428 250558428 895946431
665408232 1 1 2
895946431 123051047
117170154 0 1 2
203179899 895946431
195745575 0 1 1
203179899
807881568 0 1 3
203179899 895946431 123051047
117735036 0 1 4
895946431 895946431 7915829 895946431
935784538 1 1 4
123051047 203179899 7915829 250558428
629844326 1 0 5
203179899 250558428 7915829 123051047 250558428
786344227 0 1 5
895946431 203179899 203179899 895946431 895946431
47533317 0 1 2
203179899 7915829
26775561 0 1 3
250558428 123051047 895946431
454502226 1 1 3
7915829 203179899 895946431
592217541 0 1 1
123051047
678820387 1 1 5
7915829 7915829 203179899 895946431 203179899
565485791 1 1 4
203179899 895946431 7915829 7915829
516345809 1 1 5
7915829 203179899 250558428 895946431 203179899
571348104 0 1 4
895946431 123051047 895946431 7915829
784561659 0 1 4
895946431 7915829 895946431 123051047
78260967 1 1 2
123051047 250558428
656222691 1 1 3
203179899 895946431 123051047
862830568 0 1 2
123051047 203179899
122396684 1 1 5
7915829 895946431 123051047 203179899 250558428
435607634 0 1 2
123051047 123051047
22226943 1 1 5
250558428 7915829 250558428 7915829 895946431
277868490 0 1 3
250558428 7915829 250558428
408970105 0 1 2
250558428 203179899
665481784 0 1 5
203179899 7915829 895946431 895946431 895946431
701933133 1 1 3
895946431 7915829 123051047
703393027 0 1 2
895946431 895946431
903595233 0 1 2
250558428 250558428
920507641 1 1 2
7915829 250558428
221934427 0 0 2
250558428 123051047
596313211 1 1 4
203179899 895946431 895946431 895946431
194964359 1 1 3
250558428 895946431 895946431
438432225 0 1 4
203179899 895946431 203179899 7915829
713483365 1 1 3
895946431 250558428 123051047
390709933 0 1 5
895946431 250558428 203179899 895946431 250558428
246313792 1 1 4
123051047 203179899 250558428 895946431
683734752 1 1 2
123051047 123051047
179010823 0 1 5
123051047 123051047 123051047 250558428 7915829
32658019 1 1 1
203179899
731268069 1 1 1
203179899
58302735 0 1 5
7915829 250558428 123051047 123051047 250558428
665408232 1 0 2
895946431 123051047
339676596 0 1 1
250558428
323485609 1 1 3
895946431 203179899 7915829
652044827 1 0 4
7915829 895946431 7915829 123051047
187861116 0 0 1
895946431
737123121 0 1 5
250558428 895946431 7915829 895946431 7915829
905162386 1 1 5
7915829 123051047 203179899 7915829 250558428
839831418 0 1 5
895946431 7915829 895946431 250558428 895946431
160987577 0 1 2
895946431 895946431
862830568 0 0 2
123051047 203179899
390709933 0 0 5
895946431 250558428 203179899 895946431 250558428
542240397 0 1 3
7915829 203179899 123051047
770608736 1 1 1
7915829
808986184 1 0 5
203179899 7915829 895946431 7915829 895946431
817210267 1 1 5
250558428 7915829 250558428 123051047 203179899
257587316 1 1 1
123051047
745521771 1 1 5
7915829 250558428 895946431 123051047 250558428
105334252 1 1 3
7915829 895946431 895946431
132330610 0 1 4
123051047 123051047 123051047 250558428
875906612 0 1 1
123051047
366820709 1 1 4
250558428 250558428 250558428 203179899
797812393 0 1 5
250558428 123051047 7915829 895946431 895946431
430356096 0 1 2
123051047 203179899
70213735 0 1 4
123051047 123051047 203179899 203179899
553923977 1 1 1
895946431
350863737 1 1 4
203179899 895946431 7915829 203179899
618317339 1 0 3
203179899 250558428 203179899
666526945 1 1 5
895946431 203179899 895946431 7915829 250558428
192585908 1 0 1
123051047
601404687 0 1 2
250558428 203179899
789295961 1 1 3
250558428 123051047 203179899
232526661 0 1 2
250558428 895946431
992114620 0 1 5
250558428 203179899 123051047 123051047 250558428
323485609 1 0 3
895946431 203179899 7915829
888126104 0 1 2
123051047 250558428
916261413 1 1 5
123051047 895946431 123051047 895946431 250558428
23641794 0 1 4
250558428 7915829 895946431 250558428
773300474 0 1 3
203179899 250558428 7915829
770608736 1 0 1
7915829
647529481 1 1 1
250558428
81944528 1 1 3
7915829 7915829 7915829
112977070 1 1 5
203179899 7915829 7915829 123051047 203179899
823531441 1 1 3
7915829 7915829 7915829
671584000 1 1 1
895946431
329236286 0 0 4
250558428 7915829 203179899 250558428
870655807 1 1 1
250558428
515879210 1 1 1
203179899
713483365 1 0 3
895946431 250558428 123051047
832571576 0 1 3
7915829 123051047 7915829
265412555 1 1 2
250558428 7915829
139004297 0 1 3
7915829 203179899 123051047
502298195 0 1 1
7915829
522999870 0 1 1
250558428
884526067 1 1 5
250558428 895946431 203179899 203179899 203179899
460148798 1 1 1
895946431
731246541 1 0 4
250558428 123051047 123051047 203179899
507846831 1 1 1
250558428
807881568 0 0 3
203179899 895946431 123051047
47533317 0 0 2
203179899 7915829
612949030 1 1 2
7915829 123051047
826969506 0 1 1
895946431
158175575 1 1 4
7915829 895946431 123051047 895946431
40011366 0 0 5
203179899 895946431 895946431 7915829 250558428
43305126 0 1 2
7915829 7915829
897183240 0 1 5
895946431 895946431 123051047 250558428 7915829
195745575 0 0 1
203179899
712099551 1 1 5
123051047 895946431 123051047 123051047 895946431
117735036 0 0 4
895946431 895946431 7915829 895946431
246685214 0 1 5
895946431 250558428 250558428 203179899 250558428
416226537 1 1 1
7915829
166020590 0 1 5
123051047 7915829 7915829 123051047 123051047
631342115 1 0 5
895946431 123051047 123051047 123051047 203179899
35981174 0 1 4
250558428 203179899 123051047 250558428
648753197 1 1 1
895946431
478921984 1 0 5
250558428 123051047 895946431 123051047 250558428
10651561 1 1 4
895946431 895946431 895946431 895946431
776623629 1 1 3
7915829 895946431 895946431
417530961 0 1 3
7915829 123051047 123051047
34293354 1 1 2
123051047 7915829
549924103 1 1 3
203179899 123051047 250558428
737123121 0 0 5
250558428 895946431 7915829 895946431 7915829
65060441 0 1 5
123051047 123051047 7915829 7915829 203179899
116237881 1 1 3
203179899 895946431 7915829
515417524 0 1 3
250558428 123051047 203179899
741108234 1 1 5
123051047 7915829 7915829 895946431 895946431
640338232 1 1 3
123051047 7915829 203179899
386073330 0 1 3
895946431 123051047 895946431
903595233 0 0 2
250558428 250558428
256987443 1 1 5
250558428 203179899 203179899 895946431 203179899
637198212 0 0 4
895946431 123051047 895946431 123051047
325426160 0 1 2
123051047 895946431
651485885 0 1 2
203179899 203179899
395991740 0 1 1
7915829
827724354 1 1 4
123051047 250558428 250558428 123051047
27002106 0 1 4
895946431 123051047 123051047 123051047
133034158 1 1 5
123051047 203179899 123051047 250558428 895946431
139004297 0 0 3
7915829 203179899 123051047
118013095 0 0 4
203179899 123051047 250558428 123051047
140389503 0 1 2
250558428 203179899
534848937 0 1 3
895946431 250558428 250558428
745983188 0 1 2
123051047 895946431
339830519 1 0 3
250558428 895946431 7915829
967359009 0 1 5
123051047 203179899 7915829 123051047 7915829
693024511 1 1 2
250558428 250558428
641804665 0 1 3
203179899 7915829 250558428
717058600 1 1 3
203179899 250558428 7915829
717058600 1 0 3
203179899 250558428 7915829
257640414 1 1 3
203179899 123051047 203179899
888489878 0 1 3
7915829 123051047 895946431
133285136 1 1 4
203179899 123051047 203179899 895946431
423661003 1 1 4
123051047 123051047 250558428 250558428
776987403 1 1 3
250558428 203179899 895946431
634554685 0 1 3
895946431 250558428 250558428
434312563 0 1 3
7915829 7915829 203179899
553611031 0 1 4
203179899 203179899 250558428 250558428
703637123 0 0 3
7915829 250558428 203179899
52085645 0 1 1
250558428
321122268 1 1 3
123051047 895946431 250558428
651485885 0 0 2
203179899 203179899
956051485 1 1 3
250558428 250558428 7915829
969662438 1 1 4
203179899 123051047 250558428 250558428
289876500 0 1 4
250558428 7915829 123051047 123051047
471469008 1 1 3
123051047 250558428 123051047
563287023 1 1 1
7915829
930214731 0 1 4
895946431 7915829 123051047 203179899
870655807 1 0 1
250558428
832571576 0 0 3
7915829 123051047 7915829
710058690 1 1 1
250558428
820274465 1 1 3
250558428 895946431 250558428
255640890 1 1 3
250558428 895946431 895946431
214060926 1 1 2
895946431 250558428
68782556 1 1 2
250558428 203179899
935881595 1 1 1
895946431
402815859 0 0 4
123051047 895946431 250558428 7915829
241063031 0 1 4
250558428 7915829 7915829 203179899
54333066 1 1 1
123051047
84815168 1 0 4
7915829 7915829 7915829 895946431
76271098 0 1 4
250558428 895946431 7915829 123051047
628428319 1 1 1
203179899
800316253 1 1 3
203179899 7915829 7915829
43630106 1 1 3
7915829 250558428 203179899
602646897 0 0 2
895946431 250558428
751940561 1 0 5
250558428 895946431 203179899 7915829 123051047
173969182 0 1 1
895946431
294637269 1 1 2
895946431 203179899
613205057 0 1 1
203179899
431609595 1 1 1
7915829
183127146 1 1 5
7915829 203179899 7915829 250558428 895946431
599006545 0 1 4
123051047 250558428 203179899 895946431
707786949 1 1 2
895946431 895946431
960114548 1 1 3
895946431 123051047 203179899
86077581 1 1 2
203179899 250558428
142099511 1 1 2
203179899 123051047
784561659 0 0 4
895946431 7915829 895946431 123051047
366241930 0 1 3
123051047 895946431 203179899
138163225 0 1 4
123051047 203179899 895946431 7915829
315738130 0 1 4
123051047 123051047 7915829 250558428
174809767 1 1 5
7915829 123051047 123051047 7915829 123051047
960342014 1 1 1
895946431
605614629 1 1 5
123051047 895946431 203179899 250558428 250558428
646278774 0 1 4
250558428 895946431 123051047 7915829
376145388 0 1 5
250558428 203179899 7915829 123051047 123051047
535829359 1 1 5
203179899 895946431 123051047 123051047 250558428
208853815 0 1 3
895946431 895946431 123051047
48936205 0 1 3
7915829 7915829 203179899
550214648 1 0 5
250558428 7915829 7915829 250558428 895946431
643986601 1 1 5
123051047 123051047 123051047 895946431 895946431
422914740 1 1 3
250558428 123051047 895946431
117718760 0 1 1
895946431
142099511 1 0 2
203179899 123051047
579868195 1 1 1
250558428
820120805 1 0 5
203179899 203179899 250558428 7915829 7915829
663977771 0 1 2
7915829 895946431
172051825 0 1 1
7915829
508655644 1 1 3
250558428 250558428 7915829
144922441 0 1 4
895946431 250558428 895946431 123051047
824884429 1 1 1
7915829
404802101 0 1 4
7915829 123051047 203179899 123051047
318891622 1 1 5
250558428 7915829 7915829 123051047 123051047
119521697 0 1 5
123051047 7915829 895946431 250558428 7915829
213172960 1 0 2
7915829 895946431
18007158 1 1 2
7915829 203179899
750501216 1 1 2
203179899 895946431
155165194 0 1 4
250558428 123051047 7915829 203179899
120846120 0 0 1
250558428
502298195 0 0 1
7915829
617013702 1 1 3
7915829 7915829 203179899
310804516 0 1 3
250558428 7915829 250558428
115279741 1 1 4
7915829 7915829 203179899 203179899
703091282 1 1 5
123051047 123051047 895946431 250558428 250558428
305420378 0 1 4
895946431 123051047 203179899 7915829
334038023 1 1 4
7915829 123051047 123051047 123051047
693770858 0 1 5
7915829 7915829 123051047 7915829 7915829
621158507 1 1 1
203179899
508847789 1 1 3
250558428 250558428 895946431
50095554 0 0 4
123051047 7915829 250558428 203179899
506629224 1 1 5
7915829 895946431 7915829 203179899 123051047
226773135 1 1 2
895946431 895946431
321122268 1 0 3
123051047 895946431 250558428
7642914 0 1 2
123051047 250558428
882774611 1 1 4
123051047 7915829 250558428 203179899
615118846 0 1 4
895946431 123051047 7915829 895946431
238474671 0 0 2
250558428 123051047
216496729 0 1 1
123051047
931710815 1 1 4
7915829 123051047 123051047 895946431
259105446 0 1 1
250558428
639411468 1 1 2
203179899 895946431
901945927 1 1 4
895946431 250558428 123051047 895946431
305420378 0 0 4
895946431 123051047 203179899 7915829
691489992 1 1 4
123051047 203179899 250558428 895946431
155905590 1 1 5
203179899 123051047 895946431 123051047 123051047
73997751 0 1 2
895946431 895946431
200145636 0 1 4
250558428 250558428 250558428 250558428
300828031 0 1 3
250558428 123051047 123051047
751398532 0 1 4
203179899 123051047 250558428 123051047
670221793 1 0 1
203179899
604947736 1 1 4
7915829 123051047 250558428 250558428
619719652 0 1 4
250558428 203179899 7915829 895946431
797812393 0 0 5
250558428 123051047 7915829 895946431 895946431
870920228 0 1 1
250558428
475471245 0 1 3
250558428 123051047 203179899
773300474 0 0 3
203179899 250558428 7915829
222737220 1 1 2
7915829 123051047
26085422 1 1 4
895946431 203179899 250558428 123051047
92484946 1 1 2
203179899 203179899
666526945 1 0 5
895946431 203179899 895946431 7915829 250558428
533541735 0 1 5
7915829 123051047 895946431 250558428 123051047
993881514 0 1 1
203179899
368147473 0 0 4
895946431 7915829 203179899 895946431
648092579 1 1 1
895946431
155165194 0 0 4
250558428 123051047 7915829 203179899
838962113 0 1 1
7915829
341427917 1 0 5
7915829 203179899 203179899 250558428 250558428
366820709 1 0 4
250558428 250558428 250558428 203179899
180435888 0 1 2
250558428 895946431
320985070 1 0 3
7915829 123051047 250558428
216496729 0 0 1
123051047
637786890 1 0 2
250558428 203179899
194379789 0 1 5
203179899 123051047 203179899 250558428 895946431
312636971 0 1 4
7915829 7915829 203179899 895946431
960342014 1 0 1
895946431
165865213 1 0 5
7915829 203179899 203179899 7915829 7915829
541800028 0 1 3
250558428 895946431 250558428
553525364 0 1 2
895946431 203179899
539410106 0 1 2
250558428 7915829
549442942 0 1 1
123051047
693024511 1 0 2
250558428 250558428
9773101 1 0 5
895946431 7915829 895946431 203179899 123051047
288816326 0 1 2
7915829 123051047
609547863 0 0 5
895946431 203179899 123051047 895946431 250558428
639411468 1 0 2
203179899 895946431
741108234 1 0 5
123051047 7915829 7915829 895946431 895946431
633250346 1 0 2
7915829 203179899
255640890 1 0 3
250558428 895946431 895946431
7045303 0 1 5
250558428 203179899 7915829 203179899 203179899
671513322 1 0 1
203179899
618456022 0 1 3
895946431 250558428 203179899
73043493 0 1 3
250558428 203179899 123051047
266150748 0 1 1
123051047
350863737 1 0 4
203179899 895946431 7915829 203179899
110383841 0 1 1
895946431
646278774 0 0 4
250558428 895946431 123051047 7915829
132025395 1 0 3
895946431 203179899 7915829
110859198 1 0 2
895946431 895946431
564883 0 0 5
203179899 7915829 250558428 7915829 250558428
584052620 0 0 5
895946431 203179899 123051047 203179899 895946431
232770863 0 0 5
203179899 123051047 123051047 895946431 7915829
395991740 0 0 1
7915829
707786949 1 0 2
895946431 895946431
383074531 0 0 2
250558428 203179899
117170154 0 0 2
203179899 895946431
246685214 0 0 5
895946431 250558428 250558428 203179899 250558428
508847789 1 0 3
250558428 250558428 895946431
471469008 1 0 3
123051047 250558428 123051047
214060926 1 0 2
895946431 250558428
277868490 0 0 3
250558428 7915829 250558428
969662438 1 0 4
203179899 123051047 250558428 250558428
594714317 1 0 2
250558428 250558428
266150748 0 0 1
123051047
492929298 1 0 1
203179899
228759094 0 0 1
250558428
112977070 1 0 5
203179899 7915829 7915829 123051047 203179899
78268909 0 0 2
123051047 250558428
905749287 0 0 3
203179899 895946431 7915829
316295049 0 0 3
203179899 7915829 895946431
423661003 1 0 4
123051047 123051047 250558428 250558428
442825566 0 0 5
7915829 7915829 203179899 203179899 7915829
974396383 1 0 3
7915829 250558428 895946431
59525398 1 0 1
895946431
172051825 0 0 1
7915829
34293354 1 0 2
123051047 7915829
58302735 0 0 5
7915829 250558428 123051047 123051047 250558428
563287023 1 0 1
7915829
155807251 1 0 4
250558428 250558428 7915829 895946431
460148798 1 0 1
895946431
258819738 1 0 1
250558428
138163225 0 0 4
123051047 203179899 895946431 7915829
565485791 1 0 4
203179899 895946431 7915829 7915829
967359009 0 0 5
123051047 203179899 7915829 123051047 7915829
105334252 1 0 3
7915829 895946431 895946431
110383841 0 0 1
895946431
475471245 0 0 3
250558428 123051047 203179899
276083293 1 0 3
7915829 895946431 123051047
522999870 0 0 1
250558428
628428319 1 0 1
203179899
984693300 1 0 3
250558428 123051047 203179899
827724354 1 0 4
123051047 250558428 250558428 123051047
238113450 0 0 1
123051047
790738490 0 0 4
7915829 203179899 123051047 895946431
116237881 1 0 3
203179899 895946431 7915829
888489878 0 0 3
7915829 123051047 895946431
542240397 0 0 3
7915829 203179899 123051047
140389503 0 0 2
250558428 203179899
506400249 0 0 1
250558428
466620284 0 0 5
123051047 123051047 123051047 123051047 7915829
992114620 0 0 5
250558428 203179899 123051047 123051047 250558428
43630106 1 0 3
7915829 250558428 203179899
740038964 1 0 1
895946431
579868195 1 0 1
250558428
109740432 0 0 2
250558428 7915829
70213735 0 0 4
123051047 123051047 203179899 203179899
227575096 0 0 3
250558428 895946431 203179899
605614629 1 0 5
123051047 895946431 203179899 250558428 250558428
387966539 0 0 5
895946431 250558428 7915829 123051047 123051047
905162386 1 0 5
7915829 123051047 203179899 7915829 250558428
40403833 0 0 5
203179899 203179899 7915829 250558428 250558428
888126104 0 0 2
123051047 250558428
835989324 1 0 2
250558428 123051047
144922441 0 0 4
895946431 250558428 895946431 123051047
158175575 1 0 4
7915829 895946431 123051047 895946431
882774611 1 0 4
123051047 7915829 250558428 203179899
484917949 0 0 1
250558428
241063031 0 0 4
250558428 7915829 7915829 203179899
541800028 0 0 3
250558428 895946431 250558428
20328314 0 0 3
7915829 123051047 250558428
701933133 1 0 3
895946431 7915829 123051047
506629224 1 0 5
7915829 895946431 7915829 203179899 123051047
288816326 0 0 2
7915829 123051047
200739326 0 0 1
203179899
7045303 0 0 5
250558428 203179899 7915829 203179899 203179899
1189666 0 0 1
895946431
745983188 0 0 2
123051047 895946431
76271098 0 0 4
250558428 895946431 7915829 123051047
507846831 1 0 1
250558428
990606909 1 0 5
7915829 250558428 123051047 895946431 203179899
208853815 0 0 3
895946431 895946431 123051047
265412555 1 0 2
250558428 7915829
553525364 0 0 2
895946431 203179899
949294458 1 0 4
203179899 7915829 203179899 123051047
963516495 1 0 4
250558428 895946431 895946431 7915829
434312563 0 0 3
7915829 7915829 203179899
194379789 0 0 5
203179899 123051047 203179899 250558428 895946431
205316627 1 0 2
895946431 250558428
386073330 0 0 3
895946431 123051047 895946431
454502226 1 0 3
7915829 203179899 895946431
759074162 0 0 2
203179899 250558428
817210267 1 0 5
250558428 7915829 250558428 123051047 203179899
678820387 1 0 5
7915829 7915829 203179899 895946431 203179899
26085422 1 0 4
895946431 203179899 250558428 123051047
870920228 0 0 1
250558428
71611917 0 0 3
203179899 895946431 203179899
786344227 0 0 5
895946431 203179899 203179899 895946431 895946431
900848014 0 0 5
895946431 123051047 250558428 895946431 7915829
815641648 0 0 5
250558428 250558428 895946431 123051047 7915829
86077581 1 0 2
203179899 250558428
177479542 0 0 5
895946431 7915829 895946431 203179899 250558428
44124187 0 0 5
895946431 895946431 203179899 7915829 895946431
621158507 1 0 1
203179899
544684225 1 0 4
203179899 250558428 7915829 123051047
549442942 0 0 1
123051047
340346828 0 0 5
203179899 203179899 123051047 7915829 250558428
77281930 1 0 4
7915829 7915829 7915829 203179899
884526067 1 0 5
250558428 895946431 203179899 203179899 203179899
318891622 1 0 5
250558428 7915829 7915829 123051047 123051047
246313792 1 0 4
123051047 203179899 250558428 895946431
938350350 0 0 4
203179899 7915829 895946431 7915829
480132100 0 0 3
123051047 250558428 7915829
110983565 0 0 3
203179899 7915829 7915829
553611031 0 0 4
203179899 203179899 250558428 250558428
112950329 1 0 1
203179899
289876500 0 0 4
250558428 7915829 123051047 123051047
146262686 0 0 2
895946431 203179899
599006545 0 0 4
123051047 250558428 203179899 895946431
430356096 0 0 2
123051047 203179899
5570838 0 0 2
203179899 895946431
339676596 0 0 1
250558428
838962113 0 0 1
7915829
435607634 0 0 2
123051047 123051047
920507641 1 0 2
7915829 250558428
73043493 0 0 3
250558428 203179899 123051047
300828031 0 0 3
250558428 123051047 123051047
257640414 1 0 3
203179899 123051047 203179899
663977771 0 0 2
7915829 895946431
441906570 1 0 1
123051047
492814963 0 0 3
250558428 123051047 123051047
839831418 0 0 5
895946431 7915829 895946431 250558428 895946431
549924103 1 0 3
203179899 123051047 250558428
844949322 0 0 3
203179899 250558428 203179899
224249970 1 0 5
203179899 7915829 123051047 123051047 203179899
6513587 1 0 4
895946431 7915829 123051047 7915829
328280222 0 0 2
895946431 250558428
294637269 1 0 2
895946431 203179899
601404687 0 0 2
250558428 203179899
27002106 0 0 4
895946431 123051047 123051047 123051047
376145388 0 0 5
250558428 203179899 7915829 123051047 123051047
203024948 0 0 2
7915829 895946431
48936205 0 0 3
7915829 7915829 203179899
232526661 0 0 2
250558428 895946431
416226537 1 0 1
7915829
875906612 0 0 1
123051047
73997751 0 0 2
895946431 895946431
960114548 1 0 3
895946431 123051047 203179899
224200696 1 0 4
250558428 250558428 7915829 123051047
486609513 0 0 3
250558428 7915829 123051047
366241930 0 0 3
123051047 895946431 203179899
315738130 0 0 4
123051047 123051047 7915829 250558428
535829359 1 0 5
203179899 895946431 123051047 123051047 250558428
424064644 1 0 2
250558428 7915829
257587316 1 0 1
123051047
139400967 1 0 4
203179899 123051047 203179899 250558428
92484946 1 0 2
203179899 203179899
773236355 1 0 1
123051047
312636971 0 0 4
7915829 7915829 203179899 895946431
645919356 0 0 3
123051047 203179899 250558428
99347628 1 0 5
7915829 250558428 203179899 250558428 250558428
897183240 0 0 5
895946431 895946431 123051047 250558428 7915829
256987443 1 0 5
250558428 203179899 203179899 895946431 203179899
243201601 1 0 2
7915829 7915829
233228645 0 0 1
250558428
629115530 1 0 2
203179899 895946431
604947736 1 0 4
7915829 123051047 250558428 250558428
595369431 1 0 4
203179899 895946431 895946431 250558428
643986601 1 0 5
123051047 123051047 123051047 895946431 895946431
693770858 0 0 5
7915829 7915829 123051047 7915829 7915829
694510356 0 0 1
203179899
930214731 0 0 4
895946431 7915829 123051047 203179899
837178989 0 0 3
7915829 123051047 123051047
277864614 1 0 4
203179899 203179899 895946431 7915829
904376448 0 0 3
250558428 895946431 123051047
778932124 0 0 1
203179899
44135718 0 0 2
7915829 123051047
439754633 1 0 4
7915829 895946431 895946431 7915829
150922342 0 0 4
203179899 250558428 203179899 7915829
200145636 0 0 4
250558428 250558428 250558428 250558428
119521697 0 0 5
123051047 7915829 895946431 250558428 7915829
656222691 1 0 3
203179899 895946431 123051047
691489992 1 0 4
123051047 203179899 250558428 895946431
85021626 1 0 3
895946431 203179899 895946431
438852775 1 0 5
203179899 123051047 250558428 250558428 895946431
198817449 0 0 5
203179899 895946431 7915829 895946431 123051047
751100737 0 0 5
7915829 250558428 123051047 203179899 895946431
96204097 0 0 5
250558428 203179899 895946431 895946431 250558428
654762667 0 0 4
203179899 895946431 203179899 123051047
160987577 0 0 2
895946431 895946431
325426160 0 0 2
123051047 895946431
671584000 1 0 1
895946431
820884324 1 0 1
7915829
161833370 0 0 1
123051047
515417524 0 0 3
250558428 123051047 203179899
703393027 0 0 2
895946431 895946431
431609595 1 0 1
7915829
173969182 0 0 1
895946431
438432225 0 0 4
203179899 895946431 203179899 7915829
665481784 0 0 5
203179899 7915829 895946431 895946431 895946431
26775561 0 0 3
250558428 123051047 895946431
592217541 0 0 1
123051047
59261934 0 0 5
123051047 203179899 123051047 7915829 7915829
553923977 1 0 1
895946431
596313211 1 0 4
203179899 895946431 895946431 895946431
222737220 1 0 2
7915829 123051047
282970004 1 0 5
203179899 895946431 895946431 250558428 250558428
710058690 1 0 1
250558428
992866063 0 0 4
123051047 895946431 250558428 203179899
539410106 0 0 2
250558428 7915829
504840212 0 0 1
203179899
417530961 0 0 3
7915829 123051047 123051047
592290872 0 0 4
123051047 250558428 7915829 123051047
366058157 1 0 3
250558428 895946431 7915829
571348104 0 0 4
895946431 123051047 895946431 7915829
561053805 1 0 3
203179899 7915829 895946431
753130226 0 0 1
123051047
831439537 0 0 1
123051047
6676689 1 0 3
7915829 123051047 250558428
255575953 0 0 3
7915829 895946431 250558428
598497264 0 0 2
7915829 203179899
302955455 1 0 1
7915829
242124483 0 0 3
895946431 250558428 203179899
776623629 1 0 3
7915829 895946431 895946431
947425425 1 0 2
895946431 203179899
117718760 0 0 1
895946431
703091282 1 0 5
123051047 123051047 895946431 250558428 250558428
816323798 1 0 4
7915829 123051047 250558428 895946431
496478808 0 0 1
895946431
561915158 1 0 1
203179899
174809767 1 0 5
7915829 123051047 123051047 7915829 123051047
252361259 1 0 1
203179899
122396684 1 0 5
7915829 895946431 123051047 203179899 250558428
916261413 1 0 5
123051047 895946431 123051047 895946431 250558428
310804516 0 0 3
250558428 7915829 250558428
745521771 1 0 5
7915829 250558428 895946431 123051047 250558428
277436814 1 0 2
895946431 7915829
12941238 1 0 5
7915829 123051047 203179899 203179899 123051047
354679838 0 0 4
250558428 895946431 895946431 123051047
125946308 0 0 4
123051047 7915829 895946431 895946431
159396376 0 0 3
250558428 7915829 895946431
18007158 1 0 2
7915829 203179899
81127467 1 0 1
7915829
166020590 0 0 5
123051047 7915829 7915829 123051047 123051047
133285136 1 0 4
203179899 123051047 203179899 895946431
776987403 1 0 3
250558428 203179899 895946431
36938775 1 0 5
895946431 123051047 7915829 7915829 203179899
941993513 0 0 2
203179899 7915829
259105446 0 0 1
250558428
641804665 0 0 3
203179899 7915829 250558428
615118846 0 0 4
895946431 123051047 7915829 895946431
68782556 1 0 2
250558428 203179899
78260967 1 0 2
123051047 250558428
613205057 0 0 1
203179899
127082922 1 0 5
123051047 250558428 7915829 7915829 895946431
132330610 0 0 4
123051047 123051047 123051047 250558428
553755933 0 0 2
250558428 7915829
62618098 0 0 3
123051047 7915829 250558428
648092579 1 0 1
895946431
404802101 0 0 4
7915829 123051047 203179899 123051047
794434470 0 0 2
123051047 203179899
392026997 1 0 1
895946431
52085645 0 0 1
250558428
194964359 1 0 3
250558428 895946431 895946431
612949030 1 0 2
7915829 123051047
823531441 1 0 3
7915829 7915829 7915829
23641794 0 0 4
250558428 7915829 895946431 250558428
422914740 1 0 3
250558428 123051047 895946431
824884429 1 0 1
7915829
65060441 0 0 5
123051047 123051047 7915829 7915829 203179899
7642914 0 0 2
123051047 250558428
751398532 0 0 4
203179899 123051047 250558428 123051047
183127146 1 0 5
7915829 203179899 7915829 250558428 895946431
508655644 1 0 3
250558428 250558428 7915829
35981174 0 0 4
250558428 203179899 123051047 250558428
43305126 0 0 2
7915829 7915829
179010823 0 0 5
123051047 123051047 123051047 250558428 7915829
935881595 1 0 1
895946431
528141220 0 0 2
895946431 250558428
87073804 1 0 5
895946431 203179899 7915829 7915829 250558428
299350076 0 0 1
895946431
180435888 0 0 2
250558428 895946431
743616959 1 0 4
123051047 123051047 7915829 203179899
268592838 1 0 1
250558428
456304696 0 0 3
203179899 203179899 123051047
619719652 0 0 4
250558428 203179899 7915829 895946431
133034158 1 0 5
123051047 203179899 123051047 250558428 895946431
534848937 0 0 3
895946431 250558428 250558428
776322412 0 0 3
895946431 895946431 895946431
993881514 0 0 1
203179899
857446531 0 0 4
7915829 7915829 250558428 895946431
526927693 0 0 3
123051047 7915829 203179899
334038023 1 0 4
7915829 123051047 123051047 123051047
779384943 1 0 2
7915829 250558428
331701455 1 0 3
123051047 895946431 895946431
618456022 0 0 3
895946431 250558428 203179899
408970105 0 0 2
250558428 203179899
634554685 0 0 3
895946431 250558428 250558428
810256840 1 0 2
203179899 895946431
533541735 0 0 5
7915829 123051047 895946431 250558428 123051047
712099551 1 0 5
123051047 895946431 123051047 123051047 895946431
826969506 0 0 1
895946431
32658019 1 0 1
203179899
232358236 1 0 4
123051047 250558428 123051047 7915829
22226943 1 0 5
250558428 7915829 250558428 7915829 895946431
683734752 1 0 2
123051047 123051047
647529481 1 0 1
250558428
754936221 1 0 5
203179899 203179899 203179899 250558428 7915829
617013702 1 0 3
7915829 7915829 203179899
956051485 1 0 3
250558428 250558428 7915829
226773135 1 0 2
895946431 895946431
3078560 1 0 3
123051047 895946431 895946431
820274465 1 0 3
250558428 895946431 250558428
950272757 1 0 3
203179899 123051047 895946431
776314914 1 0 4
895946431 250558428 203179899 203179899
750501216 1 0 2
203179899 895946431
28541769 1 0 2
895946431 123051047
155905590 1 0 5
203179899 123051047 895946431 123051047 123051047
468544099 1 0 3
895946431 250558428 203179899
931710815 1 0 4
7915829 123051047 123051047 895946431
789295961 1 0 3
250558428 123051047 203179899
219075869 1 0 2
7915829 250558428
81944528 1 0 3
7915829 7915829 7915829
225134654 1 0 3
7915829 895946431 250558428
10651561 1 0 4
895946431 895946431 895946431 895946431
640338232 1 0 3
123051047 7915829 203179899
960234035 1 0 2
250558428 7915829
516345809 1 0 5
7915829 203179899 250558428 895946431 203179899
495799542 1 0 2
250558428 250558428
515879210 1 0 1
203179899
648753197 1 0 1
895946431
342318259 1 0 4
250558428 7915829 123051047 250558428
679966990 1 0 5
123051047 123051047 123051047 123051047 123051047
901945927 1 0 4
895946431 250558428 123051047 895946431
396019621 1 0 3
123051047 250558428 7915829
367414561 1 0 2
250558428 123051047
115279741 1 0 4
7915829 7915829 203179899 203179899
800316253 1 0 3
203179899 7915829 7915829
731268069 1 0 1
203179899
935784538 1 0 4
123051047 203179899 7915829 250558428
54333066 1 0 1
123051047
