522
680929677 0 1 10
197206755 349303263 181965979 181965979 107281358 349303263 349303263 703950717 349303263 107281358
5356145 0 1 8
349303263 197206755 107281358 107281358 349303263 107281358 181965979 181965979
361437877 1 1 4
107281358 197206755 107281358 197206755
151034397 0 1 6
107281358 197206755 181965979 349303263 703950717 181965979
946904744 1 1 8
349303263 107281358 349303263 107281358 703950717 181965979 181965979 181965979
78071632 0 1 8
107281358 181965979 181965979 107281358 703950717 197206755 349303263 107281358
735587252 0 1 2
181965979 349303263
263013713 1 1 10
107281358 349303263 349303263 181965979 197206755 703950717 181965979 107281358 703950717 107281358
12526012 0 1 10
349303263 349303263 107281358 703950717 349303263 197206755 703950717 349303263 349303263 181965979
287542324 0 1 5
349303263 703950717 107281358 181965979 703950717
508679419 0 1 5
181965979 181965979 197206755 107281358 197206755
5356145 0 0 8
349303263 197206755 107281358 107281358 349303263 107281358 181965979 181965979
573027412 0 1 5
197206755 197206755 703950717 107281358 181965979
673055225 1 1 6
181965979 197206755 349303263 349303263 349303263 349303263
16014415 1 1 5
703950717 197206755 703950717 181965979 197206755
34583969 1 1 2
349303263 703950717
735587252 0 0 2
181965979 349303263
727379288 1 1 6
703950717 107281358 107281358 197206755 349303263 107281358
119325458 1 1 1
703950717
694189941 1 1 1
349303263
88439538 1 1 4
349303263 703950717 181965979 181965979
673055225 1 0 6
181965979 197206755 349303263 349303263 349303263 349303263
386301063 1 1 8
349303263 349303263 349303263 703950717 349303263 703950717 107281358 349303263
573027412 0 0 5
197206755 197206755 703950717 107281358 181965979
585970653 0 1 2
107281358 349303263
287542324 0 0 5
349303263 703950717 107281358 181965979 703950717
680929677 0 0 10
197206755 349303263 181965979 181965979 107281358 349303263 349303263 703950717 349303263 107281358
88439538 1 0 4
349303263 703950717 181965979 181965979
770099404 0 1 4
107281358 181965979 349303263 107281358
309995658 1 1 9
703950717 107281358 197206755 349303263 107281358 703950717 181965979 349303263 349303263
420621407 1 1 2
197206755 107281358
232482956 0 1 7
107281358 197206755 703950717 107281358 349303263 107281358 197206755
232482956 0 0 7
107281358 197206755 703950717 107281358 349303263 107281358 197206755
385989388 0 1 5
197206755 107281358 107281358 703950717 181965979
124572123 0 1 10
107281358 703950717 197206755 181965979 197206755 703950717 703950717 107281358 703950717 107281358
192280666 0 1 9
181965979 107281358 197206755 197206755 107281358 703950717 181965979 181965979 349303263
508679419 0 0 5
181965979 181965979 197206755 107281358 197206755
735292650 1 1 10
197206755 181965979 181965979 349303263 703950717 197206755 107281358 197206755 197206755 181965979
159054453 1 1 7
349303263 181965979 197206755 703950717 107281358 107281358 197206755
242003772 1 1 10
181965979 181965979 349303263 349303263 197206755 197206755 197206755 703950717 107281358 197206755
268738678 0 1 6
197206755 181965979 197206755 181965979 107281358 197206755
16926949 0 1 7
703950717 197206755 181965979 107281358 703950717 197206755 107281358
119325458 1 0 1
703950717
603441648 1 1 3
181965979 349303263 181965979
272289427 0 1 9
181965979 197206755 703950717 349303263 197206755 107281358 349303263 107281358 703950717
963831692 1 1 4
181965979 197206755 107281358 349303263
534029631 0 1 9
181965979 703950717 181965979 349303263 703950717 349303263 703950717 349303263 703950717
7876678 1 1 6
703950717 197206755 349303263 349303263 181965979 197206755
585970653 0 0 2
107281358 349303263
79361756 1 1 6
181965979 197206755 107281358 703950717 107281358 197206755
534029631 0 0 9
181965979 703950717 181965979 349303263 703950717 349303263 703950717 349303263 703950717
399071995 1 1 7
349303263 703950717 197206755 703950717 703950717 197206755 703950717
295419002 1 1 9
197206755 181965979 197206755 703950717 703950717 703950717 197206755 349303263 703950717
588041174 1 1 3
197206755 197206755 107281358
972099406 0 1 9
703950717 181965979 107281358 181965979 181965979 703950717 703950717 703950717 107281358
820990578 1 1 5
703950717 181965979 703950717 197206755 703950717
604055589 0 1 8
349303263 703950717 107281358 703950717 197206755 181965979 703950717 181965979
6683375 0 1 9
349303263 107281358 197206755 349303263 107281358 349303263 349303263 197206755 181965979
548369865 1 1 1
349303263
575897398 0 1 3
197206755 703950717 197206755
6683375 0 0 9
349303263 107281358 197206755 349303263 107281358 349303263 349303263 197206755 181965979
79361756 1 0 6
181965979 197206755 107281358 703950717 107281358 197206755
553389667 1 1 7
349303263 107281358 197206755 107281358 349303263 703950717 107281358
489325755 1 1 6
197206755 107281358 703950717 181965979 107281358 181965979
962198461 1 1 8
107281358 703950717 181965979 703950717 197206755 107281358 349303263 703950717
268738678 0 0 6
197206755 181965979 197206755 181965979 107281358 197206755
139360319 0 1 1
181965979
139360319 0 0 1
181965979
16926949 0 0 7
703950717 197206755 181965979 107281358 703950717 197206755 107281358
259425158 0 1 10
703950717 197206755 349303263 703950717 181965979 703950717 349303263 107281358 703950717 349303263
124710470 0 1 10
349303263 197206755 703950717 107281358 181965979 181965979 107281358 703950717 107281358 181965979
412498077 1 1 1
703950717
344424466 1 1 7
181965979 107281358 349303263 107281358 107281358 703950717 107281358
510699857 1 1 10
181965979 703950717 349303263 197206755 181965979 107281358 703950717 107281358 107281358 703950717
389586551 1 1 7
181965979 197206755 197206755 703950717 349303263 181965979 107281358
536705131 1 1 8
181965979 197206755 181965979 703950717 181965979 107281358 197206755 197206755
98508858 0 1 2
181965979 349303263
548641003 0 1 6
181965979 703950717 703950717 197206755 197206755 181965979
778708902 0 1 10
703950717 181965979 703950717 107281358 107281358 197206755 107281358 107281358 197206755 107281358
219763888 0 1 4
703950717 703950717 703950717 107281358
272289427 0 0 9
181965979 197206755 703950717 349303263 197206755 107281358 349303263 107281358 703950717
412498077 1 0 1
703950717
418084303 1 1 4
703950717 181965979 181965979 181965979
234666902 1 1 2
107281358 349303263
492053314 1 1 6
107281358 703950717 107281358 349303263 181965979 107281358
234432346 0 1 2
703950717 181965979
621212884 0 1 8
703950717 703950717 197206755 349303263 703950717 197206755 349303263 181965979
499929991 1 1 7
181965979 703950717 181965979 181965979 107281358 181965979 197206755
313794102 1 1 4
181965979 181965979 703950717 181965979
20284878 1 1 2
197206755 197206755
603441648 1 0 3
181965979 349303263 181965979
647865344 0 1 2
107281358 107281358
754351627 0 1 4
107281358 349303263 703950717 107281358
844900636 0 1 8
349303263 107281358 107281358 349303263 107281358 107281358 181965979 197206755
468855921 0 1 2
181965979 349303263
575897398 0 0 3
197206755 703950717 197206755
210923567 0 1 3
703950717 197206755 181965979
98508858 0 0 2
181965979 349303263
420621407 1 0 2
197206755 107281358
704100362 1 1 5
349303263 107281358 703950717 703950717 181965979
869742138 1 1 3
349303263 107281358 703950717
786820965 0 1 10
181965979 107281358 181965979 107281358 703950717 107281358 349303263 703950717 703950717 181965979
257490028 1 1 4
197206755 107281358 181965979 703950717
820990578 1 0 5
703950717 181965979 703950717 197206755 703950717
548641003 0 0 6
181965979 703950717 703950717 197206755 197206755 181965979
468855921 0 0 2
181965979 349303263
770099404 0 0 4
107281358 181965979 349303263 107281358
359067892 0 1 3
703950717 107281358 181965979
601535777 0 1 4
349303263 197206755 107281358 107281358
249366698 0 1 3
181965979 197206755 197206755
471009401 1 1 7
703950717 703950717 349303263 107281358 197206755 181965979 703950717
726246246 0 1 8
197206755 197206755 197206755 703950717 197206755 107281358 703950717 349303263
661864774 1 1 2
349303263 107281358
694189941 1 0 1
349303263
786820965 0 0 10
181965979 107281358 181965979 107281358 703950717 107281358 349303263 703950717 703950717 181965979
815433866 1 1 3
703950717 197206755 703950717
89462454 0 1 1
181965979
210923567 0 0 3
703950717 197206755 181965979
51451324 1 1 5
349303263 197206755 197206755 349303263 349303263
204655348 1 1 7
107281358 703950717 107281358 349303263 197206755 349303263 197206755
778708902 0 0 10
703950717 181965979 703950717 107281358 107281358 197206755 107281358 107281358 197206755 107281358
40487663 0 1 2
197206755 107281358
389586551 1 0 7
181965979 197206755 197206755 703950717 349303263 181965979 107281358
452608678 0 1 2
703950717 349303263
983364250 0 1 10
703950717 703950717 349303263 703950717 349303263 181965979 181965979 703950717 349303263 349303263
260251550 0 1 10
181965979 197206755 181965979 107281358 703950717 349303263 349303263 703950717 107281358 349303263
870692980 0 1 4
197206755 181965979 197206755 703950717
70547503 0 1 8
107281358 349303263 197206755 107281358 703950717 197206755 181965979 197206755
752304863 0 1 6
197206755 703950717 181965979 703950717 349303263 703950717
105125325 1 1 9
349303263 107281358 197206755 107281358 703950717 703950717 703950717 349303263 197206755
691760386 0 1 4
703950717 197206755 197206755 703950717
104751206 1 1 3
107281358 181965979 349303263
271435778 1 1 7
107281358 181965979 181965979 107281358 181965979 197206755 181965979
564561616 0 1 2
703950717 703950717
752616549 0 1 8
703950717 349303263 703950717 349303263 197206755 107281358 181965979 703950717
25787405 0 1 4
349303263 197206755 197206755 181965979
409462251 1 1 9
107281358 703950717 181965979 703950717 703950717 181965979 703950717 349303263 703950717
73988822 0 1 10
703950717 349303263 197206755 349303263 703950717 181965979 181965979 703950717 703950717 197206755
236710971 0 1 9
181965979 197206755 107281358 107281358 181965979 107281358 349303263 181965979 703950717
963831692 1 0 4
181965979 197206755 107281358 349303263
113562612 0 1 1
197206755
943730959 1 1 2
181965979 703950717
23531935 0 1 1
197206755
223568991 1 1 9
197206755 181965979 107281358 349303263 197206755 197206755 181965979 181965979 349303263
155315202 1 1 5
107281358 349303263 197206755 181965979 349303263
477584063 1 1 9
181965979 107281358 107281358 181965979 197206755 107281358 107281358 703950717 181965979
472935688 0 1 3
107281358 181965979 107281358
626324602 0 1 3
107281358 349303263 197206755
56346660 0 1 7
197206755 107281358 197206755 107281358 349303263 181965979 197206755
869742138 1 0 3
349303263 107281358 703950717
621212884 0 0 8
703950717 703950717 197206755 349303263 703950717 197206755 349303263 181965979
134800461 1 1 9
349303263 349303263 349303263 197206755 703950717 197206755 197206755 703950717 107281358
441758468 0 1 1
107281358
145809113 0 1 3
181965979 349303263 107281358
38768136 0 1 8
703950717 703950717 703950717 181965979 107281358 703950717 703950717 181965979
646413815 1 1 6
107281358 107281358 703950717 349303263 703950717 349303263
186296776 1 1 10
107281358 107281358 349303263 197206755 197206755 703950717 197206755 349303263 181965979 703950717
20284878 1 0 2
197206755 197206755
491376813 0 1 5
703950717 703950717 349303263 107281358 703950717
752616549 0 0 8
703950717 349303263 703950717 349303263 197206755 107281358 181965979 703950717
482294416 0 1 2
197206755 197206755
446548325 1 1 8
107281358 349303263 349303263 349303263 181965979 107281358 197206755 181965979
491376813 0 0 5
703950717 703950717 349303263 107281358 703950717
214586144 1 1 10
197206755 703950717 197206755 181965979 181965979 107281358 349303263 181965979 197206755 107281358
405358270 1 1 1
107281358
51369540 0 1 5
107281358 703950717 181965979 107281358 703950717
319711468 0 1 1
197206755
97118656 0 1 10
703950717 197206755 107281358 349303263 703950717 197206755 107281358 107281358 197206755 197206755
156120745 1 1 9
197206755 703950717 197206755 197206755 197206755 703950717 349303263 197206755 181965979
591147246 1 1 5
107281358 349303263 703950717 703950717 349303263
514196623 0 1 4
181965979 703950717 181965979 349303263
908737293 0 1 7
349303263 181965979 181965979 349303263 349303263 703950717 107281358
469451002 1 1 5
703950717 107281358 349303263 107281358 181965979
923658873 1 1 3
107281358 197206755 107281358
156120745 1 0 9
197206755 703950717 197206755 197206755 197206755 703950717 349303263 197206755 181965979
78071632 0 0 8
107281358 181965979 181965979 107281358 703950717 197206755 349303263 107281358
982726114 1 1 4
197206755 107281358 107281358 181965979
706161972 0 1 4
107281358 181965979 181965979 349303263
889737836 0 1 3
181965979 703950717 107281358
647865344 0 0 2
107281358 107281358
926457072 1 1 9
181965979 197206755 107281358 197206755 181965979 349303263 181965979 181965979 349303263
582210259 0 1 3
107281358 107281358 703950717
965823178 1 1 2
349303263 107281358
815433866 1 0 3
703950717 197206755 703950717
81772273 1 1 10
197206755 107281358 181965979 107281358 107281358 107281358 349303263 181965979 349303263 703950717
59794321 0 1 1
197206755
291275217 1 1 4
197206755 197206755 197206755 197206755
560613227 1 1 7
107281358 349303263 349303263 181965979 349303263 107281358 181965979
116140981 1 1 9
107281358 107281358 349303263 181965979 197206755 197206755 703950717 107281358 349303263
278592029 1 1 4
181965979 107281358 703950717 349303263
492053314 1 0 6
107281358 703950717 107281358 349303263 181965979 107281358
2371694 1 1 6
181965979 197206755 107281358 349303263 703950717 107281358
271435778 1 0 7
107281358 181965979 181965979 107281358 181965979 197206755 181965979
114466445 0 1 7
107281358 107281358 107281358 107281358 181965979 181965979 181965979
317360164 1 1 9
197206755 703950717 703950717 349303263 197206755 197206755 107281358 107281358 703950717
501301860 1 1 2
197206755 197206755
153279572 1 1 7
181965979 181965979 181965979 703950717 349303263 703950717 181965979
661253328 1 1 9
107281358 181965979 181965979 197206755 349303263 197206755 349303263 197206755 703950717
836112628 1 1 10
107281358 703950717 107281358 197206755 107281358 181965979 181965979 107281358 197206755 349303263
599827897 1 1 5
107281358 197206755 349303263 107281358 197206755
875839471 1 1 5
349303263 349303263 349303263 107281358 197206755
97118656 0 0 10
703950717 197206755 107281358 349303263 703950717 197206755 107281358 107281358 197206755 197206755
241470897 0 1 2
703950717 197206755
651197436 0 1 10
107281358 703950717 181965979 181965979 197206755 181965979 349303263 703950717 349303263 107281358
972099406 0 0 9
703950717 181965979 107281358 181965979 181965979 703950717 703950717 703950717 107281358
48067290 0 1 3
703950717 349303263 197206755
191105904 0 1 4
197206755 107281358 181965979 703950717
236710971 0 0 9
181965979 197206755 107281358 107281358 181965979 107281358 349303263 181965979 703950717
124572123 0 0 10
107281358 703950717 197206755 181965979 197206755 703950717 703950717 107281358 703950717 107281358
661253328 1 0 9
107281358 181965979 181965979 197206755 349303263 197206755 349303263 197206755 703950717
385989388 0 0 5
197206755 107281358 107281358 703950717 181965979
807318180 1 1 4
349303263 181965979 181965979 197206755
639214535 1 1 10
107281358 349303263 107281358 349303263 349303263 349303263 703950717 703950717 349303263 197206755
705302526 1 1 6
703950717 703950717 107281358 703950717 181965979 197206755
568571824 1 1 5
181965979 197206755 349303263 107281358 181965979
108665536 0 1 7
349303263 107281358 181965979 703950717 703950717 703950717 349303263
481477750 0 1 2
703950717 181965979
551297938 1 1 10
181965979 181965979 197206755 181965979 197206755 181965979 197206755 197206755 197206755 107281358
667343860 0 1 5
197206755 349303263 703950717 181965979 181965979
204655348 1 0 7
107281358 703950717 107281358 349303263 197206755 349303263 197206755
223731937 0 1 7
197206755 181965979 181965979 349303263 107281358 349303263 107281358
330271361 0 1 3
107281358 349303263 107281358
102070470 0 1 1
197206755
42071466 1 1 6
349303263 703950717 349303263 107281358 703950717 349303263
264559986 0 1 7
107281358 197206755 703950717 107281358 349303263 197206755 197206755
14381142 1 1 3
197206755 703950717 197206755
333346682 1 1 3
197206755 703950717 107281358
825173212 0 1 7
181965979 349303263 181965979 197206755 349303263 349303263 197206755
983038474 0 1 9
197206755 703950717 197206755 181965979 197206755 107281358 349303263 197206755 181965979
611938710 1 1 8
349303263 703950717 197206755 349303263 181965979 349303263 181965979 181965979
680061257 0 1 1
703950717
7876678 1 0 6
703950717 197206755 349303263 349303263 181965979 197206755
97504919 1 1 8
197206755 107281358 349303263 107281358 349303263 197206755 349303263 197206755
929298873 1 1 8
349303263 181965979 703950717 181965979 197206755 197206755 181965979 197206755
33879468 0 1 5
349303263 181965979 703950717 349303263 349303263
191105904 0 0 4
197206755 107281358 181965979 703950717
103300842 0 1 4
107281358 197206755 703950717 703950717
104751206 1 0 3
107281358 181965979 349303263
443068552 0 1 4
349303263 181965979 181965979 181965979
869992095 1 1 8
107281358 197206755 197206755 107281358 349303263 107281358 181965979 349303263
703128738 0 1 4
197206755 107281358 107281358 181965979
318908022 1 1 9
197206755 197206755 107281358 181965979 181965979 349303263 349303263 181965979 703950717
963979344 0 1 5
703950717 197206755 181965979 197206755 703950717
206842525 1 1 7
349303263 349303263 703950717 349303263 197206755 181965979 107281358
366975312 0 1 5
349303263 349303263 197206755 197206755 703950717
7601599 0 1 3
349303263 181965979 197206755
866677056 0 1 5
349303263 107281358 181965979 197206755 107281358
858706198 0 1 6
703950717 107281358 349303263 197206755 107281358 181965979
712904125 0 1 4
181965979 197206755 197206755 197206755
435248880 1 1 6
703950717 349303263 197206755 703950717 703950717 107281358
819888086 0 1 10
349303263 107281358 349303263 349303263 349303263 349303263 349303263 703950717 703950717 107281358
46898226 1 1 5
107281358 703950717 703950717 349303263 197206755
965823178 1 0 2
349303263 107281358
839063169 1 1 10
107281358 107281358 107281358 349303263 703950717 181965979 197206755 349303263 197206755 107281358
339748297 0 1 7
197206755 703950717 181965979 349303263 197206755 181965979 349303263
481477750 0 0 2
703950717 181965979
123146515 0 1 9
181965979 349303263 181965979 703950717 181965979 197206755 181965979 197206755 197206755
501301860 1 0 2
197206755 197206755
21850881 0 1 2
349303263 197206755
441818766 1 1 5
349303263 703950717 181965979 107281358 197206755
165217980 0 1 9
181965979 349303263 349303263 181965979 107281358 349303263 181965979 107281358 349303263
286410866 1 1 9
349303263 197206755 181965979 181965979 703950717 107281358 349303263 197206755 107281358
308716259 0 1 1
703950717
498564662 1 1 6
107281358 703950717 181965979 107281358 703950717 703950717
964100429 0 1 4
181965979 181965979 349303263 349303263
291754733 0 1 6
349303263 703950717 703950717 349303263 181965979 349303263
110503371 1 1 3
703950717 349303263 197206755
496678037 0 1 5
703950717 181965979 703950717 107281358 181965979
241776003 0 1 10
349303263 703950717 197206755 197206755 197206755 703950717 181965979 197206755 197206755 703950717
892318596 1 1 10
181965979 181965979 703950717 349303263 181965979 197206755 197206755 349303263 349303263 181965979
530557505 0 1 6
181965979 181965979 181965979 703950717 197206755 703950717
295419002 1 0 9
197206755 181965979 197206755 703950717 703950717 703950717 197206755 349303263 703950717
345076844 1 1 6
181965979 703950717 107281358 107281358 181965979 349303263
335387147 0 1 10
107281358 107281358 197206755 703950717 181965979 181965979 197206755 703950717 181965979 197206755
253065951 1 1 10
181965979 349303263 703950717 703950717 181965979 349303263 181965979 107281358 197206755 181965979
900721934 1 1 3
181965979 197206755 197206755
153279572 1 0 7
181965979 181965979 181965979 703950717 349303263 703950717 181965979
506811521 0 1 7
107281358 181965979 349303263 197206755 107281358 181965979 349303263
69561646 1 1 1
181965979
107564458 0 1 10
349303263 349303263 703950717 181965979 181965979 107281358 107281358 703950717 197206755 703950717
873786832 1 1 5
107281358 197206755 107281358 349303263 349303263
242003772 1 0 10
181965979 181965979 349303263 349303263 197206755 197206755 197206755 703950717 107281358 197206755
77163245 0 1 6
107281358 181965979 703950717 349303263 107281358 349303263
826757866 0 1 3
181965979 181965979 703950717
259425158 0 0 10
703950717 197206755 349303263 703950717 181965979 703950717 349303263 107281358 703950717 349303263
585009381 1 1 10
349303263 107281358 703950717 107281358 181965979 703950717 181965979 197206755 107281358 197206755
790067369 1 1 5
181965979 197206755 349303263 703950717 703950717
114523097 0 1 3
181965979 349303263 107281358
404897466 1 1 6
181965979 197206755 349303263 197206755 107281358 107281358
25787405 0 0 4
349303263 197206755 197206755 181965979
689481946 0 1 6
181965979 197206755 349303263 349303263 181965979 107281358
953586265 0 1 9
197206755 197206755 349303263 107281358 349303263 107281358 349303263 107281358 197206755
744645762 1 1 7
197206755 107281358 197206755 349303263 181965979 107281358 703950717
812628460 1 1 9
349303263 703950717 703950717 197206755 703950717 181965979 107281358 703950717 349303263
103300842 0 0 4
107281358 197206755 703950717 703950717
975437145 1 1 3
181965979 197206755 181965979
38980879 0 1 7
107281358 197206755 107281358 197206755 197206755 349303263 107281358
977846440 1 1 10
703950717 349303263 703950717 349303263 197206755 703950717 703950717 197206755 349303263 349303263
114364363 1 1 6
349303263 349303263 703950717 107281358 181965979 703950717
585009381 1 0 10
349303263 107281358 703950717 107281358 181965979 703950717 181965979 197206755 107281358 197206755
347697138 0 1 4
349303263 197206755 197206755 703950717
908737293 0 0 7
349303263 181965979 181965979 349303263 349303263 703950717 107281358
476411101 1 1 6
107281358 107281358 703950717 703950717 107281358 349303263
78464791 0 1 5
181965979 107281358 703950717 107281358 197206755
491968222 1 1 9
107281358 197206755 107281358 197206755 197206755 349303263 107281358 107281358 349303263
14381142 1 0 3
197206755 703950717 197206755
536705131 1 0 8
181965979 197206755 181965979 703950717 181965979 107281358 197206755 197206755
439430823 0 1 2
197206755 703950717
575142828 1 1 8
349303263 107281358 197206755 181965979 703950717 107281358 197206755 703950717
733744224 1 1 7
197206755 703950717 197206755 349303263 107281358 181965979 197206755
331749418 0 1 7
197206755 197206755 703950717 107281358 349303263 107281358 181965979
929298873 1 0 8
349303263 181965979 703950717 181965979 197206755 197206755 181965979 197206755
958216684 0 1 10
107281358 349303263 181965979 181965979 703950717 181965979 197206755 107281358 197206755 107281358
931337419 0 1 3
349303263 181965979 349303263
519652917 1 1 8
197206755 703950717 703950717 107281358 107281358 181965979 349303263 181965979
63798986 1 1 7
703950717 181965979 703950717 181965979 181965979 703950717 181965979
832059352 0 1 4
703950717 181965979 703950717 181965979
26464437 0 1 8
703950717 349303263 197206755 107281358 349303263 107281358 197206755 107281358
133360632 1 1 2
107281358 181965979
234666902 1 0 2
107281358 349303263
792140162 0 1 5
703950717 703950717 197206755 197206755 181965979
51451324 1 0 5
349303263 197206755 197206755 349303263 349303263
472935688 0 0 3
107281358 181965979 107281358
752767620 0 1 1
181965979
705302526 1 0 6
703950717 703950717 107281358 703950717 181965979 197206755
727379288 1 0 6
703950717 107281358 107281358 197206755 349303263 107281358
344424466 1 0 7
181965979 107281358 349303263 107281358 107281358 703950717 107281358
286410866 1 0 9
349303263 197206755 181965979 181965979 703950717 107281358 349303263 197206755 107281358
210523876 0 1 4
197206755 107281358 107281358 181965979
471414379 0 1 4
107281358 349303263 349303263 181965979
790067369 1 0 5
181965979 197206755 349303263 703950717 703950717
278592029 1 0 4
181965979 107281358 703950717 349303263
155315202 1 0 5
107281358 349303263 197206755 181965979 349303263
337777000 0 1 2
197206755 181965979
591244 0 1 8
181965979 703950717 181965979 349303263 107281358 197206755 181965979 197206755
812628460 1 0 9
349303263 703950717 703950717 197206755 703950717 181965979 107281358 703950717 349303263
585937475 0 1 9
107281358 181965979 703950717 107281358 181965979 181965979 703950717 107281358 703950717
836112628 1 0 10
107281358 703950717 107281358 197206755 107281358 181965979 181965979 107281358 197206755 349303263
313794102 1 0 4
181965979 181965979 703950717 181965979
469451002 1 0 5
703950717 107281358 349303263 107281358 181965979
2371694 1 0 6
181965979 197206755 107281358 349303263 703950717 107281358
595190818 0 1 10
197206755 703950717 703950717 107281358 197206755 703950717 349303263 181965979 703950717 197206755
542589541 0 1 5
197206755 107281358 703950717 349303263 349303263
539523739 0 1 1
703950717
825173212 0 0 7
181965979 349303263 181965979 197206755 349303263 349303263 197206755
439430823 0 0 2
197206755 703950717
40487663 0 0 2
197206755 107281358
318908022 1 0 9
197206755 197206755 107281358 181965979 181965979 349303263 349303263 181965979 703950717
611938710 1 0 8
349303263 703950717 197206755 349303263 181965979 349303263 181965979 181965979
78464791 0 0 5
181965979 107281358 703950717 107281358 197206755
42071466 1 0 6
349303263 703950717 349303263 107281358 703950717 349303263
560613227 1 0 7
107281358 349303263 349303263 181965979 349303263 107281358 181965979
476411101 1 0 6
107281358 107281358 703950717 703950717 107281358 349303263
241776003 0 0 10
349303263 703950717 197206755 197206755 197206755 703950717 181965979 197206755 197206755 703950717
491968222 1 0 9
107281358 197206755 107281358 197206755 197206755 349303263 107281358 107281358 349303263
889737836 0 0 3
181965979 703950717 107281358
873786832 1 0 5
107281358 197206755 107281358 349303263 349303263
38980879 0 0 7
107281358 197206755 107281358 197206755 197206755 349303263 107281358
145809113 0 0 3
181965979 349303263 107281358
73988822 0 0 10
703950717 349303263 197206755 349303263 703950717 181965979 181965979 703950717 703950717 197206755
506811521 0 0 7
107281358 181965979 349303263 197206755 107281358 181965979 349303263
133360632 1 0 2
107281358 181965979
975437145 1 0 3
181965979 197206755 181965979
102070470 0 0 1
197206755
405358270 1 0 1
107281358
858706198 0 0 6
703950717 107281358 349303263 197206755 107281358 181965979
81772273 1 0 10
197206755 107281358 181965979 107281358 107281358 107281358 349303263 181965979 349303263 703950717
626324602 0 0 3
107281358 349303263 197206755
337777000 0 0 2
197206755 181965979
691760386 0 0 4
703950717 197206755 197206755 703950717
56346660 0 0 7
197206755 107281358 197206755 107281358 349303263 181965979 197206755
689481946 0 0 6
181965979 197206755 349303263 349303263 181965979 107281358
744645762 1 0 7
197206755 107281358 197206755 349303263 181965979 107281358 703950717
33879468 0 0 5
349303263 181965979 703950717 349303263 349303263
443068552 0 0 4
349303263 181965979 181965979 181965979
107564458 0 0 10
349303263 349303263 703950717 181965979 181965979 107281358 107281358 703950717 197206755 703950717
953586265 0 0 9
197206755 197206755 349303263 107281358 349303263 107281358 349303263 107281358 197206755
539523739 0 0 1
703950717
575142828 1 0 8
349303263 107281358 197206755 181965979 703950717 107281358 197206755 703950717
333346682 1 0 3
197206755 703950717 107281358
409462251 1 0 9
107281358 703950717 181965979 703950717 703950717 181965979 703950717 349303263 703950717
826757866 0 0 3
181965979 181965979 703950717
345076844 1 0 6
181965979 703950717 107281358 107281358 181965979 349303263
568571824 1 0 5
181965979 197206755 349303263 107281358 181965979
667343860 0 0 5
197206755 349303263 703950717 181965979 181965979
733744224 1 0 7
197206755 703950717 197206755 349303263 107281358 181965979 197206755
253065951 1 0 10
181965979 349303263 703950717 703950717 181965979 349303263 181965979 107281358 197206755 181965979
116140981 1 0 9
107281358 107281358 349303263 181965979 197206755 197206755 703950717 107281358 349303263
206842525 1 0 7
349303263 349303263 703950717 349303263 197206755 181965979 107281358
591147246 1 0 5
107281358 349303263 703950717 703950717 349303263
114364363 1 0 6
349303263 349303263 703950717 107281358 181965979 703950717
210523876 0 0 4
197206755 107281358 107281358 181965979
347697138 0 0 4
349303263 197206755 197206755 703950717
604055589 0 0 8
349303263 703950717 107281358 703950717 197206755 181965979 703950717 181965979
870692980 0 0 4
197206755 181965979 197206755 703950717
46898226 1 0 5
107281358 703950717 703950717 349303263 197206755
241470897 0 0 2
703950717 197206755
866677056 0 0 5
349303263 107281358 181965979 197206755 107281358
651197436 0 0 10
107281358 703950717 181965979 181965979 197206755 181965979 349303263 703950717 349303263 107281358
165217980 0 0 9
181965979 349303263 349303263 181965979 107281358 349303263 181965979 107281358 349303263
582210259 0 0 3
107281358 107281358 703950717
257490028 1 0 4
197206755 107281358 181965979 703950717
599827897 1 0 5
107281358 197206755 349303263 107281358 197206755
263013713 1 0 10
107281358 349303263 349303263 181965979 197206755 703950717 181965979 107281358 703950717 107281358
366975312 0 0 5
349303263 349303263 197206755 197206755 703950717
114466445 0 0 7
107281358 107281358 107281358 107281358 181965979 181965979 181965979
498564662 1 0 6
107281358 703950717 181965979 107281358 703950717 703950717
510699857 1 0 10
181965979 703950717 349303263 197206755 181965979 107281358 703950717 107281358 107281358 703950717
26464437 0 0 8
703950717 349303263 197206755 107281358 349303263 107281358 197206755 107281358
588041174 1 0 3
197206755 197206755 107281358
754351627 0 0 4
107281358 349303263 703950717 107281358
21850881 0 0 2
349303263 197206755
7601599 0 0 3
349303263 181965979 197206755
519652917 1 0 8
197206755 703950717 703950717 107281358 107281358 181965979 349303263 181965979
752767620 0 0 1
181965979
339748297 0 0 7
197206755 703950717 181965979 349303263 197206755 181965979 349303263
110503371 1 0 3
703950717 349303263 197206755
844900636 0 0 8
349303263 107281358 107281358 349303263 107281358 107281358 181965979 197206755
291754733 0 0 6
349303263 703950717 703950717 349303263 181965979 349303263
38768136 0 0 8
703950717 703950717 703950717 181965979 107281358 703950717 703950717 181965979
977846440 1 0 10
703950717 349303263 703950717 349303263 197206755 703950717 703950717 197206755 349303263 349303263
151034397 0 0 6
107281358 197206755 181965979 349303263 703950717 181965979
114523097 0 0 3
181965979 349303263 107281358
926457072 1 0 9
181965979 197206755 107281358 197206755 181965979 349303263 181965979 181965979 349303263
712904125 0 0 4
181965979 197206755 197206755 197206755
646413815 1 0 6
107281358 107281358 703950717 349303263 703950717 349303263
542589541 0 0 5
197206755 107281358 703950717 349303263 349303263
900721934 1 0 3
181965979 197206755 197206755
752304863 0 0 6
197206755 703950717 181965979 703950717 349303263 703950717
330271361 0 0 3
107281358 349303263 107281358
958216684 0 0 10
107281358 349303263 181965979 181965979 703950717 181965979 197206755 107281358 197206755 107281358
359067892 0 0 3
703950717 107281358 181965979
34583969 1 0 2
349303263 703950717
983038474 0 0 9
197206755 703950717 197206755 181965979 197206755 107281358 349303263 197206755 181965979
477584063 1 0 9
181965979 107281358 107281358 181965979 197206755 107281358 107281358 703950717 181965979
452608678 0 0 2
703950717 349303263
219763888 0 0 4
703950717 703950717 703950717 107281358
223731937 0 0 7
197206755 181965979 181965979 349303263 107281358 349303263 107281358
726246246 0 0 8
197206755 197206755 197206755 703950717 197206755 107281358 703950717 349303263
471009401 1 0 7
703950717 703950717 349303263 107281358 197206755 181965979 703950717
530557505 0 0 6
181965979 181965979 181965979 703950717 197206755 703950717
551297938 1 0 10
181965979 181965979 197206755 181965979 197206755 181965979 197206755 197206755 197206755 107281358
59794321 0 0 1
197206755
807318180 1 0 4
349303263 181965979 181965979 197206755
51369540 0 0 5
107281358 703950717 181965979 107281358 703950717
48067290 0 0 3
703950717 349303263 197206755
548369865 1 0 1
349303263
123146515 0 0 9
181965979 349303263 181965979 703950717 181965979 197206755 181965979 197206755 197206755
553389667 1 0 7
349303263 107281358 197206755 107281358 349303263 703950717 107281358
291275217 1 0 4
197206755 197206755 197206755 197206755
482294416 0 0 2
197206755 197206755
12526012 0 0 10
349303263 349303263 107281358 703950717 349303263 197206755 703950717 349303263 349303263 181965979
514196623 0 0 4
181965979 703950717 181965979 349303263
595190818 0 0 10
197206755 703950717 703950717 107281358 197206755 703950717 349303263 181965979 703950717 197206755
489325755 1 0 6
197206755 107281358 703950717 181965979 107281358 181965979
260251550 0 0 10
181965979 197206755 181965979 107281358 703950717 349303263 349303263 703950717 107281358 349303263
335387147 0 0 10
107281358 107281358 197206755 703950717 181965979 181965979 197206755 703950717 181965979 197206755
869992095 1 0 8
107281358 197206755 197206755 107281358 349303263 107281358 181965979 349303263
661864774 1 0 2
349303263 107281358
931337419 0 0 3
349303263 181965979 349303263
69561646 1 0 1
181965979
192280666 0 0 9
181965979 107281358 197206755 197206755 107281358 703950717 181965979 181965979 349303263
249366698 0 0 3
181965979 197206755 197206755
124710470 0 0 10
349303263 197206755 703950717 107281358 181965979 181965979 107281358 703950717 107281358 181965979
963979344 0 0 5
703950717 197206755 181965979 197206755 703950717
819888086 0 0 10
349303263 107281358 349303263 349303263 349303263 349303263 349303263 703950717 703950717 107281358
264559986 0 0 7
107281358 197206755 703950717 107281358 349303263 197206755 197206755
441758468 0 0 1
107281358
591244 0 0 8
181965979 703950717 181965979 349303263 107281358 197206755 181965979 197206755
832059352 0 0 4
703950717 181965979 703950717 181965979
435248880 1 0 6
703950717 349303263 197206755 703950717 703950717 107281358
441818766 1 0 5
349303263 703950717 181965979 107281358 197206755
134800461 1 0 9
349303263 349303263 349303263 197206755 703950717 197206755 197206755 703950717 107281358
309995658 1 0 9
703950717 107281358 197206755 349303263 107281358 703950717 181965979 349303263 349303263
792140162 0 0 5
703950717 703950717 197206755 197206755 181965979
962198461 1 0 8
107281358 703950717 181965979 703950717 197206755 107281358 349303263 703950717
319711468 0 0 1
197206755
639214535 1 0 10
107281358 349303263 107281358 349303263 349303263 349303263 703950717 703950717 349303263 197206755
703128738 0 0 4
197206755 107281358 107281358 181965979
418084303 1 0 4
703950717 181965979 181965979 181965979
399071995 1 0 7
349303263 703950717 197206755 703950717 703950717 197206755 703950717
585937475 0 0 9
107281358 181965979 703950717 107281358 181965979 181965979 703950717 107281358 703950717
89462454 0 0 1
181965979
105125325 1 0 9
349303263 107281358 197206755 107281358 703950717 703950717 703950717 349303263 197206755
471414379 0 0 4
107281358 349303263 349303263 181965979
943730959 1 0 2
181965979 703950717
108665536 0 0 7
349303263 107281358 181965979 703950717 703950717 703950717 349303263
735292650 1 0 10
197206755 181965979 181965979 349303263 703950717 197206755 107281358 197206755 197206755 181965979
386301063 1 0 8
349303263 349303263 349303263 703950717 349303263 703950717 107281358 349303263
892318596 1 0 10
181965979 181965979 703950717 349303263 181965979 197206755 197206755 349303263 349303263 181965979
496678037 0 0 5
703950717 181965979 703950717 107281358 181965979
77163245 0 0 6
107281358 181965979 703950717 349303263 107281358 349303263
946904744 1 0 8
349303263 107281358 349303263 107281358 703950717 181965979 181965979 181965979
16014415 1 0 5
703950717 197206755 703950717 181965979 197206755
601535777 0 0 4
349303263 197206755 107281358 107281358
361437877 1 0 4
107281358 197206755 107281358 197206755
23531935 0 0 1
197206755
70547503 0 0 8
107281358 349303263 197206755 107281358 703950717 197206755 181965979 197206755
97504919 1 0 8
197206755 107281358 349303263 107281358 349303263 197206755 349303263 197206755
964100429 0 0 4
181965979 181965979 349303263 349303263
159054453 1 0 7
349303263 181965979 197206755 703950717 107281358 107281358 197206755
223568991 1 0 9
197206755 181965979 107281358 349303263 197206755 197206755 181965979 181965979 349303263
63798986 1 0 7
703950717 181965979 703950717 181965979 181965979 703950717 181965979
706161972 0 0 4
107281358 181965979 181965979 349303263
317360164 1 0 9
197206755 703950717 703950717 349303263 197206755 197206755 107281358 107281358 703950717
331749418 0 0 7
197206755 197206755 703950717 107281358 349303263 107281358 181965979
234432346 0 0 2
703950717 181965979
308716259 0 0 1
703950717
564561616 0 0 2
703950717 703950717
680061257 0 0 1
703950717
983364250 0 0 10
703950717 703950717 349303263 703950717 349303263 181965979 181965979 703950717 349303263 349303263
113562612 0 0 1
197206755
499929991 1 0 7
181965979 703950717 181965979 181965979 107281358 181965979 197206755
446548325 1 0 8
107281358 349303263 349303263 349303263 181965979 107281358 197206755 181965979
839063169 1 0 10
107281358 107281358 107281358 349303263 703950717 181965979 197206755 349303263 197206755 107281358
923658873 1 0 3
107281358 197206755 107281358
186296776 1 0 10
107281358 107281358 349303263 197206755 197206755 703950717 197206755 349303263 181965979 703950717
704100362 1 0 5
349303263 107281358 703950717 703950717 181965979
875839471 1 0 5
349303263 349303263 349303263 107281358 197206755
214586144 1 0 10
197206755 703950717 197206755 181965979 181965979 107281358 349303263 181965979 197206755 107281358
404897466 1 0 6
181965979 197206755 349303263 197206755 107281358 107281358
982726114 1 0 4
197206755 107281358 107281358 181965979
