114
191182896 0 1 48
116936029 116936029 17731838 116936029 810512878 17731838 810512878 17731838 318827831 17731838 17731838 318827831 170692814 318827831 170692814 810512878 17731838 318827831 116936029 116936029 318827831 116936029 810512878 17731838 170692814 17731838 170692814 17731838 170692814 318827831 318827831 116936029 318827831 17731838 810512878 810512878 810512878 318827831 318827831 810512878 116936029 170692814 116936029 318827831 170692814 116936029 810512878 116936029
460762878 1 1 22
318827831 116936029 170692814 17731838 318827831 810512878 17731838 17731838 810512878 17731838 170692814 17731838 17731838 810512878 17731838 116936029 318827831 17731838 116936029 116936029 318827831 170692814
405967002 1 1 49
170692814 170692814 318827831 17731838 17731838 810512878 170692814 170692814 116936029 810512878 318827831 170692814 318827831 17731838 170692814 170692814 17731838 17731838 318827831 116936029 810512878 116936029 170692814 170692814 116936029 318827831 170692814 116936029 17731838 17731838 318827831 17731838 810512878 170692814 810512878 170692814 810512878 116936029 170692814 17731838 17731838 810512878 810512878 170692814 116936029 810512878 116936029 810512878 17731838
127160595 0 1 36
170692814 17731838 170692814 116936029 170692814 810512878 810512878 17731838 318827831 116936029 170692814 17731838 116936029 116936029 17731838 17731838 318827831 116936029 810512878 170692814 17731838 170692814 810512878 318827831 318827831 17731838 17731838 17731838 116936029 318827831 17731838 116936029 17731838 116936029 318827831 116936029
233832692 0 1 9
17731838 318827831 17731838 810512878 116936029 17731838 170692814 318827831 170692814
460762878 1 0 22
318827831 116936029 170692814 17731838 318827831 810512878 17731838 17731838 810512878 17731838 170692814 17731838 17731838 810512878 17731838 116936029 318827831 17731838 116936029 116936029 318827831 170692814
393778198 0 1 26
318827831 318827831 170692814 116936029 17731838 318827831 810512878 810512878 318827831 318827831 17731838 318827831 810512878 116936029 170692814 170692814 318827831 810512878 17731838 116936029 17731838 116936029 318827831 810512878 318827831 318827831
405967002 1 0 49
170692814 170692814 318827831 17731838 17731838 810512878 170692814 170692814 116936029 810512878 318827831 170692814 318827831 17731838 170692814 170692814 17731838 17731838 318827831 116936029 810512878 116936029 170692814 170692814 116936029 318827831 170692814 116936029 17731838 17731838 318827831 17731838 810512878 170692814 810512878 170692814 810512878 116936029 170692814 17731838 17731838 810512878 810512878 170692814 116936029 810512878 116936029 810512878 17731838
765268979 1 1 26
116936029 318827831 116936029 318827831 116936029 17731838 318827831 116936029 810512878 170692814 116936029 170692814 17731838 17731838 170692814 170692814 116936029 318827831 318827831 170692814 810512878 116936029 810512878 318827831 116936029 318827831
765268979 1 0 26
116936029 318827831 116936029 318827831 116936029 17731838 318827831 116936029 810512878 170692814 116936029 170692814 17731838 17731838 170692814 170692814 116936029 318827831 318827831 170692814 810512878 116936029 810512878 318827831 116936029 318827831
890569931 1 1 44
318827831 810512878 318827831 170692814 170692814 318827831 318827831 116936029 810512878 318827831 116936029 116936029 170692814 170692814 318827831 318827831 170692814 170692814 318827831 116936029 318827831 318827831 810512878 318827831 318827831 170692814 810512878 116936029 17731838 17731838 116936029 17731838 17731838 170692814 17731838 810512878 318827831 116936029 170692814 810512878 810512878 116936029 170692814 116936029
15117051 1 1 40
318827831 810512878 810512878 170692814 17731838 17731838 116936029 17731838 170692814 170692814 170692814 170692814 810512878 810512878 318827831 116936029 116936029 318827831 810512878 17731838 17731838 170692814 17731838 116936029 116936029 17731838 17731838 17731838 17731838 810512878 318827831 116936029 170692814 810512878 116936029 810512878 170692814 17731838 170692814 17731838
27662255 0 1 15
318827831 116936029 116936029 318827831 318827831 116936029 17731838 170692814 318827831 810512878 318827831 170692814 17731838 170692814 17731838
15117051 1 0 40
318827831 810512878 810512878 170692814 17731838 17731838 116936029 17731838 170692814 170692814 170692814 170692814 810512878 810512878 318827831 116936029 116936029 318827831 810512878 17731838 17731838 170692814 17731838 116936029 116936029 17731838 17731838 17731838 17731838 810512878 318827831 116936029 170692814 810512878 116936029 810512878 170692814 17731838 170692814 17731838
544972874 0 1 31
318827831 116936029 17731838 170692814 810512878 17731838 318827831 318827831 116936029 17731838 17731838 116936029 170692814 170692814 116936029 170692814 810512878 318827831 170692814 170692814 116936029 170692814 17731838 318827831 17731838 318827831 116936029 170692814 810512878 116936029 318827831
745182051 1 1 45
318827831 810512878 318827831 116936029 810512878 318827831 170692814 116936029 116936029 810512878 318827831 810512878 810512878 810512878 17731838 116936029 810512878 17731838 170692814 116936029 17731838 17731838 116936029 318827831 318827831 170692814 170692814 318827831 318827831 170692814 17731838 116936029 116936029 116936029 810512878 170692814 116936029 810512878 17731838 810512878 170692814 170692814 318827831 116936029 170692814
623668663 0 1 25
810512878 116936029 116936029 170692814 170692814 17731838 318827831 170692814 116936029 170692814 17731838 116936029 170692814 116936029 17731838 116936029 17731838 318827831 17731838 170692814 810512878 810512878 810512878 318827831 116936029
623668663 0 0 25
810512878 116936029 116936029 170692814 170692814 17731838 318827831 170692814 116936029 170692814 17731838 116936029 170692814 116936029 17731838 116936029 17731838 318827831 17731838 170692814 810512878 810512878 810512878 318827831 116936029
586467369 1 1 48
810512878 318827831 17731838 810512878 810512878 116936029 318827831 810512878 810512878 170692814 116936029 170692814 116936029 116936029 810512878 17731838 170692814 17731838 116936029 116936029 170692814 170692814 170692814 170692814 17731838 318827831 810512878 170692814 318827831 170692814 116936029 810512878 170692814 170692814 810512878 810512878 170692814 17731838 810512878 810512878 810512878 170692814 318827831 170692814 318827831 17731838 116936029 810512878
393778198 0 0 26
318827831 318827831 170692814 116936029 17731838 318827831 810512878 810512878 318827831 318827831 17731838 318827831 810512878 116936029 170692814 170692814 318827831 810512878 17731838 116936029 17731838 116936029 318827831 810512878 318827831 318827831
354910453 0 1 17
17731838 17731838 17731838 116936029 810512878 17731838 318827831 810512878 170692814 810512878 810512878 810512878 318827831 116936029 318827831 810512878 810512878
865417201 1 1 5
116936029 318827831 318827831 810512878 810512878
803590271 0 1 45
170692814 318827831 170692814 17731838 17731838 810512878 810512878 170692814 170692814 17731838 116936029 170692814 116936029 170692814 116936029 170692814 17731838 810512878 810512878 318827831 116936029 116936029 17731838 17731838 318827831 17731838 318827831 17731838 810512878 170692814 17731838 810512878 170692814 810512878 17731838 318827831 318827831 116936029 318827831 318827831 170692814 810512878 170692814 17731838 116936029
831185344 1 1 14
170692814 318827831 318827831 17731838 318827831 17731838 116936029 318827831 318827831 318827831 17731838 17731838 170692814 116936029
124278836 0 1 19
17731838 170692814 810512878 318827831 318827831 810512878 810512878 810512878 318827831 116936029 116936029 116936029 170692814 116936029 17731838 170692814 318827831 810512878 170692814
758306182 0 1 46
170692814 170692814 116936029 17731838 170692814 17731838 116936029 116936029 318827831 318827831 318827831 17731838 17731838 170692814 116936029 116936029 116936029 810512878 17731838 810512878 116936029 810512878 810512878 318827831 810512878 810512878 17731838 318827831 116936029 810512878 318827831 170692814 170692814 810512878 810512878 17731838 17731838 17731838 318827831 170692814 116936029 17731838 17731838 318827831 17731838 318827831
307836770 1 1 6
170692814 318827831 810512878 810512878 810512878 810512878
131188114 0 1 48
318827831 116936029 17731838 170692814 116936029 17731838 116936029 116936029 318827831 318827831 318827831 318827831 170692814 116936029 170692814 17731838 810512878 810512878 116936029 170692814 318827831 116936029 17731838 318827831 17731838 116936029 17731838 116936029 170692814 170692814 810512878 318827831 318827831 116936029 170692814 170692814 810512878 170692814 116936029 810512878 170692814 116936029 17731838 810512878 116936029 318827831 318827831 17731838
956722834 0 1 46
810512878 17731838 170692814 17731838 116936029 170692814 810512878 17731838 17731838 116936029 116936029 170692814 318827831 318827831 810512878 318827831 810512878 116936029 116936029 318827831 116936029 810512878 17731838 17731838 170692814 170692814 810512878 318827831 318827831 170692814 116936029 17731838 318827831 116936029 170692814 810512878 318827831 116936029 170692814 170692814 116936029 318827831 116936029 116936029 318827831 17731838
803590271 0 0 45
170692814 318827831 170692814 17731838 17731838 810512878 810512878 170692814 170692814 17731838 116936029 170692814 116936029 170692814 116936029 170692814 17731838 810512878 810512878 318827831 116936029 116936029 17731838 17731838 318827831 17731838 318827831 17731838 810512878 170692814 17731838 810512878 170692814 810512878 17731838 318827831 318827831 116936029 318827831 318827831 170692814 810512878 170692814 17731838 116936029
97705032 1 1 26
116936029 170692814 810512878 17731838 170692814 170692814 170692814 170692814 17731838 116936029 318827831 170692814 810512878 170692814 318827831 318827831 116936029 170692814 318827831 17731838 170692814 116936029 170692814 810512878 318827831 116936029
456651227 0 1 34
116936029 170692814 17731838 116936029 116936029 116936029 318827831 116936029 116936029 810512878 318827831 810512878 810512878 17731838 170692814 810512878 17731838 318827831 170692814 810512878 17731838 318827831 116936029 170692814 318827831 170692814 17731838 170692814 810512878 17731838 17731838 170692814 810512878 810512878
292376159 0 1 27
116936029 318827831 318827831 170692814 170692814 810512878 116936029 810512878 170692814 170692814 318827831 318827831 810512878 17731838 17731838 17731838 170692814 116936029 17731838 810512878 170692814 17731838 318827831 810512878 170692814 170692814 17731838
269049215 1 1 50
17731838 116936029 116936029 170692814 17731838 318827831 170692814 318827831 810512878 170692814 17731838 810512878 170692814 318827831 318827831 318827831 170692814 318827831 810512878 810512878 17731838 116936029 170692814 17731838 170692814 170692814 810512878 17731838 116936029 810512878 17731838 318827831 810512878 318827831 810512878 318827831 318827831 116936029 318827831 17731838 318827831 17731838 116936029 318827831 170692814 810512878 116936029 17731838 17731838 17731838
474383064 0 1 26
170692814 810512878 17731838 17731838 17731838 116936029 170692814 116936029 318827831 810512878 17731838 318827831 170692814 17731838 116936029 116936029 810512878 170692814 810512878 116936029 318827831 810512878 170692814 810512878 116936029 17731838
409312187 0 1 17
810512878 170692814 810512878 318827831 810512878 318827831 170692814 170692814 810512878 17731838 17731838 318827831 116936029 170692814 318827831 17731838 17731838
439742028 1 1 27
170692814 17731838 116936029 116936029 810512878 170692814 17731838 17731838 810512878 810512878 116936029 318827831 116936029 116936029 170692814 170692814 810512878 17731838 170692814 170692814 810512878 810512878 318827831 116936029 170692814 318827831 318827831
191182896 0 0 48
116936029 116936029 17731838 116936029 810512878 17731838 810512878 17731838 318827831 17731838 17731838 318827831 170692814 318827831 170692814 810512878 17731838 318827831 116936029 116936029 318827831 116936029 810512878 17731838 170692814 17731838 170692814 17731838 170692814 318827831 318827831 116936029 318827831 17731838 810512878 810512878 810512878 318827831 318827831 810512878 116936029 170692814 116936029 318827831 170692814 116936029 810512878 116936029
137412293 0 1 39
17731838 116936029 318827831 318827831 318827831 170692814 17731838 810512878 318827831 810512878 170692814 810512878 116936029 170692814 810512878 318827831 116936029 810512878 318827831 170692814 116936029 810512878 170692814 810512878 17731838 17731838 810512878 170692814 810512878 170692814 170692814 318827831 116936029 318827831 116936029 170692814 170692814 810512878 810512878
453011434 1 1 11
318827831 116936029 170692814 17731838 810512878 116936029 170692814 810512878 17731838 318827831 318827831
474383064 0 0 26
170692814 810512878 17731838 17731838 17731838 116936029 170692814 116936029 318827831 810512878 17731838 318827831 170692814 17731838 116936029 116936029 810512878 170692814 810512878 116936029 318827831 810512878 170692814 810512878 116936029 17731838
753021257 1 1 32
810512878 17731838 318827831 810512878 170692814 116936029 116936029 170692814 17731838 170692814 170692814 116936029 170692814 318827831 116936029 318827831 170692814 17731838 810512878 17731838 810512878 17731838 810512878 810512878 170692814 116936029 318827831 318827831 318827831 170692814 17731838 17731838
543379294 1 1 2
810512878 17731838
432688381 1 1 28
318827831 170692814 17731838 170692814 170692814 170692814 318827831 170692814 810512878 810512878 17731838 170692814 116936029 318827831 810512878 17731838 318827831 116936029 170692814 116936029 318827831 17731838 810512878 810512878 318827831 318827831 318827831 170692814
986853948 0 1 28
116936029 170692814 170692814 116936029 170692814 170692814 116936029 116936029 318827831 170692814 170692814 318827831 17731838 17731838 318827831 810512878 17731838 810512878 810512878 170692814 810512878 318827831 810512878 318827831 116936029 810512878 318827831 318827831
937157491 1 1 30
116936029 17731838 810512878 810512878 116936029 170692814 17731838 17731838 170692814 318827831 17731838 170692814 170692814 810512878 318827831 810512878 116936029 810512878 170692814 170692814 318827831 170692814 116936029 318827831 17731838 810512878 170692814 170692814 116936029 17731838
197957359 0 1 10
116936029 17731838 170692814 116936029 318827831 810512878 318827831 116936029 170692814 17731838
729940230 1 1 49
17731838 318827831 170692814 17731838 170692814 318827831 810512878 318827831 170692814 116936029 810512878 17731838 17731838 810512878 810512878 17731838 17731838 318827831 170692814 810512878 810512878 17731838 17731838 318827831 170692814 170692814 170692814 810512878 116936029 17731838 170692814 170692814 17731838 170692814 810512878 17731838 170692814 17731838 170692814 17731838 318827831 170692814 810512878 17731838 810512878 318827831 116936029 116936029 17731838
952274541 0 1 1
17731838
78135965 0 1 22
170692814 17731838 17731838 170692814 116936029 17731838 17731838 318827831 17731838 170692814 170692814 17731838 17731838 17731838 318827831 17731838 17731838 810512878 318827831 318827831 116936029 810512878
274913104 1 1 43
170692814 318827831 318827831 170692814 116936029 116936029 170692814 170692814 318827831 17731838 318827831 170692814 318827831 116936029 810512878 170692814 318827831 116936029 17731838 116936029 116936029 116936029 170692814 810512878 810512878 17731838 17731838 810512878 318827831 810512878 170692814 170692814 17731838 810512878 17731838 170692814 170692814 318827831 116936029 318827831 170692814 810512878 170692814
549972944 1 1 50
17731838 116936029 17731838 810512878 17731838 810512878 810512878 116936029 318827831 170692814 170692814 17731838 116936029 318827831 116936029 170692814 810512878 170692814 810512878 116936029 170692814 116936029 810512878 318827831 116936029 170692814 318827831 318827831 17731838 810512878 17731838 318827831 170692814 116936029 17731838 318827831 170692814 318827831 116936029 318827831 810512878 116936029 17731838 170692814 116936029 318827831 17731838 170692814 318827831 318827831
952274541 0 0 1
17731838
986853948 0 0 28
116936029 170692814 170692814 116936029 170692814 170692814 116936029 116936029 318827831 170692814 170692814 318827831 17731838 17731838 318827831 810512878 17731838 810512878 810512878 170692814 810512878 318827831 810512878 318827831 116936029 810512878 318827831 318827831
701804627 0 1 24
17731838 318827831 810512878 170692814 810512878 810512878 810512878 17731838 810512878 116936029 318827831 318827831 17731838 116936029 170692814 17731838 17731838 810512878 170692814 116936029 17731838 318827831 318827831 318827831
890569931 1 0 44
318827831 810512878 318827831 170692814 170692814 318827831 318827831 116936029 810512878 318827831 116936029 116936029 170692814 170692814 318827831 318827831 170692814 170692814 318827831 116936029 318827831 318827831 810512878 318827831 318827831 170692814 810512878 116936029 17731838 17731838 116936029 17731838 17731838 170692814 17731838 810512878 318827831 116936029 170692814 810512878 810512878 116936029 170692814 116936029
233832692 0 0 9
17731838 318827831 17731838 810512878 116936029 17731838 170692814 318827831 170692814
861380472 0 1 2
170692814 318827831
307836770 1 0 6
170692814 318827831 810512878 810512878 810512878 810512878
753021257 1 0 32
810512878 17731838 318827831 810512878 170692814 116936029 116936029 170692814 17731838 170692814 170692814 116936029 170692814 318827831 116936029 318827831 170692814 17731838 810512878 17731838 810512878 17731838 810512878 810512878 170692814 116936029 318827831 318827831 318827831 170692814 17731838 17731838
904883396 0 1 47
810512878 810512878 170692814 318827831 318827831 170692814 810512878 116936029 170692814 17731838 116936029 318827831 170692814 17731838 17731838 116936029 116936029 318827831 17731838 318827831 318827831 170692814 116936029 318827831 810512878 116936029 17731838 318827831 116936029 116936029 17731838 170692814 170692814 17731838 318827831 810512878 810512878 318827831 17731838 318827831 17731838 318827831 116936029 810512878 116936029 170692814 170692814
419738179 1 1 15
810512878 17731838 116936029 170692814 170692814 810512878 116936029 810512878 810512878 17731838 170692814 116936029 810512878 17731838 810512878
517487095 1 1 41
810512878 17731838 116936029 170692814 116936029 318827831 810512878 17731838 170692814 170692814 116936029 810512878 810512878 170692814 116936029 810512878 17731838 318827831 170692814 170692814 810512878 810512878 810512878 810512878 170692814 170692814 318827831 116936029 810512878 17731838 318827831 810512878 810512878 116936029 810512878 170692814 116936029 170692814 17731838 170692814 17731838
544972874 0 0 31
318827831 116936029 17731838 170692814 810512878 17731838 318827831 318827831 116936029 17731838 17731838 116936029 170692814 170692814 116936029 170692814 810512878 318827831 170692814 170692814 116936029 170692814 17731838 318827831 17731838 318827831 116936029 170692814 810512878 116936029 318827831
588585091 1 1 34
116936029 17731838 116936029 116936029 116936029 170692814 170692814 17731838 17731838 170692814 170692814 17731838 170692814 17731838 17731838 810512878 17731838 318827831 170692814 17731838 318827831 17731838 170692814 170692814 318827831 170692814 810512878 170692814 318827831 116936029 116936029 810512878 318827831 810512878
274913104 1 0 43
170692814 318827831 318827831 170692814 116936029 116936029 170692814 170692814 318827831 17731838 318827831 170692814 318827831 116936029 810512878 170692814 318827831 116936029 17731838 116936029 116936029 116936029 170692814 810512878 810512878 17731838 17731838 810512878 318827831 810512878 170692814 170692814 17731838 810512878 17731838 170692814 170692814 318827831 116936029 318827831 170692814 810512878 170692814
396533366 1 1 6
17731838 318827831 17731838 17731838 116936029 116936029
128309628 1 1 7
170692814 17731838 318827831 810512878 17731838 170692814 810512878
549972944 1 0 50
17731838 116936029 17731838 810512878 17731838 810512878 810512878 116936029 318827831 170692814 170692814 17731838 116936029 318827831 116936029 170692814 810512878 170692814 810512878 116936029 170692814 116936029 810512878 318827831 116936029 170692814 318827831 318827831 17731838 810512878 17731838 318827831 170692814 116936029 17731838 318827831 170692814 318827831 116936029 318827831 810512878 116936029 17731838 170692814 116936029 318827831 17731838 170692814 318827831 318827831
745182051 1 0 45
318827831 810512878 318827831 116936029 810512878 318827831 170692814 116936029 116936029 810512878 318827831 810512878 810512878 810512878 17731838 116936029 810512878 17731838 170692814 116936029 17731838 17731838 116936029 318827831 318827831 170692814 170692814 318827831 318827831 170692814 17731838 116936029 116936029 116936029 810512878 170692814 116936029 810512878 17731838 810512878 170692814 170692814 318827831 116936029 170692814
588585091 1 0 34
116936029 17731838 116936029 116936029 116936029 170692814 170692814 17731838 17731838 170692814 170692814 17731838 170692814 17731838 17731838 810512878 17731838 318827831 170692814 17731838 318827831 17731838 170692814 170692814 318827831 170692814 810512878 170692814 318827831 116936029 116936029 810512878 318827831 810512878
896421860 0 1 2
318827831 810512878
527721480 0 1 7
170692814 810512878 170692814 170692814 810512878 170692814 170692814
396533366 1 0 6
17731838 318827831 17731838 17731838 116936029 116936029
419738179 1 0 15
810512878 17731838 116936029 170692814 170692814 810512878 116936029 810512878 810512878 17731838 170692814 116936029 810512878 17731838 810512878
439742028 1 0 27
170692814 17731838 116936029 116936029 810512878 170692814 17731838 17731838 810512878 810512878 116936029 318827831 116936029 116936029 170692814 170692814 810512878 17731838 170692814 170692814 810512878 810512878 318827831 116936029 170692814 318827831 318827831
453011434 1 0 11
318827831 116936029 170692814 17731838 810512878 116936029 170692814 810512878 17731838 318827831 318827831
97705032 1 0 26
116936029 170692814 810512878 17731838 170692814 170692814 170692814 170692814 17731838 116936029 318827831 170692814 810512878 170692814 318827831 318827831 116936029 170692814 318827831 17731838 170692814 116936029 170692814 810512878 318827831 116936029
85032461 0 1 50
810512878 810512878 318827831 17731838 116936029 17731838 17731838 170692814 116936029 17731838 810512878 116936029 810512878 170692814 17731838 810512878 116936029 116936029 810512878 116936029 17731838 170692814 170692814 170692814 318827831 17731838 170692814 116936029 810512878 116936029 170692814 170692814 116936029 170692814 810512878 17731838 116936029 116936029 318827831 17731838 810512878 17731838 170692814 318827831 318827831 318827831 318827831 116936029 810512878 810512878
846643243 0 1 1
810512878
836889058 0 1 1
318827831
269049215 1 0 50
17731838 116936029 116936029 170692814 17731838 318827831 170692814 318827831 810512878 170692814 17731838 810512878 170692814 318827831 318827831 318827831 170692814 318827831 810512878 810512878 17731838 116936029 170692814 17731838 170692814 170692814 810512878 17731838 116936029 810512878 17731838 318827831 810512878 318827831 810512878 318827831 318827831 116936029 318827831 17731838 318827831 17731838 116936029 318827831 170692814 810512878 116936029 17731838 17731838 17731838
377408619 0 1 1
116936029
432688381 1 0 28
318827831 170692814 17731838 170692814 170692814 170692814 318827831 170692814 810512878 810512878 17731838 170692814 116936029 318827831 810512878 17731838 318827831 116936029 170692814 116936029 318827831 17731838 810512878 810512878 318827831 318827831 318827831 170692814
78135965 0 0 22
170692814 17731838 17731838 170692814 116936029 17731838 17731838 318827831 17731838 170692814 170692814 17731838 17731838 17731838 318827831 17731838 17731838 810512878 318827831 318827831 116936029 810512878
865417201 1 0 5
116936029 318827831 318827831 810512878 810512878
354910453 0 0 17
17731838 17731838 17731838 116936029 810512878 17731838 318827831 810512878 170692814 810512878 810512878 810512878 318827831 116936029 318827831 810512878 810512878
836889058 0 0 1
318827831
137412293 0 0 39
17731838 116936029 318827831 318827831 318827831 170692814 17731838 810512878 318827831 810512878 170692814 810512878 116936029 170692814 810512878 318827831 116936029 810512878 318827831 170692814 116936029 810512878 170692814 810512878 17731838 17731838 810512878 170692814 810512878 170692814 170692814 318827831 116936029 318827831 116936029 170692814 170692814 810512878 810512878
128309628 1 0 7
170692814 17731838 318827831 810512878 17731838 170692814 810512878
127160595 0 0 36
170692814 17731838 170692814 116936029 170692814 810512878 810512878 17731838 318827831 116936029 170692814 17731838 116936029 116936029 17731838 17731838 318827831 116936029 810512878 170692814 17731838 170692814 810512878 318827831 318827831 17731838 17731838 17731838 116936029 318827831 17731838 116936029 17731838 116936029 318827831 116936029
937157491 1 0 30
116936029 17731838 810512878 810512878 116936029 170692814 17731838 17731838 170692814 318827831 17731838 170692814 170692814 810512878 318827831 810512878 116936029 810512878 170692814 170692814 318827831 170692814 116936029 318827831 17731838 810512878 170692814 170692814 116936029 17731838
586467369 1 0 48
810512878 318827831 17731838 810512878 810512878 116936029 318827831 810512878 810512878 170692814 116936029 170692814 116936029 116936029 810512878 17731838 170692814 17731838 116936029 116936029 170692814 170692814 170692814 170692814 17731838 318827831 810512878 170692814 318827831 170692814 116936029 810512878 170692814 170692814 810512878 810512878 170692814 17731838 810512878 810512878 810512878 170692814 318827831 170692814 318827831 17731838 116936029 810512878
456651227 0 0 34
116936029 170692814 17731838 116936029 116936029 116936029 318827831 116936029 116936029 810512878 318827831 810512878 810512878 17731838 170692814 810512878 17731838 318827831 170692814 810512878 17731838 318827831 116936029 170692814 318827831 170692814 17731838 170692814 810512878 17731838 17731838 170692814 810512878 810512878
729940230 1 0 49
17731838 318827831 170692814 17731838 170692814 318827831 810512878 318827831 170692814 116936029 810512878 17731838 17731838 810512878 810512878 17731838 17731838 318827831 170692814 810512878 810512878 17731838 17731838 318827831 170692814 170692814 170692814 810512878 116936029 17731838 170692814 170692814 17731838 170692814 810512878 17731838 170692814 17731838 170692814 17731838 318827831 170692814 810512878 17731838 810512878 318827831 116936029 116936029 17731838
543379294 1 0 2
810512878 17731838
517487095 1 0 41
810512878 17731838 116936029 170692814 116936029 318827831 810512878 17731838 170692814 170692814 116936029 810512878 810512878 170692814 116936029 810512878 17731838 318827831 170692814 170692814 810512878 810512878 810512878 810512878 170692814 170692814 318827831 116936029 810512878 17731838 318827831 810512878 810512878 116936029 810512878 170692814 116936029 170692814 17731838 170692814 17731838
896421860 0 0 2
318827831 810512878
831185344 1 0 14
170692814 318827831 318827831 17731838 318827831 17731838 116936029 318827831 318827831 318827831 17731838 17731838 170692814 116936029
956722834 0 0 46
810512878 17731838 170692814 17731838 116936029 170692814 810512878 17731838 17731838 116936029 116936029 170692814 318827831 318827831 810512878 318827831 810512878 116936029 116936029 318827831 116936029 810512878 17731838 17731838 170692814 170692814 810512878 318827831 318827831 170692814 116936029 17731838 318827831 116936029 170692814 810512878 318827831 116936029 170692814 170692814 116936029 318827831 116936029 116936029 318827831 17731838
846643243 0 0 1
810512878
27662255 0 0 15
318827831 116936029 116936029 318827831 318827831 116936029 17731838 170692814 318827831 810512878 318827831 170692814 17731838 170692814 17731838
527721480 0 0 7
170692814 810512878 170692814 170692814 810512878 170692814 170692814
861380472 0 0 2
170692814 318827831
85032461 0 0 50
810512878 810512878 318827831 17731838 116936029 17731838 17731838 170692814 116936029 17731838 810512878 116936029 810512878 170692814 17731838 810512878 116936029 116936029 810512878 116936029 17731838 170692814 170692814 170692814 318827831 17731838 170692814 116936029 810512878 116936029 170692814 170692814 116936029 170692814 810512878 17731838 116936029 116936029 318827831 17731838 810512878 17731838 170692814 318827831 318827831 318827831 318827831 116936029 810512878 810512878
409312187 0 0 17
810512878 170692814 810512878 318827831 810512878 318827831 170692814 170692814 810512878 17731838 17731838 318827831 116936029 170692814 318827831 17731838 17731838
758306182 0 0 46
170692814 170692814 116936029 17731838 170692814 17731838 116936029 116936029 318827831 318827831 318827831 17731838 17731838 170692814 116936029 116936029 116936029 810512878 17731838 810512878 116936029 810512878 810512878 318827831 810512878 810512878 17731838 318827831 116936029 810512878 318827831 170692814 170692814 810512878 810512878 17731838 17731838 17731838 318827831 170692814 116936029 17731838 17731838 318827831 17731838 318827831
904883396 0 0 47
810512878 810512878 170692814 318827831 318827831 170692814 810512878 116936029 170692814 17731838 116936029 318827831 170692814 17731838 17731838 116936029 116936029 318827831 17731838 318827831 318827831 170692814 116936029 318827831 810512878 116936029 17731838 318827831 116936029 116936029 17731838 170692814 170692814 17731838 318827831 810512878 810512878 318827831 17731838 318827831 17731838 318827831 116936029 810512878 116936029 170692814 170692814
377408619 0 0 1
116936029
124278836 0 0 19
17731838 170692814 810512878 318827831 318827831 810512878 810512878 810512878 318827831 116936029 116936029 116936029 170692814 116936029 17731838 170692814 318827831 810512878 170692814
131188114 0 0 48
318827831 116936029 17731838 170692814 116936029 17731838 116936029 116936029 318827831 318827831 318827831 318827831 170692814 116936029 170692814 17731838 810512878 810512878 116936029 170692814 318827831 116936029 17731838 318827831 17731838 116936029 17731838 116936029 170692814 170692814 810512878 318827831 318827831 116936029 170692814 170692814 810512878 170692814 116936029 810512878 170692814 116936029 17731838 810512878 116936029 318827831 318827831 17731838
197957359 0 0 10
116936029 17731838 170692814 116936029 318827831 810512878 318827831 116936029 170692814 17731838
292376159 0 0 27
116936029 318827831 318827831 170692814 170692814 810512878 116936029 810512878 170692814 170692814 318827831 318827831 810512878 17731838 17731838 17731838 170692814 116936029 17731838 810512878 170692814 17731838 318827831 810512878 170692814 170692814 17731838
701804627 0 0 24
17731838 318827831 810512878 170692814 810512878 810512878 810512878 17731838 810512878 116936029 318827831 318827831 17731838 116936029 170692814 17731838 17731838 810512878 170692814 116936029 17731838 318827831 318827831 318827831
