1516
41774846 0 1 3
62160346 62160346 896785037
539130171 1 1 2
942305099 942305099
599822113 1 1 2
665526342 896785037
709296540 0 1 3
62160346 942305099 896785037
980716179 1 1 2
665526342 140141107
852334444 1 1 3
896785037 942305099 46817633
298442048 0 1 2
896785037 942305099
965176672 1 1 1
140141107
838899177 0 1 3
665526342 665526342 665526342
274345337 1 1 1
665526342
852334444 1 0 3
896785037 942305099 46817633
41774846 0 0 3
62160346 62160346 896785037
153964653 0 1 2
46817633 942305099
617819630 1 1 1
665526342
599822113 1 0 2
665526342 896785037
913830406 0 1 3
62160346 46817633 665526342
394957570 0 1 3
140141107 140141107 140141107
216655643 0 1 3
665526342 62160346 62160346
370122331 0 1 3
62160346 896785037 62160346
274345337 1 0 1
665526342
298684258 1 1 3
140141107 665526342 62160346
503415677 1 1 2
46817633 62160346
87816104 0 1 1
942305099
61834770 0 1 3
665526342 46817633 665526342
584634299 0 1 1
665526342
89270810 1 1 2
665526342 896785037
968678957 1 1 2
140141107 896785037
89270810 1 0 2
665526342 896785037
410141915 1 1 1
46817633
201191940 0 1 1
942305099
961336415 0 1 1
62160346
309475899 0 1 2
896785037 942305099
263352285 1 1 2
46817633 62160346
756157866 0 1 2
896785037 896785037
975002240 0 1 2
62160346 896785037
12653673 1 1 2
665526342 46817633
975002240 0 0 2
62160346 896785037
797932711 1 1 2
896785037 62160346
366648762 0 1 1
942305099
612475785 0 1 3
665526342 62160346 665526342
359745602 1 1 1
46817633
617819630 1 0 1
665526342
199881292 0 1 3
665526342 62160346 140141107
317326581 1 1 3
140141107 46817633 140141107
658187649 0 1 1
140141107
17574316 0 1 2
140141107 942305099
8742109 1 1 3
46817633 896785037 140141107
932532986 0 1 1
665526342
171538968 0 1 2
140141107 942305099
479078090 1 1 2
140141107 140141107
8742109 1 0 3
46817633 896785037 140141107
698879743 0 1 3
140141107 665526342 46817633
566496537 0 1 3
140141107 46817633 665526342
695733732 1 1 2
46817633 62160346
171538968 0 0 2
140141107 942305099
69002073 1 1 1
62160346
717697147 1 1 1
942305099
51665760 0 1 3
896785037 665526342 62160346
717697147 1 0 1
942305099
9334529 0 1 1
665526342
632048268 1 1 2
140141107 942305099
797932711 1 0 2
896785037 62160346
636300059 1 1 3
46817633 942305099 896785037
98605338 0 1 1
140141107
600727224 0 1 3
942305099 896785037 896785037
898958325 1 1 2
896785037 62160346
299797277 1 1 1
665526342
414579991 1 1 2
942305099 62160346
60950575 0 1 3
896785037 46817633 140141107
695733732 1 0 2
46817633 62160346
563149561 1 1 2
140141107 942305099
170737856 0 1 3
46817633 896785037 942305099
9334529 0 0 1
665526342
35952814 1 1 2
942305099 62160346
566496537 0 0 3
140141107 46817633 665526342
428319585 0 1 2
140141107 942305099
968670566 1 1 1
896785037
584634299 0 0 1
665526342
394957570 0 0 3
140141107 140141107 140141107
255117928 1 1 1
896785037
503415677 1 0 2
46817633 62160346
40795369 0 1 3
942305099 896785037 46817633
180932520 1 1 1
46817633
454999219 1 1 2
665526342 665526342
366648762 0 0 1
942305099
210638301 0 1 2
62160346 62160346
839120168 0 1 3
46817633 896785037 665526342
472573534 0 1 1
665526342
71896761 0 1 2
896785037 140141107
624169505 1 1 3
46817633 665526342 46817633
644112502 1 1 3
665526342 665526342 62160346
968678957 1 0 2
140141107 896785037
550974851 1 1 2
46817633 46817633
175565600 0 1 2
896785037 62160346
71896761 0 0 2
896785037 140141107
63125390 0 1 3
46817633 62160346 665526342
99224934 0 1 3
665526342 46817633 896785037
244567672 0 1 1
665526342
780822536 0 1 3
140141107 62160346 665526342
150890694 0 1 3
46817633 942305099 665526342
253902200 1 1 3
896785037 942305099 46817633
454999219 1 0 2
665526342 665526342
412870804 1 1 2
942305099 942305099
787190752 0 1 1
665526342
352507537 0 1 1
942305099
866114379 1 1 3
896785037 942305099 62160346
538665428 0 1 2
62160346 140141107
652304813 1 1 2
942305099 140141107
280694369 1 1 1
46817633
599616002 1 1 3
62160346 942305099 62160346
67970725 0 1 2
140141107 896785037
244567672 0 0 1
665526342
303948576 1 1 3
896785037 140141107 942305099
488085167 1 1 2
46817633 140141107
496290309 1 1 3
62160346 942305099 665526342
12653673 1 0 2
665526342 46817633
125135494 1 1 1
62160346
743203094 0 1 3
942305099 896785037 896785037
389602030 0 1 2
896785037 62160346
306068013 0 1 2
46817633 62160346
198202313 0 1 3
665526342 665526342 62160346
452756682 1 1 3
665526342 140141107 896785037
145188180 1 1 3
942305099 62160346 46817633
670775846 0 1 2
665526342 62160346
263352285 1 0 2
46817633 62160346
488085167 1 0 2
46817633 140141107
524653443 0 1 3
942305099 942305099 140141107
624169505 1 0 3
46817633 665526342 46817633
621874037 1 1 2
46817633 62160346
167404699 1 1 2
140141107 62160346
75628293 0 1 2
665526342 62160346
797439636 1 1 1
942305099
965176672 1 0 1
140141107
230530089 1 1 1
896785037
174853226 1 1 1
62160346
894523659 0 1 3
665526342 896785037 46817633
11352624 1 1 1
942305099
980716179 1 0 2
665526342 140141107
325743919 1 1 3
62160346 140141107 62160346
942211 0 1 2
896785037 942305099
276739779 0 1 3
46817633 46817633 140141107
180932520 1 0 1
46817633
965451022 1 1 2
62160346 46817633
353449747 1 1 1
942305099
142854158 1 1 3
62160346 62160346 62160346
174853226 1 0 1
62160346
504116449 0 1 1
942305099
858270912 1 1 3
665526342 62160346 665526342
276064878 1 1 3
62160346 62160346 140141107
103732450 1 1 2
665526342 140141107
926241636 1 1 2
46817633 140141107
580013454 1 1 2
942305099 62160346
444333969 1 1 3
896785037 896785037 46817633
275048297 0 1 2
140141107 46817633
705148947 1 1 1
896785037
187537062 1 1 1
46817633
517166678 0 1 2
665526342 140141107
11216959 1 1 2
46817633 942305099
452756682 1 0 3
665526342 140141107 896785037
238255726 1 1 2
46817633 896785037
60950575 0 0 3
896785037 46817633 140141107
67970725 0 0 2
140141107 896785037
969923359 1 1 2
896785037 942305099
8921490 1 1 2
665526342 942305099
40795369 0 0 3
942305099 896785037 46817633
909031572 0 1 3
896785037 46817633 140141107
8921490 1 0 2
665526342 942305099
494576801 1 1 3
46817633 665526342 942305099
483311878 1 1 3
896785037 896785037 665526342
76436270 0 1 1
665526342
658187649 0 0 1
140141107
422721445 0 1 1
62160346
11216959 1 0 2
46817633 942305099
133267865 0 1 2
942305099 46817633
159482710 0 1 2
942305099 665526342
597574671 1 1 2
896785037 942305099
27791524 1 1 3
942305099 665526342 665526342
909031572 0 0 3
896785037 46817633 140141107
170835334 0 1 2
942305099 896785037
775834941 1 1 1
46817633
28733734 1 1 1
46817633
447575112 0 1 3
140141107 665526342 942305099
741285963 0 1 1
896785037
234699832 0 1 1
140141107
389602030 0 0 2
896785037 62160346
442945621 1 1 1
942305099
524653443 0 0 3
942305099 942305099 140141107
97918763 1 1 2
665526342 896785037
317326581 1 0 3
140141107 46817633 140141107
92970743 0 1 3
942305099 46817633 896785037
719010499 0 1 3
942305099 665526342 942305099
54167565 1 1 1
942305099
871728731 1 1 2
140141107 665526342
306068013 0 0 2
46817633 62160346
299023952 1 1 2
140141107 665526342
498501533 0 1 1
140141107
146777027 1 1 3
665526342 62160346 140141107
4172898 0 1 2
665526342 896785037
538554946 0 1 1
942305099
516460056 0 1 3
896785037 62160346 62160346
867906208 0 1 3
665526342 665526342 140141107
776810672 0 1 2
942305099 942305099
486383414 1 1 2
140141107 942305099
876827697 0 1 3
665526342 140141107 942305099
538358595 0 1 1
46817633
833476567 1 1 2
46817633 942305099
212655927 0 1 1
942305099
467311216 1 1 2
942305099 942305099
256198011 0 1 1
46817633
345923791 0 1 2
140141107 62160346
626793926 1 1 3
140141107 942305099 46817633
706289033 1 1 1
896785037
373715314 0 1 1
140141107
797629259 1 1 1
665526342
626793926 1 0 3
140141107 942305099 46817633
482123974 0 1 2
140141107 46817633
254965399 1 1 1
942305099
97720722 1 1 1
942305099
75926288 1 1 1
62160346
467311216 1 0 2
942305099 942305099
489665231 1 1 2
896785037 665526342
540666343 0 1 1
896785037
26361402 0 1 3
896785037 62160346 896785037
92970743 0 0 3
942305099 46817633 896785037
582635973 0 1 3
942305099 942305099 942305099
112193193 0 1 1
46817633
871728731 1 0 2
140141107 665526342
787190752 0 0 1
665526342
797629259 1 0 1
665526342
80528966 0 1 3
62160346 62160346 46817633
306881055 0 1 3
140141107 665526342 942305099
411217144 0 1 1
896785037
26361402 0 0 3
896785037 62160346 896785037
431546850 0 1 2
896785037 942305099
306174433 0 1 3
942305099 665526342 62160346
267906393 1 1 2
942305099 896785037
970101796 0 1 3
665526342 665526342 140141107
822634488 0 1 3
46817633 62160346 62160346
135812600 1 1 1
942305099
746912467 0 1 3
62160346 942305099 896785037
161534254 0 1 3
665526342 46817633 896785037
698879743 0 0 3
140141107 665526342 46817633
865156648 0 1 3
896785037 140141107 140141107
137787413 1 1 3
896785037 140141107 62160346
995010820 0 1 1
665526342
77812574 1 1 1
896785037
605098628 0 1 1
46817633
103725182 0 1 1
942305099
276252717 0 1 3
942305099 46817633 896785037
231892553 0 1 3
46817633 896785037 140141107
810014215 0 1 3
46817633 46817633 46817633
649968030 1 1 2
942305099 942305099
882038163 1 1 3
665526342 896785037 896785037
276739779 0 0 3
46817633 46817633 140141107
144654540 0 1 2
942305099 896785037
756157866 0 0 2
896785037 896785037
904933429 0 1 1
665526342
979758885 1 1 3
665526342 665526342 665526342
220580827 1 1 1
62160346
247115011 0 1 2
665526342 46817633
372941579 0 1 2
140141107 665526342
238255726 1 0 2
46817633 896785037
246942228 1 1 3
665526342 46817633 46817633
829750983 1 1 2
665526342 896785037
485134771 0 1 2
942305099 665526342
179987546 1 1 2
46817633 896785037
136632038 0 1 1
62160346
748868266 1 1 2
46817633 140141107
611534395 1 1 1
62160346
295322822 0 1 1
942305099
16774658 0 1 3
46817633 46817633 62160346
581636190 0 1 2
140141107 46817633
117957310 0 1 2
62160346 46817633
5103609 0 1 1
140141107
181065008 0 1 2
942305099 46817633
279491563 0 1 1
896785037
722776608 0 1 2
942305099 140141107
318852420 0 1 1
665526342
127018734 1 1 2
665526342 896785037
653105534 1 1 1
665526342
54167565 1 0 1
942305099
370122331 0 0 3
62160346 896785037 62160346
923951048 1 1 1
46817633
230743915 1 1 1
896785037
722776608 0 0 2
942305099 140141107
504116449 0 0 1
942305099
161534254 0 0 3
665526342 46817633 896785037
929358250 1 1 2
942305099 140141107
8359952 1 1 3
896785037 140141107 46817633
40758129 1 1 1
140141107
431842631 1 1 2
140141107 46817633
890398115 0 1 1
896785037
185412668 1 1 1
896785037
428319585 0 0 2
140141107 942305099
414579991 1 0 2
942305099 62160346
189292411 0 1 1
942305099
722673351 0 1 1
896785037
127018734 1 0 2
665526342 896785037
258509846 1 1 1
942305099
436407421 1 1 2
62160346 140141107
948131281 0 1 1
896785037
479078090 1 0 2
140141107 140141107
505452074 0 1 3
62160346 62160346 896785037
118674756 0 1 3
665526342 46817633 896785037
285782403 0 1 3
46817633 896785037 665526342
275048297 0 0 2
140141107 46817633
685439619 1 1 3
140141107 665526342 942305099
494576801 1 0 3
46817633 665526342 942305099
107823145 0 1 1
140141107
34650668 0 1 1
665526342
149490365 0 1 1
46817633
403145966 0 1 3
140141107 665526342 62160346
903941677 0 1 1
46817633
63125390 0 0 3
46817633 62160346 665526342
731126555 0 1 3
140141107 896785037 665526342
373619627 0 1 3
140141107 140141107 665526342
761561637 1 1 2
665526342 46817633
4172898 0 0 2
665526342 896785037
764707914 1 1 3
896785037 46817633 665526342
611534395 1 0 1
62160346
653111189 1 1 1
896785037
103725182 0 0 1
942305099
336854596 0 1 3
942305099 942305099 62160346
83560334 1 1 2
665526342 46817633
61834770 0 0 3
665526342 46817633 665526342
780129922 0 1 1
942305099
989960129 0 1 3
46817633 896785037 665526342
860027733 0 1 2
46817633 46817633
10873837 0 1 1
896785037
771834730 0 1 1
62160346
720904036 1 1 2
896785037 46817633
904148317 0 1 1
46817633
56193713 0 1 2
665526342 942305099
463818502 0 1 3
140141107 62160346 896785037
89560985 1 1 2
896785037 46817633
98002475 1 1 2
665526342 62160346
39008204 1 1 3
140141107 665526342 665526342
200587182 0 1 3
46817633 896785037 140141107
534409896 0 1 2
62160346 896785037
987139484 0 1 2
665526342 896785037
295322822 0 0 1
942305099
210638301 0 0 2
62160346 62160346
706039255 1 1 1
942305099
505601003 0 1 2
62160346 665526342
272921886 1 1 2
942305099 896785037
243995225 0 1 2
140141107 942305099
613424147 0 1 1
896785037
160088905 0 1 3
942305099 62160346 896785037
393485590 1 1 3
140141107 140141107 140141107
869086464 0 1 2
140141107 942305099
613424147 0 0 1
896785037
64030581 1 1 1
140141107
653105534 1 0 1
665526342
977128496 1 1 3
665526342 896785037 62160346
242706091 1 1 3
46817633 665526342 62160346
825592217 0 1 1
665526342
741836409 0 1 3
896785037 62160346 896785037
748333631 1 1 3
46817633 896785037 942305099
14963165 0 1 3
942305099 140141107 46817633
677913094 1 1 3
942305099 942305099 62160346
380979905 0 1 3
140141107 665526342 942305099
4923293 0 1 3
46817633 942305099 62160346
390457178 0 1 2
942305099 140141107
948131281 0 0 1
896785037
244370093 1 1 2
140141107 942305099
629274375 0 1 3
896785037 896785037 140141107
111361214 1 1 1
896785037
148518409 0 1 1
942305099
537984439 1 1 2
942305099 62160346
829750983 1 0 2
665526342 896785037
427696067 0 1 3
46817633 62160346 942305099
90595745 1 1 1
46817633
635986913 0 1 1
942305099
466704271 0 1 2
896785037 665526342
291182927 0 1 3
46817633 140141107 46817633
22913160 1 1 2
942305099 140141107
453843754 0 1 1
896785037
849738533 0 1 3
942305099 896785037 140141107
528514162 1 1 3
46817633 62160346 665526342
579281992 1 1 1
942305099
93733758 1 1 1
140141107
141938308 1 1 2
942305099 140141107
739370896 1 1 1
62160346
77812574 1 0 1
896785037
339735699 0 1 1
46817633
863541124 0 1 1
140141107
904933429 0 0 1
665526342
803401477 1 1 1
665526342
169380546 1 1 2
942305099 46817633
106247214 0 1 3
62160346 140141107 665526342
481510045 1 1 2
140141107 140141107
775834941 1 0 1
46817633
911216954 0 1 2
62160346 140141107
707097196 0 1 1
896785037
516460056 0 0 3
896785037 62160346 62160346
22913160 1 0 2
942305099 140141107
298442048 0 0 2
896785037 942305099
496473209 0 1 3
140141107 896785037 942305099
441646400 1 1 2
46817633 62160346
88077100 1 1 1
46817633
353912854 0 1 1
140141107
684619929 0 1 1
140141107
332447192 1 1 1
942305099
835703580 1 1 1
942305099
648497494 1 1 3
665526342 665526342 140141107
333481953 1 1 2
665526342 896785037
923951048 1 0 1
46817633
373688018 0 1 1
140141107
76193561 0 1 1
62160346
424077697 0 1 2
46817633 665526342
9674930 0 1 1
896785037
542897831 0 1 3
62160346 140141107 62160346
567776975 1 1 2
896785037 942305099
612475785 0 0 3
665526342 62160346 665526342
32588090 1 1 1
46817633
849257936 0 1 2
665526342 46817633
417515508 1 1 1
896785037
413618603 1 1 1
140141107
428539927 1 1 1
942305099
363765617 0 1 3
665526342 46817633 896785037
408073263 1 1 3
62160346 942305099 62160346
20427175 0 1 2
46817633 62160346
556017667 1 1 1
62160346
271614386 1 1 1
62160346
823828651 0 1 2
665526342 46817633
725398212 0 1 2
62160346 140141107
230377951 0 1 3
665526342 896785037 140141107
157855047 1 1 1
62160346
911216954 0 0 2
62160346 140141107
489131517 1 1 3
896785037 140141107 896785037
136632038 0 0 1
62160346
937475146 1 1 2
665526342 665526342
256198011 0 0 1
46817633
106247214 0 0 3
62160346 140141107 665526342
506844608 0 1 1
62160346
930777916 1 1 1
942305099
878068598 1 1 3
140141107 665526342 665526342
860757461 1 1 2
46817633 62160346
467914197 1 1 2
46817633 140141107
63032141 1 1 1
140141107
579281992 1 0 1
942305099
11352624 1 0 1
942305099
548977392 1 1 3
46817633 140141107 140141107
116411690 1 1 2
942305099 140141107
396514093 0 1 3
942305099 46817633 942305099
922665409 0 1 3
665526342 896785037 942305099
45121602 0 1 2
46817633 665526342
820591790 0 1 2
140141107 140141107
784856690 1 1 2
46817633 665526342
588019432 0 1 2
140141107 62160346
240885116 0 1 3
665526342 942305099 896785037
669961131 0 1 2
896785037 46817633
51665760 0 0 3
896785037 665526342 62160346
858270912 1 0 3
665526342 62160346 665526342
289793720 1 1 3
896785037 140141107 665526342
658400623 0 1 1
62160346
83579734 0 1 1
140141107
718333646 1 1 1
942305099
874682591 1 1 1
46817633
486383414 1 0 2
140141107 942305099
344169348 1 1 2
665526342 665526342
738760820 0 1 2
942305099 140141107
430700257 1 1 3
896785037 942305099 62160346
615783733 1 1 3
46817633 665526342 62160346
415105822 1 1 2
665526342 62160346
413618603 1 0 1
140141107
8614820 0 1 3
665526342 62160346 140141107
698678035 0 1 3
665526342 942305099 896785037
425477221 0 1 3
896785037 62160346 665526342
605098628 0 0 1
46817633
497746337 1 1 1
140141107
253902200 1 0 3
896785037 942305099 46817633
488669532 1 1 1
46817633
932321828 1 1 3
896785037 665526342 140141107
719010499 0 0 3
942305099 665526342 942305099
281040604 0 1 1
140141107
882038163 1 0 3
665526342 896785037 896785037
366738129 1 1 2
896785037 140141107
97720722 1 0 1
942305099
645595640 0 1 1
46817633
748954800 1 1 1
942305099
739370896 1 0 1
62160346
429770270 0 1 3
665526342 62160346 896785037
194573031 1 1 1
140141107
865366490 1 1 3
942305099 942305099 896785037
826284362 1 1 2
140141107 665526342
969754791 0 1 1
140141107
910488091 0 1 1
942305099
499392503 1 1 1
62160346
505601003 0 0 2
62160346 665526342
607127832 1 1 2
140141107 942305099
351023875 0 1 1
896785037
740277619 1 1 2
942305099 140141107
969923359 1 0 2
896785037 942305099
129605315 0 1 1
665526342
640817594 0 1 2
62160346 46817633
251194593 1 1 3
62160346 62160346 896785037
65701400 1 1 2
62160346 140141107
211667591 0 1 1
896785037
125877184 1 1 3
896785037 665526342 46817633
409870747 0 1 3
942305099 62160346 896785037
802944763 1 1 3
942305099 665526342 46817633
409093792 1 1 2
140141107 140141107
25654479 1 1 1
942305099
70566936 0 1 2
896785037 62160346
417708612 1 1 3
46817633 46817633 62160346
576848865 1 1 3
896785037 942305099 896785037
496044156 1 1 1
942305099
915454948 0 1 3
140141107 46817633 140141107
65518396 0 1 2
46817633 140141107
428365983 1 1 2
46817633 665526342
258509846 1 0 1
942305099
49011903 0 1 2
62160346 665526342
284772877 0 1 1
942305099
73961622 1 1 3
896785037 665526342 896785037
797966703 0 1 1
140141107
714543146 0 1 3
62160346 665526342 140141107
121051004 0 1 3
665526342 665526342 942305099
515849544 0 1 2
942305099 62160346
393343859 1 1 3
665526342 665526342 46817633
90805794 1 1 3
46817633 942305099 942305099
278853986 1 1 2
46817633 942305099
745252714 0 1 2
62160346 942305099
550449978 1 1 3
665526342 46817633 942305099
629877860 1 1 3
62160346 896785037 665526342
338046684 0 1 3
140141107 62160346 942305099
680055292 1 1 1
665526342
123211805 1 1 1
62160346
589241276 0 1 1
62160346
745756691 0 1 1
46817633
187395748 1 1 2
140141107 665526342
567634811 1 1 1
62160346
4923293 0 0 3
46817633 942305099 62160346
155627437 0 1 3
46817633 665526342 46817633
990340510 1 1 2
46817633 140141107
428365983 1 0 2
46817633 665526342
829244955 1 1 2
140141107 896785037
33798267 1 1 3
942305099 665526342 896785037
60907445 1 1 3
62160346 942305099 942305099
99469918 0 1 1
140141107
149490365 0 0 1
46817633
610647131 0 1 3
942305099 665526342 665526342
556951601 1 1 1
942305099
14924865 0 1 2
46817633 140141107
528681878 0 1 1
140141107
837833935 1 1 1
665526342
63936767 0 1 1
942305099
910488091 0 0 1
942305099
813454754 0 1 1
665526342
764311909 0 1 2
942305099 665526342
714419821 1 1 2
896785037 140141107
380514251 1 1 1
46817633
885362912 1 1 3
665526342 140141107 140141107
230269364 0 1 3
942305099 942305099 62160346
773858110 1 1 2
896785037 140141107
828685058 0 1 2
942305099 942305099
509123350 0 1 2
140141107 140141107
371627175 1 1 2
62160346 62160346
231651387 1 1 2
665526342 665526342
991517561 0 1 2
62160346 665526342
556951601 1 0 1
942305099
145188180 1 0 3
942305099 62160346 46817633
709673858 1 1 1
140141107
538554946 0 0 1
942305099
911706678 0 1 1
896785037
114729366 1 1 2
942305099 62160346
151431485 1 1 1
896785037
657463368 0 1 2
665526342 942305099
154641465 0 1 2
46817633 140141107
719066296 1 1 3
665526342 896785037 665526342
665607156 0 1 1
942305099
27791524 1 0 3
942305099 665526342 665526342
144981974 0 1 1
62160346
400827602 1 1 1
942305099
699405422 0 1 3
942305099 62160346 140141107
58405770 1 1 3
942305099 942305099 140141107
251194593 1 0 3
62160346 62160346 896785037
500297519 0 1 1
62160346
162568904 1 1 1
665526342
615357370 1 1 2
896785037 140141107
367738735 0 1 2
62160346 665526342
691250781 1 1 2
942305099 140141107
305707657 0 1 2
62160346 62160346
284191853 1 1 3
46817633 665526342 942305099
357221887 0 1 3
62160346 46817633 46817633
70019565 0 1 1
140141107
998611674 1 1 2
62160346 46817633
737736137 0 1 3
140141107 140141107 665526342
807898828 1 1 1
942305099
81397389 1 1 1
942305099
364110598 0 1 3
46817633 665526342 46817633
489100237 1 1 2
62160346 942305099
590520738 0 1 1
896785037
735737772 0 1 3
942305099 62160346 62160346
720751623 1 1 1
942305099
434554651 0 1 1
62160346
170835334 0 0 2
942305099 896785037
445411629 0 1 1
62160346
632458300 0 1 3
942305099 942305099 140141107
401800368 1 1 2
46817633 46817633
596843114 1 1 3
942305099 896785037 140141107
528681878 0 0 1
140141107
142438019 0 1 1
896785037
556441832 1 1 2
942305099 665526342
168425761 1 1 1
62160346
808045174 0 1 2
665526342 942305099
701423805 1 1 2
942305099 46817633
569253362 1 1 1
665526342
359966947 0 1 3
140141107 896785037 62160346
759829574 1 1 2
665526342 665526342
597574671 1 0 2
896785037 942305099
69550880 0 1 1
942305099
276252717 0 0 3
942305099 46817633 896785037
375052202 1 1 1
942305099
227703296 0 1 3
62160346 62160346 140141107
289805966 1 1 3
46817633 46817633 62160346
66302983 1 1 3
896785037 896785037 896785037
472573534 0 0 1
665526342
533410952 0 1 2
62160346 942305099
573997818 0 1 1
665526342
276041221 0 1 1
140141107
455946868 1 1 2
665526342 46817633
572609491 1 1 3
46817633 46817633 665526342
13777357 1 1 2
140141107 140141107
263845695 0 1 2
46817633 140141107
654006880 1 1 2
942305099 942305099
377887955 0 1 2
140141107 140141107
752945932 1 1 3
665526342 942305099 46817633
97043969 0 1 1
942305099
113625726 0 1 1
46817633
326213906 1 1 3
46817633 46817633 46817633
531598619 1 1 2
140141107 896785037
528514162 1 0 3
46817633 62160346 665526342
411553707 1 1 1
62160346
958672206 0 1 2
665526342 46817633
933398986 0 1 2
46817633 62160346
860913172 0 1 2
46817633 896785037
953626576 1 1 1
942305099
342357169 0 1 2
62160346 140141107
29338932 0 1 1
896785037
614188102 1 1 2
896785037 896785037
43780973 0 1 2
665526342 942305099
144654540 0 0 2
942305099 896785037
451108645 1 1 2
665526342 140141107
582635973 0 0 3
942305099 942305099 942305099
467914197 1 0 2
46817633 140141107
974155048 0 1 3
62160346 46817633 942305099
656126899 1 1 1
46817633
373175876 0 1 3
896785037 896785037 46817633
201723602 1 1 3
62160346 46817633 140141107
736346546 1 1 2
62160346 62160346
662981841 0 1 2
942305099 665526342
276041221 0 0 1
140141107
120542936 0 1 2
62160346 62160346
353449747 1 0 1
942305099
122273849 0 1 3
46817633 46817633 942305099
89496010 1 1 2
896785037 46817633
396584156 1 1 1
62160346
578220716 0 1 1
896785037
662105501 0 1 1
942305099
14924865 0 0 2
46817633 140141107
410361512 0 1 2
46817633 665526342
339735699 0 0 1
46817633
842066410 1 1 1
665526342
417708612 1 0 3
46817633 46817633 62160346
168628732 0 1 1
942305099
640765818 1 1 1
46817633
447528693 0 1 3
942305099 46817633 896785037
614188102 1 0 2
896785037 896785037
567634811 1 0 1
62160346
118189052 1 1 3
140141107 62160346 942305099
606907896 0 1 1
140141107
773742599 0 1 3
140141107 896785037 896785037
649787671 1 1 2
942305099 46817633
18461602 1 1 1
62160346
584931156 1 1 3
665526342 62160346 62160346
669961131 0 0 2
896785037 46817633
435703008 0 1 1
896785037
731891125 1 1 1
942305099
391074083 0 1 2
942305099 942305099
778060177 1 1 2
62160346 46817633
613746408 1 1 3
896785037 942305099 665526342
5262184 1 1 2
140141107 46817633
674357501 0 1 1
896785037
64855052 1 1 1
665526342
391074083 0 0 2
942305099 942305099
831933584 0 1 3
942305099 62160346 896785037
183000751 0 1 2
46817633 62160346
298684258 1 0 3
140141107 665526342 62160346
162568904 1 0 1
665526342
290547279 1 1 3
896785037 62160346 62160346
33657185 0 1 3
62160346 140141107 62160346
919347296 0 1 1
46817633
806045471 1 1 3
665526342 46817633 665526342
154200120 0 1 2
46817633 140141107
41621144 0 1 2
896785037 46817633
895541480 1 1 2
46817633 62160346
550784275 1 1 3
140141107 942305099 62160346
472358211 0 1 3
46817633 665526342 896785037
410163332 1 1 2
140141107 942305099
813662138 1 1 3
942305099 46817633 942305099
166940973 0 1 2
46817633 46817633
578792063 1 1 1
46817633
454427956 0 1 3
896785037 896785037 896785037
614469665 1 1 1
896785037
696981115 0 1 1
942305099
61335851 0 1 1
896785037
240728615 1 1 1
140141107
199285137 0 1 1
942305099
932313804 0 1 1
665526342
926241636 1 0 2
46817633 140141107
678176122 0 1 3
942305099 62160346 140141107
353912854 0 0 1
140141107
487504496 0 1 1
665526342
377887955 0 0 2
140141107 140141107
516721280 0 1 1
62160346
373688018 0 0 1
140141107
69250205 1 1 1
896785037
118081024 1 1 1
896785037
130467687 0 1 2
896785037 896785037
74512388 0 1 3
46817633 942305099 665526342
187395748 1 0 2
140141107 665526342
792438525 0 1 2
62160346 665526342
47839090 1 1 3
46817633 665526342 140141107
758962323 1 1 1
665526342
827955627 0 1 3
896785037 896785037 62160346
393343859 1 0 3
665526342 665526342 46817633
190902720 0 1 3
140141107 62160346 665526342
792619507 1 1 2
62160346 942305099
599819275 1 1 2
62160346 896785037
996948190 0 1 2
62160346 140141107
919347296 0 0 1
46817633
799335978 1 1 3
942305099 62160346 62160346
493956770 0 1 3
46817633 942305099 896785037
892489669 0 1 1
896785037
202636604 1 1 3
942305099 46817633 62160346
966314981 0 1 2
665526342 942305099
155169353 1 1 1
140141107
16298742 1 1 2
140141107 942305099
133255953 1 1 3
140141107 665526342 942305099
733961415 1 1 2
942305099 46817633
323243049 0 1 1
942305099
600241969 1 1 1
896785037
283458881 0 1 1
896785037
237095251 0 1 3
46817633 896785037 665526342
840970584 0 1 2
896785037 665526342
335260369 1 1 3
942305099 140141107 46817633
21925406 0 1 3
896785037 942305099 942305099
371663057 0 1 2
46817633 62160346
822764865 0 1 2
665526342 140141107
428539927 1 0 1
942305099
538646685 1 1 2
942305099 140141107
440913261 0 1 3
942305099 896785037 62160346
940845888 0 1 2
62160346 942305099
669114371 0 1 3
46817633 896785037 46817633
367942001 1 1 2
942305099 942305099
585800764 1 1 3
665526342 942305099 62160346
569469812 1 1 1
896785037
126904323 1 1 2
140141107 896785037
413756391 1 1 2
942305099 46817633
760372531 1 1 3
62160346 140141107 140141107
772040182 1 1 3
140141107 46817633 665526342
13575665 0 1 1
62160346
43780973 0 0 2
665526342 942305099
757320720 1 1 3
62160346 140141107 140141107
423892511 1 1 3
140141107 896785037 665526342
360048786 1 1 1
896785037
502326740 1 1 3
896785037 140141107 46817633
626529115 0 1 3
140141107 62160346 896785037
326363766 0 1 2
140141107 62160346
657496092 1 1 3
46817633 62160346 665526342
642827856 0 1 2
62160346 896785037
312136070 0 1 2
665526342 62160346
243973859 0 1 1
896785037
966070904 1 1 1
896785037
912378039 0 1 2
46817633 665526342
379949091 1 1 3
140141107 140141107 942305099
55682506 0 1 2
140141107 46817633
605864974 1 1 2
62160346 46817633
715209460 0 1 3
46817633 665526342 942305099
77607911 0 1 1
896785037
977528030 0 1 2
140141107 896785037
150890694 0 0 3
46817633 942305099 665526342
537974324 0 1 3
62160346 896785037 62160346
616254595 0 1 1
896785037
270957643 0 1 1
62160346
331336563 0 1 2
46817633 140141107
137885317 1 1 1
140141107
638899643 0 1 3
665526342 665526342 46817633
917137327 0 1 2
62160346 942305099
707355128 1 1 3
942305099 665526342 46817633
618320317 0 1 3
665526342 46817633 46817633
183410069 1 1 3
62160346 62160346 665526342
467727658 0 1 3
896785037 942305099 140141107
242876850 1 1 1
62160346
585800764 1 0 3
665526342 942305099 62160346
49502085 0 1 1
896785037
77564729 0 1 1
62160346
666769361 1 1 2
896785037 942305099
409550870 0 1 1
62160346
605864974 1 0 2
62160346 46817633
432407820 1 1 2
46817633 140141107
145814827 0 1 1
62160346
735914636 0 1 2
140141107 140141107
89903912 0 1 1
896785037
788642682 0 1 3
665526342 942305099 140141107
48050705 0 1 1
140141107
186394122 0 1 1
62160346
607229937 1 1 2
62160346 46817633
812945095 1 1 2
896785037 140141107
607127832 1 0 2
140141107 942305099
566343212 1 1 2
942305099 896785037
662912442 0 1 1
46817633
517166678 0 0 2
665526342 140141107
418810068 1 1 1
942305099
435703008 0 0 1
896785037
134069023 0 1 1
46817633
629877860 1 0 3
62160346 896785037 665526342
740520352 0 1 2
942305099 62160346
898958325 1 0 2
896785037 62160346
248854450 0 1 1
62160346
672043346 1 1 3
942305099 665526342 942305099
209291298 0 1 3
140141107 62160346 140141107
519812092 1 1 2
140141107 140141107
539130171 1 0 2
942305099 942305099
3379909 1 1 2
942305099 665526342
347176614 0 1 2
62160346 896785037
11228086 1 1 3
62160346 896785037 942305099
929358250 1 0 2
942305099 140141107
773033587 0 1 2
62160346 942305099
54531741 0 1 2
140141107 665526342
629548402 0 1 2
896785037 942305099
956443655 1 1 3
62160346 46817633 62160346
374775750 0 1 2
896785037 665526342
724941604 1 1 3
665526342 62160346 665526342
5945739 0 1 3
942305099 140141107 665526342
452340478 1 1 1
896785037
244227316 0 1 1
46817633
415496608 1 1 1
140141107
884748297 0 1 1
665526342
390042142 0 1 1
942305099
3927595 1 1 3
896785037 896785037 62160346
827168560 1 1 2
942305099 46817633
569253362 1 0 1
665526342
31201175 0 1 2
942305099 46817633
904494652 0 1 1
140141107
942211 0 0 2
896785037 942305099
866079033 1 1 2
665526342 140141107
642827856 0 0 2
62160346 896785037
638431111 1 1 2
140141107 46817633
717439746 1 1 1
62160346
284938597 0 1 3
62160346 665526342 665526342
153859904 0 1 2
62160346 665526342
123211805 1 0 1
62160346
932532986 0 0 1
665526342
70566936 0 0 2
896785037 62160346
988766166 1 1 3
896785037 942305099 140141107
419007619 0 1 1
665526342
76193561 0 0 1
62160346
746896607 1 1 1
46817633
237620615 0 1 1
665526342
485134771 0 0 2
942305099 665526342
91050965 0 1 2
665526342 62160346
956187904 0 1 3
46817633 140141107 896785037
757432706 0 1 1
896785037
946947225 0 1 3
140141107 140141107 140141107
303364517 1 1 3
896785037 942305099 942305099
768660791 0 1 3
942305099 46817633 665526342
563149561 1 0 2
140141107 942305099
638899643 0 0 3
665526342 665526342 46817633
142854158 1 0 3
62160346 62160346 62160346
572497163 1 1 3
665526342 665526342 62160346
210412609 0 1 2
62160346 896785037
684619929 0 0 1
140141107
250725544 1 1 2
665526342 140141107
528940817 0 1 2
46817633 942305099
585188358 1 1 2
46817633 62160346
975667147 1 1 3
896785037 62160346 140141107
387402907 1 1 1
942305099
37528835 0 1 1
140141107
72410814 1 1 3
62160346 942305099 665526342
802899514 0 1 3
896785037 665526342 665526342
774793483 0 1 3
46817633 665526342 140141107
462452955 1 1 1
46817633
659343461 1 1 2
896785037 46817633
454478395 0 1 1
46817633
865366490 1 0 3
942305099 942305099 896785037
493654129 1 1 2
665526342 62160346
472358211 0 0 3
46817633 665526342 896785037
247115011 0 0 2
665526342 46817633
714543146 0 0 3
62160346 665526342 140141107
825592217 0 0 1
665526342
563838112 1 1 3
896785037 896785037 62160346
833476567 1 0 2
46817633 942305099
173073779 1 1 1
665526342
132085239 1 1 2
942305099 665526342
538665428 0 0 2
62160346 140141107
133794209 1 1 2
140141107 46817633
890398115 0 0 1
896785037
458012375 1 1 2
942305099 62160346
138461494 1 1 3
62160346 140141107 140141107
122560374 1 1 2
46817633 62160346
745252714 0 0 2
62160346 942305099
283458881 0 0 1
896785037
877019994 1 1 3
46817633 140141107 140141107
885358100 1 1 2
62160346 942305099
629548402 0 0 2
896785037 942305099
212697340 1 1 3
896785037 62160346 62160346
823828651 0 0 2
665526342 46817633
190902720 0 0 3
140141107 62160346 665526342
820587310 1 1 1
665526342
409870747 0 0 3
942305099 62160346 896785037
694062355 1 1 1
942305099
210412609 0 0 2
62160346 896785037
418810068 1 0 1
942305099
400827602 1 0 1
942305099
822646397 1 1 1
140141107
620050886 1 1 2
665526342 665526342
98605338 0 0 1
140141107
227703296 0 0 3
62160346 62160346 140141107
153859904 0 0 2
62160346 665526342
997426871 1 1 1
665526342
810014215 0 0 3
46817633 46817633 46817633
443823539 1 1 3
665526342 896785037 942305099
616254595 0 0 1
896785037
658400623 0 0 1
62160346
415496608 1 0 1
140141107
192548048 1 1 3
942305099 62160346 46817633
60355831 1 1 2
62160346 942305099
822634488 0 0 3
46817633 62160346 62160346
694549083 1 1 1
46817633
574005216 1 1 1
896785037
645544188 1 1 1
46817633
522732581 1 1 3
665526342 46817633 942305099
961408122 1 1 1
46817633
966314981 0 0 2
665526342 942305099
535589374 1 1 3
140141107 140141107 62160346
595143395 1 1 3
140141107 62160346 896785037
574005216 1 0 1
896785037
616823987 1 1 3
896785037 62160346 665526342
162899209 1 1 3
140141107 62160346 140141107
57596349 1 1 1
942305099
610647131 0 0 3
942305099 665526342 665526342
911706678 0 0 1
896785037
904148317 0 0 1
46817633
581636190 0 0 2
140141107 46817633
276167447 1 1 3
942305099 140141107 62160346
243995225 0 0 2
140141107 942305099
98002475 1 0 2
665526342 62160346
445411629 0 0 1
62160346
617377603 1 1 3
896785037 62160346 62160346
403766830 1 1 1
62160346
692521910 1 1 1
896785037
137787413 1 0 3
896785037 140141107 62160346
37528835 0 0 1
140141107
338046684 0 0 3
140141107 62160346 942305099
13777357 1 0 2
140141107 140141107
715209460 0 0 3
46817633 665526342 942305099
790451381 1 1 2
46817633 942305099
419007619 0 0 1
665526342
284191853 1 0 3
46817633 665526342 942305099
61335851 0 0 1
896785037
615783733 1 0 3
46817633 665526342 62160346
240728615 1 0 1
140141107
662912442 0 0 1
46817633
374775750 0 0 2
896785037 665526342
271614386 1 0 1
62160346
578792063 1 0 1
46817633
187537062 1 0 1
46817633
146777027 1 0 3
665526342 62160346 140141107
118189052 1 0 3
140141107 62160346 942305099
430700257 1 0 3
896785037 942305099 62160346
443823539 1 0 3
665526342 896785037 942305099
731891125 1 0 1
942305099
481510045 1 0 2
140141107 140141107
540666343 0 0 1
896785037
345923791 0 0 2
140141107 62160346
867906208 0 0 3
665526342 665526342 140141107
89560985 1 0 2
896785037 46817633
230743915 1 0 1
896785037
590520738 0 0 1
896785037
55682506 0 0 2
140141107 46817633
367738735 0 0 2
62160346 665526342
735737772 0 0 3
942305099 62160346 62160346
717439746 1 0 1
62160346
975667147 1 0 3
896785037 62160346 140141107
865156648 0 0 3
896785037 140141107 140141107
722673351 0 0 1
896785037
64030581 1 0 1
140141107
373175876 0 0 3
896785037 896785037 46817633
932321828 1 0 3
896785037 665526342 140141107
499392503 1 0 1
62160346
431842631 1 0 2
140141107 46817633
876827697 0 0 3
665526342 140141107 942305099
230269364 0 0 3
942305099 942305099 62160346
66302983 1 0 3
896785037 896785037 896785037
77564729 0 0 1
62160346
169380546 1 0 2
942305099 46817633
694062355 1 0 1
942305099
806045471 1 0 3
665526342 46817633 665526342
250725544 1 0 2
665526342 140141107
662105501 0 0 1
942305099
212655927 0 0 1
942305099
60355831 1 0 2
62160346 942305099
199881292 0 0 3
665526342 62160346 140141107
279491563 0 0 1
896785037
736346546 1 0 2
62160346 62160346
280694369 1 0 1
46817633
640817594 0 0 2
62160346 46817633
489665231 1 0 2
896785037 665526342
367942001 1 0 2
942305099 942305099
466704271 0 0 2
896785037 665526342
281040604 0 0 1
140141107
617377603 1 0 3
896785037 62160346 62160346
76436270 0 0 1
665526342
569469812 1 0 1
896785037
10873837 0 0 1
896785037
122560374 1 0 2
46817633 62160346
447575112 0 0 3
140141107 665526342 942305099
373619627 0 0 3
140141107 140141107 665526342
966070904 1 0 1
896785037
746912467 0 0 3
62160346 942305099 896785037
33657185 0 0 3
62160346 140141107 62160346
657463368 0 0 2
665526342 942305099
768660791 0 0 3
942305099 46817633 665526342
773742599 0 0 3
140141107 896785037 896785037
692521910 1 0 1
896785037
958672206 0 0 2
665526342 46817633
808045174 0 0 2
665526342 942305099
812945095 1 0 2
896785037 140141107
237095251 0 0 3
46817633 896785037 665526342
141938308 1 0 2
942305099 140141107
289793720 1 0 3
896785037 140141107 665526342
635986913 0 0 1
942305099
849257936 0 0 2
665526342 46817633
761561637 1 0 2
665526342 46817633
584931156 1 0 3
665526342 62160346 62160346
707097196 0 0 1
896785037
270957643 0 0 1
62160346
699405422 0 0 3
942305099 62160346 140141107
451108645 1 0 2
665526342 140141107
107823145 0 0 1
140141107
436407421 1 0 2
62160346 140141107
691250781 1 0 2
942305099 140141107
989960129 0 0 3
46817633 896785037 665526342
884748297 0 0 1
665526342
144981974 0 0 1
62160346
183000751 0 0 2
46817633 62160346
32588090 1 0 1
46817633
116411690 1 0 2
942305099 140141107
933398986 0 0 2
46817633 62160346
380514251 1 0 1
46817633
493956770 0 0 3
46817633 942305099 896785037
724941604 1 0 3
665526342 62160346 665526342
600241969 1 0 1
896785037
121051004 0 0 3
665526342 665526342 942305099
58405770 1 0 3
942305099 942305099 140141107
709296540 0 0 3
62160346 942305099 896785037
179987546 1 0 2
46817633 896785037
860027733 0 0 2
46817633 46817633
937475146 1 0 2
665526342 665526342
572609491 1 0 3
46817633 46817633 665526342
168425761 1 0 1
62160346
974155048 0 0 3
62160346 46817633 942305099
154641465 0 0 2
46817633 140141107
65701400 1 0 2
62160346 140141107
3927595 1 0 3
896785037 896785037 62160346
65518396 0 0 2
46817633 140141107
285782403 0 0 3
46817633 896785037 665526342
733961415 1 0 2
942305099 46817633
417515508 1 0 1
896785037
748333631 1 0 3
46817633 896785037 942305099
333481953 1 0 2
665526342 896785037
535589374 1 0 3
140141107 140141107 62160346
20427175 0 0 2
46817633 62160346
375052202 1 0 1
942305099
498501533 0 0 1
140141107
97043969 0 0 1
942305099
444333969 1 0 3
896785037 896785037 46817633
522732581 1 0 3
665526342 46817633 942305099
18461602 1 0 1
62160346
774793483 0 0 3
46817633 665526342 140141107
5262184 1 0 2
140141107 46817633
778060177 1 0 2
62160346 46817633
200587182 0 0 3
46817633 896785037 140141107
90595745 1 0 1
46817633
977528030 0 0 2
140141107 896785037
347176614 0 0 2
62160346 896785037
114729366 1 0 2
942305099 62160346
685439619 1 0 3
140141107 665526342 942305099
373715314 0 0 1
140141107
29338932 0 0 1
896785037
773033587 0 0 2
62160346 942305099
142438019 0 0 1
896785037
170737856 0 0 3
46817633 896785037 942305099
731126555 0 0 3
140141107 896785037 665526342
69250205 1 0 1
896785037
364110598 0 0 3
46817633 665526342 46817633
707355128 1 0 3
942305099 665526342 46817633
463818502 0 0 3
140141107 62160346 896785037
961336415 0 0 1
62160346
17574316 0 0 2
140141107 942305099
135812600 1 0 1
942305099
863541124 0 0 1
140141107
49011903 0 0 2
62160346 665526342
344169348 1 0 2
665526342 665526342
14963165 0 0 3
942305099 140141107 46817633
216655643 0 0 3
665526342 62160346 62160346
336854596 0 0 3
942305099 942305099 62160346
822646397 1 0 1
140141107
70019565 0 0 1
140141107
780129922 0 0 1
942305099
72410814 1 0 3
62160346 942305099 665526342
248854450 0 0 1
62160346
996948190 0 0 2
62160346 140141107
230530089 1 0 1
896785037
613746408 1 0 3
896785037 942305099 665526342
162899209 1 0 3
140141107 62160346 140141107
201191940 0 0 1
942305099
63032141 1 0 1
140141107
325743919 1 0 3
62160346 140141107 62160346
588019432 0 0 2
140141107 62160346
670775846 0 0 2
665526342 62160346
860757461 1 0 2
46817633 62160346
714419821 1 0 2
896785037 140141107
441646400 1 0 2
46817633 62160346
60907445 1 0 3
62160346 942305099 942305099
145814827 0 0 1
62160346
230377951 0 0 3
665526342 896785037 140141107
8614820 0 0 3
665526342 62160346 140141107
946947225 0 0 3
140141107 140141107 140141107
290547279 1 0 3
896785037 62160346 62160346
90805794 1 0 3
46817633 942305099 942305099
390042142 0 0 1
942305099
183410069 1 0 3
62160346 62160346 665526342
186394122 0 0 1
62160346
243973859 0 0 1
896785037
357221887 0 0 3
62160346 46817633 46817633
788642682 0 0 3
665526342 942305099 140141107
5103609 0 0 1
140141107
125877184 1 0 3
896785037 665526342 46817633
489131517 1 0 3
896785037 140141107 896785037
467727658 0 0 3
896785037 942305099 140141107
506844608 0 0 1
62160346
5945739 0 0 3
942305099 140141107 665526342
424077697 0 0 2
46817633 665526342
194573031 1 0 1
140141107
45121602 0 0 2
46817633 665526342
9674930 0 0 1
896785037
550974851 1 0 2
46817633 46817633
496473209 0 0 3
140141107 896785037 942305099
487504496 0 0 1
665526342
427696067 0 0 3
46817633 62160346 942305099
537984439 1 0 2
942305099 62160346
278853986 1 0 2
46817633 942305099
757320720 1 0 3
62160346 140141107 140141107
534409896 0 0 2
62160346 896785037
410141915 1 0 1
46817633
636300059 1 0 3
46817633 942305099 896785037
528940817 0 0 2
46817633 942305099
39008204 1 0 3
140141107 665526342 665526342
47839090 1 0 3
46817633 665526342 140141107
956187904 0 0 3
46817633 140141107 896785037
657496092 1 0 3
46817633 62160346 665526342
533410952 0 0 2
62160346 942305099
860913172 0 0 2
46817633 896785037
519812092 1 0 2
140141107 140141107
505452074 0 0 3
62160346 62160346 896785037
360048786 1 0 1
896785037
548977392 1 0 3
46817633 140141107 140141107
134069023 0 0 1
46817633
21925406 0 0 3
896785037 942305099 942305099
403766830 1 0 1
62160346
8359952 1 0 3
896785037 140141107 46817633
829244955 1 0 2
140141107 896785037
803401477 1 0 1
665526342
678176122 0 0 3
942305099 62160346 140141107
537974324 0 0 3
62160346 896785037 62160346
442945621 1 0 1
942305099
393485590 1 0 3
140141107 140141107 140141107
91050965 0 0 2
665526342 62160346
792619507 1 0 2
62160346 942305099
662981841 0 0 2
942305099 665526342
412870804 1 0 2
942305099 942305099
573997818 0 0 1
665526342
894523659 0 0 3
665526342 896785037 46817633
677913094 1 0 3
942305099 942305099 62160346
167404699 1 0 2
140141107 62160346
231892553 0 0 3
46817633 896785037 140141107
326213906 1 0 3
46817633 46817633 46817633
797966703 0 0 1
140141107
903941677 0 0 1
46817633
284938597 0 0 3
62160346 665526342 665526342
454427956 0 0 3
896785037 896785037 896785037
654006880 1 0 2
942305099 942305099
413756391 1 0 2
942305099 46817633
735914636 0 0 2
140141107 140141107
431546850 0 0 2
896785037 942305099
63936767 0 0 1
942305099
649968030 1 0 2
942305099 942305099
137885317 1 0 1
140141107
342357169 0 0 2
62160346 140141107
33798267 1 0 3
942305099 665526342 896785037
496044156 1 0 1
942305099
831933584 0 0 3
942305099 62160346 896785037
267906393 1 0 2
942305099 896785037
455946868 1 0 2
665526342 46817633
291182927 0 0 3
46817633 140141107 46817633
93733758 1 0 1
140141107
306174433 0 0 3
942305099 665526342 62160346
838899177 0 0 3
665526342 665526342 665526342
155169353 1 0 1
140141107
694549083 1 0 1
46817633
440913261 0 0 3
942305099 896785037 62160346
705148947 1 0 1
896785037
493654129 1 0 2
665526342 62160346
813662138 1 0 3
942305099 46817633 942305099
351023875 0 0 1
896785037
869086464 0 0 2
140141107 942305099
489100237 1 0 2
62160346 942305099
118081024 1 0 1
896785037
748868266 1 0 2
46817633 140141107
567776975 1 0 2
896785037 942305099
303948576 1 0 3
896785037 140141107 942305099
326363766 0 0 2
140141107 62160346
741836409 0 0 3
896785037 62160346 896785037
771834730 0 0 1
62160346
447528693 0 0 3
942305099 46817633 896785037
606907896 0 0 1
140141107
719066296 1 0 3
665526342 896785037 665526342
97918763 1 0 2
665526342 896785037
758962323 1 0 1
665526342
656126899 1 0 1
46817633
566343212 1 0 2
942305099 896785037
515849544 0 0 2
942305099 62160346
674357501 0 0 1
896785037
126904323 1 0 2
140141107 896785037
638431111 1 0 2
140141107 46817633
776810672 0 0 2
942305099 942305099
159482710 0 0 2
942305099 665526342
752945932 1 0 3
665526342 942305099 46817633
166940973 0 0 2
46817633 46817633
997426871 1 0 1
665526342
917137327 0 0 2
62160346 942305099
837833935 1 0 1
665526342
542897831 0 0 3
62160346 140141107 62160346
75628293 0 0 2
665526342 62160346
25654479 1 0 1
942305099
199285137 0 0 1
942305099
874682591 1 0 1
46817633
242706091 1 0 3
46817633 665526342 62160346
616823987 1 0 3
896785037 62160346 665526342
745756691 0 0 1
46817633
502326740 1 0 3
896785037 140141107 46817633
323243049 0 0 1
942305099
284772877 0 0 1
942305099
117957310 0 0 2
62160346 46817633
626529115 0 0 3
140141107 62160346 896785037
632458300 0 0 3
942305099 942305099 140141107
968670566 1 0 1
896785037
828685058 0 0 2
942305099 942305099
185412668 1 0 1
896785037
371627175 1 0 2
62160346 62160346
35952814 1 0 2
942305099 62160346
99224934 0 0 3
665526342 46817633 896785037
621874037 1 0 2
46817633 62160346
496290309 1 0 3
62160346 942305099 665526342
411553707 1 0 1
62160346
111361214 1 0 1
896785037
69002073 1 0 1
62160346
822764865 0 0 2
665526342 140141107
538358595 0 0 1
46817633
961408122 1 0 1
46817633
396514093 0 0 3
942305099 46817633 942305099
138461494 1 0 3
62160346 140141107 140141107
904494652 0 0 1
140141107
429770270 0 0 3
665526342 62160346 896785037
764707914 1 0 3
896785037 46817633 665526342
120542936 0 0 2
62160346 62160346
759829574 1 0 2
665526342 665526342
81397389 1 0 1
942305099
154200120 0 0 2
46817633 140141107
432407820 1 0 2
46817633 140141107
718333646 1 0 1
942305099
41621144 0 0 2
896785037 46817633
189292411 0 0 1
942305099
28733734 1 0 1
46817633
299023952 1 0 2
140141107 665526342
550449978 1 0 3
665526342 46817633 942305099
387402907 1 0 1
942305099
254965399 1 0 1
942305099
878068598 1 0 3
140141107 665526342 665526342
680055292 1 0 1
665526342
531598619 1 0 2
140141107 896785037
912378039 0 0 2
46817633 665526342
372941579 0 0 2
140141107 665526342
969754791 0 0 1
140141107
303364517 1 0 3
896785037 942305099 942305099
672043346 1 0 3
942305099 665526342 942305099
970101796 0 0 3
665526342 665526342 140141107
885362912 1 0 3
665526342 140141107 140141107
83579734 0 0 1
140141107
764311909 0 0 2
942305099 665526342
813454754 0 0 1
665526342
746896607 1 0 1
46817633
133267865 0 0 2
942305099 46817633
153964653 0 0 2
46817633 942305099
231651387 1 0 2
665526342 665526342
572497163 1 0 3
665526342 665526342 62160346
54531741 0 0 2
140141107 665526342
589241276 0 0 1
62160346
112193193 0 0 1
46817633
649787671 1 0 2
942305099 46817633
842066410 1 0 1
665526342
977128496 1 0 3
665526342 896785037 62160346
839120168 0 0 3
46817633 896785037 665526342
175565600 0 0 2
896785037 62160346
234699832 0 0 1
140141107
979758885 1 0 3
665526342 665526342 665526342
87816104 0 0 1
942305099
740277619 1 0 2
942305099 140141107
932313804 0 0 1
665526342
80528966 0 0 3
62160346 62160346 46817633
151431485 1 0 1
896785037
409550870 0 0 1
62160346
363765617 0 0 3
665526342 46817633 896785037
263845695 0 0 2
46817633 140141107
500297519 0 0 1
62160346
607229937 1 0 2
62160346 46817633
915454948 0 0 3
140141107 46817633 140141107
780822536 0 0 3
140141107 62160346 665526342
930777916 1 0 1
942305099
706289033 1 0 1
896785037
401800368 1 0 2
46817633 46817633
998611674 1 0 2
62160346 46817633
653111189 1 0 1
896785037
64855052 1 0 1
665526342
198202313 0 0 3
665526342 665526342 62160346
318852420 0 0 1
665526342
422721445 0 0 1
62160346
892489669 0 0 1
896785037
212697340 1 0 3
896785037 62160346 62160346
69550880 0 0 1
942305099
209291298 0 0 3
140141107 62160346 140141107
840970584 0 0 2
896785037 665526342
306881055 0 0 3
140141107 665526342 942305099
129605315 0 0 1
665526342
550784275 1 0 3
140141107 942305099 62160346
173073779 1 0 1
665526342
122273849 0 0 3
46817633 46817633 942305099
390457178 0 0 2
942305099 140141107
895541480 1 0 2
46817633 62160346
760372531 1 0 3
62160346 140141107 140141107
299797277 1 0 1
665526342
802899514 0 0 3
896785037 665526342 665526342
827955627 0 0 3
896785037 896785037 62160346
866079033 1 0 2
665526342 140141107
16774658 0 0 3
46817633 46817633 62160346
89903912 0 0 1
896785037
160088905 0 0 3
942305099 62160346 896785037
645595640 0 0 1
46817633
56193713 0 0 2
665526342 942305099
34650668 0 0 1
665526342
74512388 0 0 3
46817633 942305099 665526342
125135494 1 0 1
62160346
509123350 0 0 2
140141107 140141107
133255953 1 0 3
140141107 665526342 942305099
359966947 0 0 3
140141107 896785037 62160346
556017667 1 0 1
62160346
425477221 0 0 3
896785037 62160346 665526342
807898828 1 0 1
942305099
452340478 1 0 1
896785037
965451022 1 0 2
62160346 46817633
516721280 0 0 1
62160346
922665409 0 0 3
665526342 896785037 942305099
648497494 1 0 3
665526342 665526342 140141107
118674756 0 0 3
665526342 46817633 896785037
953626576 1 0 1
942305099
366738129 1 0 2
896785037 140141107
645544188 1 0 1
46817633
458012375 1 0 2
942305099 62160346
669114371 0 0 3
46817633 896785037 46817633
618320317 0 0 3
665526342 46817633 46817633
49502085 0 0 1
896785037
706039255 1 0 1
942305099
709673858 1 0 1
140141107
720751623 1 0 1
942305099
877019994 1 0 3
46817633 140141107 140141107
276064878 1 0 3
62160346 62160346 140141107
16298742 1 0 2
140141107 942305099
202636604 1 0 3
942305099 46817633 62160346
48050705 0 0 1
140141107
773858110 1 0 2
896785037 140141107
792438525 0 0 2
62160346 665526342
396584156 1 0 1
62160346
332447192 1 0 1
942305099
276167447 1 0 3
942305099 140141107 62160346
453843754 0 0 1
896785037
640765818 1 0 1
46817633
272921886 1 0 2
942305099 896785037
73961622 1 0 3
896785037 665526342 896785037
371663057 0 0 2
46817633 62160346
99469918 0 0 1
140141107
415105822 1 0 2
665526342 62160346
220580827 1 0 1
62160346
237620615 0 0 1
665526342
701423805 1 0 2
942305099 46817633
13575665 0 0 1
62160346
599819275 1 0 2
62160346 896785037
748954800 1 0 1
942305099
410163332 1 0 2
140141107 942305099
665607156 0 0 1
942305099
740520352 0 0 2
942305099 62160346
956443655 1 0 3
62160346 46817633 62160346
157855047 1 0 1
62160346
741285963 0 0 1
896785037
335260369 1 0 3
942305099 140141107 46817633
403145966 0 0 3
140141107 665526342 62160346
331336563 0 0 2
46817633 140141107
585188358 1 0 2
46817633 62160346
563838112 1 0 3
896785037 896785037 62160346
615357370 1 0 2
896785037 140141107
885358100 1 0 2
62160346 942305099
737736137 0 0 3
140141107 140141107 665526342
578220716 0 0 1
896785037
987139484 0 0 2
665526342 896785037
790451381 1 0 2
46817633 942305099
600727224 0 0 3
942305099 896785037 896785037
497746337 1 0 1
140141107
820587310 1 0 1
665526342
380979905 0 0 3
140141107 665526342 942305099
913830406 0 0 3
62160346 46817633 665526342
659343461 1 0 2
896785037 46817633
244227316 0 0 1
46817633
352507537 0 0 1
942305099
988766166 1 0 3
896785037 942305099 140141107
596843114 1 0 3
942305099 896785037 140141107
698678035 0 0 3
665526342 942305099 896785037
991517561 0 0 2
62160346 665526342
538646685 1 0 2
942305099 140141107
434554651 0 0 1
62160346
77607911 0 0 1
896785037
940845888 0 0 2
62160346 942305099
576848865 1 0 3
896785037 942305099 896785037
827168560 1 0 2
942305099 46817633
88077100 1 0 1
46817633
799335978 1 0 3
942305099 62160346 62160346
309475899 0 0 2
896785037 942305099
168628732 0 0 1
942305099
580013454 1 0 2
942305099 62160346
482123974 0 0 2
140141107 46817633
240885116 0 0 3
665526342 942305099 896785037
312136070 0 0 2
665526342 62160346
620050886 1 0 2
665526342 665526342
488669532 1 0 1
46817633
211667591 0 0 1
896785037
629274375 0 0 3
896785037 896785037 140141107
89496010 1 0 2
896785037 46817633
720904036 1 0 2
896785037 46817633
103732450 1 0 2
665526342 140141107
738760820 0 0 2
942305099 140141107
148518409 0 0 1
942305099
826284362 1 0 2
140141107 665526342
31201175 0 0 2
942305099 46817633
133794209 1 0 2
140141107 46817633
155627437 0 0 3
46817633 665526342 46817633
423892511 1 0 3
140141107 896785037 665526342
181065008 0 0 2
942305099 46817633
652304813 1 0 2
942305099 140141107
113625726 0 0 1
46817633
255117928 1 0 1
896785037
289805966 1 0 3
46817633 46817633 62160346
995010820 0 0 1
665526342
797439636 1 0 1
942305099
40758129 1 0 1
140141107
454478395 0 0 1
46817633
83560334 1 0 2
665526342 46817633
849738533 0 0 3
942305099 896785037 140141107
462452955 1 0 1
46817633
411217144 0 0 1
896785037
409093792 1 0 2
140141107 140141107
11228086 1 0 3
62160346 896785037 942305099
244370093 1 0 2
140141107 942305099
132085239 1 0 2
942305099 665526342
130467687 0 0 2
896785037 896785037
410361512 0 0 2
46817633 665526342
556441832 1 0 2
942305099 665526342
57596349 1 0 1
942305099
990340510 1 0 2
46817633 140141107
666769361 1 0 2
896785037 942305099
784856690 1 0 2
46817633 665526342
696981115 0 0 1
942305099
305707657 0 0 2
62160346 62160346
757432706 0 0 1
896785037
725398212 0 0 2
62160346 140141107
743203094 0 0 3
942305099 896785037 896785037
3379909 1 0 2
942305099 665526342
820591790 0 0 2
140141107 140141107
772040182 1 0 3
140141107 46817633 665526342
201723602 1 0 3
62160346 46817633 140141107
632048268 1 0 2
140141107 942305099
802944763 1 0 3
942305099 665526342 46817633
595143395 1 0 3
140141107 62160346 896785037
599616002 1 0 3
62160346 942305099 62160346
75926288 1 0 1
62160346
835703580 1 0 1
942305099
644112502 1 0 3
665526342 665526342 62160346
242876850 1 0 1
62160346
192548048 1 0 3
942305099 62160346 46817633
246942228 1 0 3
665526342 46817633 46817633
483311878 1 0 3
896785037 896785037 665526342
614469665 1 0 1
896785037
408073263 1 0 3
62160346 942305099 62160346
866114379 1 0 3
896785037 942305099 62160346
379949091 1 0 3
140141107 140141107 942305099
359745602 1 0 1
46817633
