986
305564071 1 1 3
791855925 791855925 791855925
947999687 1 1 3
147203332 271114956 83942342
305564071 1 0 3
791855925 791855925 791855925
800457916 1 1 3
791855925 311201517 83942342
947999687 1 0 3
147203332 271114956 83942342
800457916 1 0 3
791855925 311201517 83942342
573825270 0 1 5
424435404 147203332 271114956 271114956 791855925
58602880 1 1 4
424435404 311201517 424435404 424435404
323938498 0 1 5
83942342 311201517 83942342 424435404 147203332
671209275 1 1 5
271114956 83942342 271114956 147203332 311201517
58602880 1 0 4
424435404 311201517 424435404 424435404
314450354 1 1 4
147203332 791855925 271114956 791855925
861102766 1 1 4
147203332 271114956 424435404 791855925
573825270 0 0 5
424435404 147203332 271114956 271114956 791855925
138787731 1 1 5
147203332 424435404 311201517 147203332 424435404
894008005 0 1 2
311201517 311201517
323938498 0 0 5
83942342 311201517 83942342 424435404 147203332
894008005 0 0 2
311201517 311201517
623523157 1 1 5
424435404 424435404 791855925 424435404 791855925
828073972 0 1 1
311201517
693494327 1 1 2
147203332 83942342
693494327 1 0 2
147203332 83942342
355053801 1 1 4
147203332 271114956 424435404 83942342
484802334 1 1 2
311201517 791855925
218698737 1 1 1
83942342
97213274 1 1 2
311201517 83942342
49319415 0 1 3
83942342 424435404 83942342
798844660 1 1 2
424435404 147203332
816156225 0 1 4
791855925 791855925 791855925 83942342
249384337 1 1 2
271114956 147203332
610502147 1 1 5
83942342 791855925 271114956 147203332 791855925
548215516 1 1 1
147203332
548215516 1 0 1
147203332
116479203 0 1 4
311201517 271114956 791855925 791855925
828073972 0 0 1
311201517
694444489 1 1 4
424435404 791855925 311201517 147203332
859417032 0 1 4
791855925 83942342 147203332 83942342
116198886 1 1 3
791855925 83942342 311201517
859417032 0 0 4
791855925 83942342 147203332 83942342
338816765 1 1 3
271114956 311201517 791855925
136368787 1 1 2
311201517 424435404
239830193 0 1 1
424435404
644380835 0 1 4
271114956 147203332 311201517 424435404
84368474 0 1 4
271114956 147203332 271114956 147203332
40288109 1 1 3
424435404 791855925 147203332
623523157 1 0 5
424435404 424435404 791855925 424435404 791855925
70722457 1 1 1
791855925
142971353 0 1 4
311201517 424435404 791855925 83942342
216742958 0 1 3
424435404 147203332 424435404
741931731 0 1 5
271114956 311201517 271114956 83942342 791855925
457421706 0 1 2
791855925 311201517
77845723 1 1 5
791855925 83942342 791855925 791855925 271114956
733235813 0 1 5
147203332 271114956 147203332 147203332 791855925
203946062 0 1 1
147203332
553885232 0 1 5
83942342 311201517 424435404 147203332 147203332
561309784 0 1 2
271114956 83942342
749956740 0 1 5
271114956 791855925 271114956 147203332 791855925
908939032 1 1 5
147203332 424435404 424435404 424435404 147203332
46112118 1 1 3
83942342 147203332 271114956
968655476 1 1 1
311201517
6152305 0 1 5
424435404 147203332 83942342 424435404 83942342
203946062 0 0 1
147203332
561309784 0 0 2
271114956 83942342
947947884 0 1 2
311201517 791855925
620016487 1 1 3
424435404 424435404 791855925
674824882 0 1 4
147203332 83942342 424435404 791855925
197332220 1 1 3
311201517 271114956 791855925
230518634 0 1 3
791855925 311201517 147203332
741931731 0 0 5
271114956 311201517 271114956 83942342 791855925
223040397 1 1 5
311201517 147203332 424435404 271114956 311201517
166327774 0 1 5
311201517 791855925 311201517 791855925 424435404
777479474 0 1 5
791855925 424435404 311201517 791855925 271114956
934973780 0 1 1
271114956
338816765 1 0 3
271114956 311201517 791855925
282526660 1 1 2
147203332 147203332
116296238 1 1 5
791855925 83942342 424435404 424435404 791855925
71342567 1 1 5
271114956 83942342 271114956 83942342 147203332
522356852 0 1 3
791855925 311201517 147203332
613193425 0 1 4
311201517 271114956 791855925 311201517
8227392 1 1 1
424435404
968655476 1 0 1
311201517
415161312 1 1 3
83942342 311201517 147203332
355053801 1 0 4
147203332 271114956 424435404 83942342
683915881 0 1 2
424435404 147203332
151198744 1 1 1
311201517
631904270 1 1 3
311201517 424435404 311201517
278363963 0 1 1
271114956
461136801 1 1 4
271114956 791855925 311201517 271114956
709749992 0 1 2
311201517 791855925
11599775 1 1 3
791855925 147203332 147203332
665082862 0 1 3
311201517 424435404 311201517
116151575 0 1 4
311201517 424435404 83942342 83942342
425425911 1 1 3
424435404 791855925 311201517
267555953 0 1 3
271114956 83942342 271114956
25090606 0 1 3
791855925 147203332 147203332
324054380 1 1 4
147203332 147203332 83942342 791855925
88727781 0 1 1
147203332
883759263 1 1 5
311201517 311201517 424435404 147203332 147203332
272002263 0 1 5
791855925 271114956 147203332 271114956 791855925
708744267 1 1 2
791855925 791855925
230518634 0 0 3
791855925 311201517 147203332
411100496 0 1 5
147203332 424435404 424435404 147203332 424435404
665082862 0 0 3
311201517 424435404 311201517
321850835 0 1 1
147203332
939262900 1 1 5
147203332 271114956 147203332 271114956 147203332
883759263 1 0 5
311201517 311201517 424435404 147203332 147203332
634140892 0 1 4
311201517 83942342 83942342 271114956
488178608 0 1 5
791855925 424435404 271114956 791855925 83942342
569258725 1 1 2
791855925 83942342
421631023 1 1 2
271114956 271114956
770705267 1 1 1
147203332
816156225 0 0 4
791855925 791855925 791855925 83942342
685554963 1 1 4
791855925 271114956 271114956 311201517
492973589 0 1 1
424435404
145578471 0 1 5
271114956 791855925 83942342 83942342 791855925
151264739 1 1 2
83942342 83942342
501200980 0 1 1
271114956
560739782 0 1 1
271114956
835180619 0 1 4
311201517 147203332 791855925 791855925
504916075 1 1 3
791855925 147203332 147203332
8227392 1 0 1
424435404
97213274 1 0 2
311201517 83942342
45160403 0 1 5
311201517 424435404 271114956 271114956 311201517
113544581 1 1 2
147203332 147203332
613193425 0 0 4
311201517 271114956 791855925 311201517
966052875 0 1 3
271114956 83942342 271114956
754910395 0 1 4
311201517 791855925 83942342 311201517
125144355 0 1 1
83942342
483652088 0 1 1
271114956
871061969 0 1 4
424435404 424435404 311201517 311201517
403086617 0 1 3
424435404 147203332 147203332
751208041 1 1 2
311201517 147203332
560739782 0 0 1
271114956
748668927 0 1 4
424435404 311201517 83942342 424435404
727140996 0 1 5
83942342 147203332 311201517 424435404 424435404
634140892 0 0 4
311201517 83942342 83942342 271114956
839935821 0 1 5
424435404 791855925 311201517 83942342 791855925
484944541 0 1 5
311201517 147203332 791855925 311201517 147203332
999143259 0 1 1
424435404
548680087 1 1 5
311201517 424435404 271114956 791855925 83942342
896045036 0 1 2
83942342 271114956
173510445 0 1 3
271114956 791855925 791855925
340459339 1 1 4
271114956 424435404 147203332 424435404
382702279 0 1 2
424435404 147203332
661689052 0 1 3
311201517 424435404 83942342
909718063 1 1 3
424435404 83942342 271114956
804333301 1 1 2
147203332 311201517
284910671 1 1 3
271114956 424435404 147203332
151264739 1 0 2
83942342 83942342
447789377 1 1 1
424435404
239830193 0 0 1
424435404
149823242 1 1 1
83942342
282526660 1 0 2
147203332 147203332
430489141 1 1 3
424435404 83942342 311201517
599054115 0 1 5
424435404 271114956 147203332 83942342 311201517
382702279 0 0 2
424435404 147203332
503540573 1 1 3
791855925 147203332 83942342
116151575 0 0 4
311201517 424435404 83942342 83942342
843745274 1 1 3
147203332 424435404 147203332
484944541 0 0 5
311201517 147203332 791855925 311201517 147203332
340459339 1 0 4
271114956 424435404 147203332 424435404
286751085 1 1 3
147203332 311201517 311201517
8456648 1 1 4
83942342 147203332 311201517 147203332
888905677 0 1 4
424435404 271114956 83942342 311201517
400295665 1 1 3
424435404 311201517 83942342
974509522 0 1 1
311201517
496332423 0 1 1
791855925
377956372 0 1 3
311201517 147203332 791855925
310677962 1 1 5
271114956 83942342 83942342 271114956 147203332
671209275 1 0 5
271114956 83942342 271114956 147203332 311201517
939262900 1 0 5
147203332 271114956 147203332 271114956 147203332
219910743 1 1 5
271114956 271114956 424435404 83942342 311201517
781042988 0 1 5
147203332 791855925 791855925 311201517 271114956
61886002 1 1 1
791855925
968579669 0 1 1
791855925
360700336 1 1 5
83942342 83942342 791855925 791855925 791855925
218698737 1 0 1
83942342
901821822 0 1 5
311201517 83942342 791855925 147203332 83942342
306040561 0 1 5
83942342 311201517 424435404 83942342 424435404
496332423 0 0 1
791855925
212359946 1 1 3
147203332 147203332 311201517
377956372 0 0 3
311201517 147203332 791855925
77845723 1 0 5
791855925 83942342 791855925 791855925 271114956
303018260 1 1 2
83942342 311201517
54601948 1 1 1
424435404
385870390 1 1 3
147203332 791855925 83942342
145578471 0 0 5
271114956 791855925 83942342 83942342 791855925
495993950 0 1 5
271114956 271114956 147203332 424435404 271114956
289820578 1 1 5
271114956 147203332 311201517 147203332 311201517
47559441 1 1 3
147203332 147203332 83942342
258228365 1 1 3
791855925 424435404 424435404
94153879 0 1 2
424435404 147203332
332470111 1 1 5
271114956 83942342 83942342 83942342 311201517
553885232 0 0 5
83942342 311201517 424435404 147203332 147203332
706017741 1 1 1
147203332
96493472 1 1 1
311201517
615475603 1 1 4
147203332 424435404 271114956 424435404
306040561 0 0 5
83942342 311201517 424435404 83942342 424435404
157588208 0 1 1
147203332
600034044 0 1 3
83942342 147203332 83942342
459220877 0 1 2
791855925 424435404
444339292 0 1 1
791855925
461007043 0 1 4
311201517 271114956 424435404 791855925
113544581 1 0 2
147203332 147203332
200642905 0 1 2
311201517 311201517
488178608 0 0 5
791855925 424435404 271114956 791855925 83942342
697151309 1 1 1
311201517
288032917 1 1 1
147203332
696975327 0 1 2
311201517 791855925
75107680 0 1 4
271114956 791855925 147203332 83942342
598710878 0 1 3
147203332 147203332 83942342
916886069 1 1 1
424435404
708667019 1 1 5
147203332 147203332 147203332 424435404 791855925
660596879 0 1 2
424435404 147203332
737982090 1 1 3
791855925 311201517 424435404
569258725 1 0 2
791855925 83942342
69367354 1 1 5
271114956 424435404 147203332 83942342 271114956
414935052 1 1 4
424435404 271114956 311201517 271114956
600034044 0 0 3
83942342 147203332 83942342
44022650 1 1 2
271114956 83942342
134243651 1 1 3
147203332 147203332 311201517
570469663 1 1 4
271114956 271114956 311201517 424435404
951140950 0 1 2
311201517 147203332
520114040 1 1 3
83942342 147203332 147203332
66463613 0 1 2
83942342 271114956
240961527 0 1 1
424435404
567673481 0 1 2
791855925 311201517
324691977 1 1 4
147203332 424435404 147203332 147203332
461136801 1 0 4
271114956 791855925 311201517 271114956
187631757 1 1 3
791855925 311201517 791855925
752659943 1 1 2
147203332 424435404
138787731 1 0 5
147203332 424435404 311201517 147203332 424435404
883226069 0 1 1
311201517
136641580 0 1 4
271114956 424435404 311201517 271114956
644380835 0 0 4
271114956 147203332 311201517 424435404
368135546 1 1 1
311201517
40814276 0 1 1
271114956
736675624 0 1 4
271114956 83942342 791855925 147203332
116296238 1 0 5
791855925 83942342 424435404 424435404 791855925
679872774 1 1 2
311201517 424435404
337669920 0 1 2
271114956 791855925
50199018 1 1 4
424435404 424435404 311201517 271114956
880515678 0 1 2
271114956 311201517
34821228 0 1 4
83942342 147203332 311201517 424435404
338231934 0 1 5
791855925 424435404 83942342 271114956 424435404
577491004 0 1 1
271114956
45160403 0 0 5
311201517 424435404 271114956 271114956 311201517
415161312 1 0 3
83942342 311201517 147203332
962445259 0 1 3
147203332 147203332 791855925
49319415 0 0 3
83942342 424435404 83942342
936942811 1 1 5
791855925 147203332 311201517 83942342 271114956
346893424 1 1 1
147203332
142971353 0 0 4
311201517 424435404 791855925 83942342
523628629 1 1 4
424435404 271114956 424435404 83942342
450056041 0 1 2
147203332 791855925
84875513 1 1 2
271114956 83942342
134243651 1 0 3
147203332 147203332 311201517
445512335 1 1 3
311201517 791855925 271114956
864991092 1 1 2
311201517 311201517
981414515 0 1 3
311201517 311201517 147203332
579755985 1 1 4
311201517 147203332 271114956 424435404
287977107 1 1 5
311201517 791855925 83942342 83942342 424435404
932555464 0 1 5
791855925 424435404 791855925 311201517 311201517
99870025 0 1 4
424435404 271114956 424435404 424435404
69367354 1 0 5
271114956 424435404 147203332 83942342 271114956
354440719 1 1 2
83942342 424435404
26033342 0 1 2
791855925 791855925
520059857 1 1 1
271114956
531649047 0 1 3
424435404 147203332 83942342
61886002 1 0 1
791855925
66181451 1 1 1
311201517
125236151 1 1 5
147203332 147203332 311201517 83942342 83942342
414875115 1 1 1
424435404
202823030 0 1 1
791855925
493371696 0 1 2
791855925 83942342
660596879 0 0 2
424435404 147203332
308205743 0 1 4
791855925 271114956 424435404 424435404
939498653 0 1 4
424435404 271114956 791855925 424435404
25760821 1 1 4
311201517 424435404 311201517 83942342
498392014 0 1 1
424435404
839935821 0 0 5
424435404 791855925 311201517 83942342 791855925
989697671 1 1 4
271114956 147203332 424435404 147203332
906276498 1 1 2
311201517 424435404
385729593 0 1 3
791855925 424435404 271114956
180445956 1 1 5
147203332 424435404 271114956 83942342 83942342
336283853 0 1 2
147203332 311201517
736675624 0 0 4
271114956 83942342 791855925 147203332
200691203 1 1 4
271114956 311201517 147203332 791855925
94153879 0 0 2
424435404 147203332
599054115 0 0 5
424435404 271114956 147203332 83942342 311201517
117388767 0 1 5
271114956 791855925 311201517 791855925 147203332
683177277 1 1 1
147203332
947947884 0 0 2
311201517 791855925
724319831 0 1 4
791855925 147203332 791855925 147203332
567444807 1 1 3
424435404 424435404 147203332
768052789 0 1 4
83942342 271114956 147203332 791855925
22348517 0 1 2
791855925 311201517
284952251 1 1 4
83942342 424435404 147203332 424435404
240961527 0 0 1
424435404
601983655 0 1 2
311201517 311201517
454620854 0 1 1
83942342
572929357 1 1 1
271114956
709749992 0 0 2
311201517 791855925
387055470 1 1 3
147203332 791855925 147203332
407007230 1 1 3
147203332 424435404 424435404
779886427 0 1 5
424435404 791855925 791855925 271114956 424435404
685554963 1 0 4
791855925 271114956 271114956 311201517
883226069 0 0 1
311201517
459220877 0 0 2
791855925 424435404
413088812 0 1 5
83942342 791855925 791855925 311201517 271114956
321850835 0 0 1
147203332
927067086 0 1 4
147203332 83942342 147203332 83942342
311535473 1 1 5
147203332 424435404 311201517 424435404 147203332
479270262 1 1 3
271114956 791855925 271114956
880515678 0 0 2
271114956 311201517
52303236 1 1 4
424435404 147203332 83942342 791855925
578926939 0 1 1
311201517
682093291 0 1 3
147203332 791855925 271114956
398191284 0 1 4
424435404 147203332 424435404 791855925
887132681 1 1 2
424435404 791855925
474108296 1 1 3
791855925 424435404 424435404
423952104 1 1 3
791855925 791855925 83942342
238041046 0 1 3
424435404 791855925 83942342
316322318 1 1 4
147203332 311201517 83942342 424435404
182744954 1 1 2
147203332 311201517
623770638 1 1 3
791855925 83942342 271114956
496768273 0 1 2
311201517 311201517
519028806 1 1 3
271114956 424435404 271114956
492973589 0 0 1
424435404
577491004 0 0 1
271114956
824461840 1 1 5
83942342 424435404 424435404 83942342 791855925
466673391 1 1 2
271114956 424435404
202206082 0 1 3
424435404 83942342 311201517
401298023 0 1 1
271114956
34118198 0 1 1
424435404
822775223 1 1 3
424435404 271114956 147203332
423646539 1 1 4
311201517 83942342 147203332 311201517
84368474 0 0 4
271114956 147203332 271114956 147203332
171586800 0 1 1
83942342
424758877 1 1 4
271114956 311201517 147203332 424435404
878267392 1 1 1
271114956
597032508 1 1 5
791855925 424435404 147203332 424435404 311201517
811814347 0 1 5
147203332 424435404 311201517 791855925 424435404
137790973 0 1 5
83942342 147203332 791855925 83942342 311201517
376918934 0 1 2
83942342 424435404
423646539 1 0 4
311201517 83942342 147203332 311201517
308205743 0 0 4
791855925 271114956 424435404 424435404
77419510 0 1 4
311201517 311201517 791855925 311201517
202206082 0 0 3
424435404 83942342 311201517
64858058 1 1 1
147203332
540970758 0 1 3
311201517 791855925 424435404
409206123 1 1 5
311201517 271114956 791855925 271114956 83942342
969677646 1 1 3
311201517 311201517 147203332
119897696 0 1 1
311201517
403086617 0 0 3
424435404 147203332 147203332
91299413 1 1 2
424435404 147203332
220385281 1 1 2
83942342 271114956
859546729 0 1 5
424435404 83942342 147203332 791855925 83942342
417924060 1 1 3
147203332 424435404 147203332
496853736 1 1 1
147203332
97587774 1 1 5
147203332 791855925 311201517 83942342 271114956
586762729 0 1 1
271114956
679598689 1 1 3
424435404 271114956 271114956
721358412 1 1 1
83942342
83531002 1 1 3
311201517 83942342 147203332
198627495 1 1 4
83942342 424435404 271114956 791855925
398336603 1 1 1
271114956
934973780 0 0 1
271114956
402720744 1 1 5
424435404 424435404 791855925 791855925 791855925
253349928 1 1 5
83942342 83942342 791855925 271114956 271114956
799634625 1 1 4
271114956 791855925 791855925 424435404
289355293 0 1 3
424435404 147203332 791855925
76125150 1 1 3
271114956 147203332 424435404
75797516 1 1 3
271114956 311201517 147203332
460942092 1 1 3
147203332 271114956 271114956
353400379 1 1 2
147203332 271114956
457421706 0 0 2
791855925 311201517
954064907 1 1 3
311201517 147203332 791855925
57974599 1 1 1
311201517
17731077 1 1 1
791855925
578926939 0 0 1
311201517
91855880 1 1 2
311201517 424435404
287409884 1 1 4
147203332 311201517 791855925 83942342
661689052 0 0 3
311201517 424435404 83942342
95150586 1 1 2
83942342 83942342
9230289 0 1 5
271114956 83942342 147203332 424435404 311201517
828380641 0 1 4
83942342 147203332 424435404 271114956
682093291 0 0 3
147203332 791855925 271114956
674824882 0 0 4
147203332 83942342 424435404 791855925
504356708 0 1 3
271114956 791855925 424435404
831424286 1 1 2
791855925 791855925
800794689 1 1 1
424435404
448172472 0 1 1
424435404
496768273 0 0 2
311201517 311201517
904325918 1 1 5
311201517 271114956 424435404 424435404 83942342
660341417 1 1 5
424435404 791855925 271114956 147203332 83942342
718612884 0 1 2
271114956 147203332
401179654 0 1 4
147203332 791855925 83942342 424435404
610445542 0 1 4
311201517 424435404 791855925 147203332
305375612 1 1 2
311201517 424435404
80778342 0 1 4
83942342 271114956 147203332 83942342
184320305 1 1 4
271114956 147203332 424435404 271114956
241422965 0 1 1
83942342
131922188 1 1 3
147203332 83942342 83942342
582656908 1 1 2
147203332 311201517
644143709 0 1 2
791855925 147203332
385272116 1 1 5
147203332 147203332 424435404 83942342 311201517
382291532 0 1 1
424435404
933499001 1 1 5
147203332 424435404 311201517 147203332 424435404
313913617 0 1 3
311201517 271114956 424435404
458089047 0 1 3
791855925 791855925 311201517
246957445 1 1 3
791855925 147203332 311201517
667313995 0 1 3
311201517 424435404 83942342
264670306 0 1 3
271114956 791855925 791855925
157448395 1 1 3
424435404 147203332 424435404
685045071 0 1 5
83942342 791855925 311201517 311201517 271114956
209042537 1 1 4
311201517 791855925 311201517 311201517
297374631 0 1 2
83942342 83942342
780195656 1 1 1
147203332
70789177 1 1 2
83942342 311201517
623770638 1 0 3
791855925 83942342 271114956
125755271 0 1 1
791855925
137068715 0 1 4
791855925 791855925 271114956 424435404
754729815 0 1 2
83942342 424435404
779066311 1 1 2
83942342 791855925
437757539 0 1 3
791855925 791855925 83942342
659055732 0 1 2
424435404 83942342
291924079 0 1 2
424435404 311201517
136641580 0 0 4
271114956 424435404 311201517 271114956
156370422 1 1 2
271114956 424435404
912751737 1 1 3
424435404 424435404 791855925
902369621 1 1 5
791855925 271114956 147203332 147203332 311201517
314262385 0 1 1
311201517
846046431 0 1 5
311201517 83942342 311201517 271114956 83942342
86689925 1 1 2
147203332 271114956
555685350 1 1 2
791855925 147203332
977968618 1 1 5
424435404 271114956 311201517 424435404 311201517
669346832 0 1 4
147203332 83942342 83942342 311201517
52345410 1 1 2
424435404 147203332
324691977 1 0 4
147203332 424435404 147203332 147203332
215757085 1 1 2
424435404 83942342
904154716 0 1 2
791855925 791855925
838360762 0 1 2
791855925 424435404
529670702 0 1 3
147203332 83942342 791855925
214760114 0 1 5
83942342 147203332 791855925 147203332 271114956
85318206 0 1 3
424435404 424435404 83942342
49501048 0 1 1
83942342
479430419 1 1 3
311201517 271114956 791855925
95282953 0 1 3
791855925 311201517 271114956
734546119 1 1 3
791855925 271114956 424435404
904154716 0 0 2
791855925 791855925
398336603 1 0 1
271114956
50199018 1 0 4
424435404 424435404 311201517 271114956
540989307 0 1 4
83942342 424435404 424435404 311201517
149823242 1 0 1
83942342
392657583 1 1 4
271114956 311201517 83942342 424435404
367258126 1 1 2
83942342 83942342
611778484 0 1 3
311201517 271114956 424435404
370929205 0 1 2
147203332 147203332
504326841 0 1 4
271114956 83942342 791855925 147203332
659055732 0 0 2
424435404 83942342
219024650 0 1 5
83942342 147203332 791855925 791855925 311201517
461007043 0 0 4
311201517 271114956 424435404 791855925
2511868 0 1 4
271114956 271114956 791855925 271114956
942084379 0 1 5
83942342 424435404 271114956 271114956 424435404
878080381 0 1 4
791855925 791855925 311201517 271114956
294435946 1 1 2
311201517 147203332
950971152 1 1 2
83942342 271114956
643348470 1 1 2
791855925 83942342
196805566 0 1 2
311201517 791855925
265233536 0 1 3
147203332 83942342 311201517
489394900 1 1 4
83942342 791855925 271114956 83942342
136011843 1 1 5
147203332 311201517 147203332 83942342 271114956
673435237 0 1 5
791855925 311201517 147203332 83942342 791855925
319879869 1 1 1
311201517
805358674 0 1 2
271114956 271114956
479430419 1 0 3
311201517 271114956 791855925
725780646 1 1 1
83942342
388153306 1 1 2
311201517 424435404
999143259 0 0 1
424435404
562029741 0 1 3
791855925 147203332 271114956
416657760 0 1 5
311201517 424435404 791855925 311201517 791855925
917824007 1 1 3
83942342 311201517 147203332
776789855 1 1 1
271114956
354492317 1 1 2
311201517 424435404
967325054 0 1 2
147203332 791855925
108736625 0 1 4
424435404 311201517 147203332 83942342
449775269 1 1 3
424435404 83942342 791855925
554387524 1 1 1
791855925
649725932 0 1 5
791855925 147203332 311201517 271114956 424435404
694949203 0 1 3
83942342 791855925 271114956
921645650 0 1 5
311201517 83942342 424435404 271114956 791855925
114020767 0 1 4
147203332 791855925 791855925 311201517
65878408 1 1 4
791855925 147203332 791855925 271114956
278488842 0 1 4
147203332 147203332 271114956 147203332
333045416 0 1 5
791855925 271114956 83942342 424435404 424435404
68390275 1 1 4
271114956 311201517 147203332 147203332
73089572 1 1 5
424435404 424435404 147203332 424435404 271114956
63642148 0 1 2
271114956 424435404
215342572 1 1 2
791855925 424435404
24060723 0 1 5
147203332 147203332 271114956 791855925 147203332
706990617 1 1 3
147203332 147203332 424435404
412148138 0 1 1
83942342
333045416 0 0 5
791855925 271114956 83942342 424435404 424435404
141810610 0 1 2
311201517 147203332
48901868 1 1 3
424435404 424435404 791855925
401179654 0 0 4
147203332 791855925 83942342 424435404
548159980 1 1 5
271114956 791855925 83942342 83942342 791855925
815245847 0 1 3
311201517 791855925 271114956
368781737 1 1 1
271114956
206035005 0 1 3
147203332 791855925 311201517
393542844 1 1 3
424435404 424435404 424435404
756935042 1 1 4
271114956 83942342 83942342 271114956
768064746 0 1 4
271114956 147203332 83942342 791855925
810200603 1 1 5
83942342 311201517 311201517 147203332 83942342
527275400 1 1 2
83942342 791855925
397370952 0 1 4
424435404 311201517 83942342 271114956
164692920 0 1 5
271114956 791855925 311201517 424435404 147203332
347116805 0 1 4
311201517 271114956 271114956 311201517
506107576 0 1 4
271114956 424435404 83942342 271114956
540989307 0 0 4
83942342 424435404 424435404 311201517
466984540 1 1 3
83942342 311201517 424435404
901504329 1 1 3
424435404 311201517 147203332
155833507 1 1 5
424435404 271114956 271114956 311201517 424435404
161933743 1 1 3
311201517 424435404 424435404
675666330 1 1 4
147203332 147203332 83942342 791855925
269854273 1 1 5
83942342 791855925 311201517 83942342 83942342
119897696 0 0 1
311201517
80328502 1 1 3
147203332 424435404 147203332
141810610 0 0 2
311201517 147203332
800794689 1 0 1
424435404
954155171 1 1 2
83942342 271114956
602899688 0 1 5
311201517 791855925 424435404 271114956 424435404
1235128 1 1 1
271114956
27244742 0 1 4
271114956 147203332 271114956 791855925
666541836 0 1 2
424435404 424435404
216577699 0 1 4
271114956 791855925 83942342 147203332
51305464 1 1 3
791855925 147203332 271114956
226048804 0 1 1
83942342
481242188 1 1 4
147203332 147203332 83942342 271114956
45632425 1 1 5
83942342 271114956 311201517 271114956 311201517
274950672 1 1 4
791855925 791855925 83942342 83942342
29402167 0 1 2
83942342 311201517
860878271 0 1 2
147203332 83942342
936942811 1 0 5
791855925 147203332 311201517 83942342 271114956
643732408 1 1 5
147203332 147203332 271114956 791855925 311201517
87953524 0 1 4
424435404 791855925 424435404 311201517
254421115 0 1 1
311201517
253183801 1 1 3
424435404 791855925 424435404
567673481 0 0 2
791855925 311201517
708534621 0 1 3
271114956 424435404 147203332
278488842 0 0 4
147203332 147203332 271114956 147203332
64621717 1 1 4
791855925 311201517 424435404 83942342
632975552 1 1 3
147203332 147203332 791855925
105905572 1 1 3
83942342 147203332 311201517
81830988 0 1 2
83942342 791855925
980092356 1 1 5
311201517 424435404 424435404 271114956 311201517
612013147 1 1 1
424435404
548815528 1 1 3
83942342 424435404 424435404
718612884 0 0 2
271114956 147203332
734113036 0 1 5
147203332 424435404 83942342 147203332 147203332
620363006 0 1 4
147203332 791855925 311201517 83942342
563265622 1 1 2
147203332 791855925
262295717 1 1 1
271114956
890217278 0 1 3
147203332 147203332 147203332
643594123 1 1 5
271114956 791855925 311201517 271114956 271114956
216450887 0 1 4
311201517 83942342 83942342 147203332
345633318 0 1 3
424435404 83942342 311201517
497345602 1 1 1
791855925
96211980 0 1 2
424435404 424435404
864691505 1 1 5
424435404 311201517 271114956 791855925 424435404
643348470 1 0 2
791855925 83942342
713923300 0 1 1
83942342
95150586 1 0 2
83942342 83942342
33795 0 1 4
271114956 311201517 147203332 791855925
90740308 0 1 3
311201517 271114956 83942342
598710878 0 0 3
147203332 147203332 83942342
47681840 0 1 2
424435404 147203332
45666220 1 1 2
271114956 424435404
365690979 1 1 5
271114956 271114956 83942342 791855925 424435404
77084006 1 1 3
83942342 311201517 311201517
906544490 1 1 4
791855925 311201517 311201517 424435404
861939738 1 1 2
271114956 311201517
17553881 0 1 4
424435404 791855925 271114956 311201517
13481956 1 1 1
791855925
906544490 1 0 4
791855925 311201517 311201517 424435404
115123538 0 1 4
791855925 424435404 424435404 311201517
726088501 0 1 4
791855925 147203332 147203332 83942342
779066311 1 0 2
83942342 791855925
78103673 0 1 5
424435404 83942342 791855925 271114956 791855925
878080381 0 0 4
791855925 791855925 311201517 271114956
479270262 1 0 3
271114956 791855925 271114956
246957445 1 0 3
791855925 147203332 311201517
600615441 0 1 1
424435404
319879869 1 0 1
311201517
697151309 1 0 1
311201517
906276498 1 0 2
311201517 424435404
496853736 1 0 1
147203332
694444489 1 0 4
424435404 791855925 311201517 147203332
611778484 0 0 3
311201517 271114956 424435404
684510424 0 1 3
83942342 83942342 271114956
52303236 1 0 4
424435404 147203332 83942342 791855925
12451012 0 1 2
83942342 311201517
433224149 0 1 4
791855925 311201517 147203332 791855925
548680087 1 0 5
311201517 424435404 271114956 791855925 83942342
52345410 1 0 2
424435404 147203332
149039923 0 1 3
147203332 311201517 147203332
460942092 1 0 3
147203332 271114956 271114956
413782891 0 1 5
83942342 83942342 791855925 791855925 424435404
969677646 1 0 3
311201517 311201517 147203332
54601948 1 0 1
424435404
798844660 1 0 2
424435404 147203332
19853536 0 1 1
147203332
822775223 1 0 3
424435404 271114956 147203332
769402928 0 1 5
83942342 791855925 271114956 147203332 271114956
555685350 1 0 2
791855925 147203332
977048512 0 1 5
424435404 147203332 83942342 271114956 83942342
430489141 1 0 3
424435404 83942342 311201517
282149253 0 1 3
271114956 311201517 83942342
512136557 0 1 2
147203332 147203332
65878408 1 0 4
791855925 147203332 791855925 271114956
473158986 0 1 5
424435404 271114956 791855925 424435404 147203332
498600139 0 1 4
147203332 147203332 311201517 791855925
215342572 1 0 2
791855925 424435404
857769874 0 1 2
791855925 271114956
954155171 1 0 2
83942342 271114956
9230289 0 0 5
271114956 83942342 147203332 424435404 311201517
6152305 0 0 5
424435404 147203332 83942342 424435404 83942342
13481956 1 0 1
791855925
33795 0 0 4
271114956 311201517 147203332 791855925
393542844 1 0 3
424435404 424435404 424435404
125755271 0 0 1
791855925
66181451 1 0 1
311201517
579755985 1 0 4
311201517 147203332 271114956 424435404
734113036 0 0 5
147203332 424435404 83942342 147203332 147203332
570469663 1 0 4
271114956 271114956 311201517 424435404
269854273 1 0 5
83942342 791855925 311201517 83942342 83942342
83531002 1 0 3
311201517 83942342 147203332
34118198 0 0 1
424435404
669346832 0 0 4
147203332 83942342 83942342 311201517
332470111 1 0 5
271114956 83942342 83942342 83942342 311201517
968579669 0 0 1
791855925
752659943 1 0 2
147203332 424435404
84875513 1 0 2
271114956 83942342
448172472 0 0 1
424435404
417924060 1 0 3
147203332 424435404 147203332
354492317 1 0 2
311201517 424435404
649725932 0 0 5
791855925 147203332 311201517 271114956 424435404
416657760 0 0 5
311201517 424435404 791855925 311201517 791855925
450056041 0 0 2
147203332 791855925
392657583 1 0 4
271114956 311201517 83942342 424435404
1235128 1 0 1
271114956
409206123 1 0 5
311201517 271114956 791855925 271114956 83942342
288032917 1 0 1
147203332
780195656 1 0 1
147203332
777479474 0 0 5
791855925 424435404 311201517 791855925 271114956
706017741 1 0 1
147203332
47559441 1 0 3
147203332 147203332 83942342
29402167 0 0 2
83942342 311201517
444339292 0 0 1
791855925
137068715 0 0 4
791855925 791855925 271114956 424435404
620016487 1 0 3
424435404 424435404 791855925
643594123 1 0 5
271114956 791855925 311201517 271114956 271114956
77084006 1 0 3
83942342 311201517 311201517
11599775 1 0 3
791855925 147203332 147203332
368135546 1 0 1
311201517
706990617 1 0 3
147203332 147203332 424435404
967325054 0 0 2
147203332 791855925
99870025 0 0 4
424435404 271114956 424435404 424435404
206035005 0 0 3
147203332 791855925 311201517
249384337 1 0 2
271114956 147203332
666541836 0 0 2
424435404 424435404
76125150 1 0 3
271114956 147203332 424435404
388153306 1 0 2
311201517 424435404
385272116 1 0 5
147203332 147203332 424435404 83942342 311201517
811814347 0 0 5
147203332 424435404 311201517 791855925 424435404
161933743 1 0 3
311201517 424435404 424435404
264670306 0 0 3
271114956 791855925 791855925
157588208 0 0 1
147203332
726088501 0 0 4
791855925 147203332 147203332 83942342
860878271 0 0 2
147203332 83942342
274950672 1 0 4
791855925 791855925 83942342 83942342
679598689 1 0 3
424435404 271114956 271114956
445512335 1 0 3
311201517 791855925 271114956
751208041 1 0 2
311201517 147203332
673435237 0 0 5
791855925 311201517 147203332 83942342 791855925
425425911 1 0 3
424435404 791855925 311201517
157448395 1 0 3
424435404 147203332 424435404
202823030 0 0 1
791855925
582656908 1 0 2
147203332 311201517
684510424 0 0 3
83942342 83942342 271114956
401298023 0 0 1
271114956
272002263 0 0 5
791855925 271114956 147203332 271114956 791855925
421631023 1 0 2
271114956 271114956
96211980 0 0 2
424435404 424435404
981414515 0 0 3
311201517 311201517 147203332
810200603 1 0 5
83942342 311201517 311201517 147203332 83942342
368781737 1 0 1
271114956
81830988 0 0 2
83942342 791855925
643732408 1 0 5
147203332 147203332 271114956 791855925 311201517
200642905 0 0 2
311201517 311201517
156370422 1 0 2
271114956 424435404
977048512 0 0 5
424435404 147203332 83942342 271114956 83942342
407007230 1 0 3
147203332 424435404 424435404
223040397 1 0 5
311201517 147203332 424435404 271114956 311201517
781042988 0 0 5
147203332 791855925 791855925 311201517 271114956
2511868 0 0 4
271114956 271114956 791855925 271114956
966052875 0 0 3
271114956 83942342 271114956
748668927 0 0 4
424435404 311201517 83942342 424435404
398191284 0 0 4
424435404 147203332 424435404 791855925
522356852 0 0 3
791855925 311201517 147203332
483652088 0 0 1
271114956
66463613 0 0 2
83942342 271114956
19853536 0 0 1
147203332
385870390 1 0 3
147203332 791855925 83942342
708534621 0 0 3
271114956 424435404 147203332
253349928 1 0 5
83942342 83942342 791855925 271114956 271114956
484802334 1 0 2
311201517 791855925
125144355 0 0 1
83942342
200691203 1 0 4
271114956 311201517 147203332 791855925
376918934 0 0 2
83942342 424435404
287977107 1 0 5
311201517 791855925 83942342 83942342 424435404
529670702 0 0 3
147203332 83942342 791855925
220385281 1 0 2
83942342 271114956
667313995 0 0 3
311201517 424435404 83942342
563265622 1 0 2
147203332 791855925
47681840 0 0 2
424435404 147203332
289355293 0 0 3
424435404 147203332 791855925
22348517 0 0 2
791855925 311201517
155833507 1 0 5
424435404 271114956 271114956 311201517 424435404
708744267 1 0 2
791855925 791855925
815245847 0 0 3
311201517 791855925 271114956
520114040 1 0 3
83942342 147203332 147203332
495993950 0 0 5
271114956 271114956 147203332 424435404 271114956
473158986 0 0 5
424435404 271114956 791855925 424435404 147203332
95282953 0 0 3
791855925 311201517 271114956
489394900 1 0 4
83942342 791855925 271114956 83942342
164692920 0 0 5
271114956 791855925 311201517 424435404 147203332
68390275 1 0 4
271114956 311201517 147203332 147203332
696975327 0 0 2
311201517 791855925
828380641 0 0 4
83942342 147203332 424435404 271114956
313913617 0 0 3
311201517 271114956 424435404
754910395 0 0 4
311201517 791855925 83942342 311201517
226048804 0 0 1
83942342
887132681 1 0 2
424435404 791855925
77419510 0 0 4
311201517 311201517 791855925 311201517
412148138 0 0 1
83942342
45632425 1 0 5
83942342 271114956 311201517 271114956 311201517
87953524 0 0 4
424435404 791855925 424435404 311201517
504326841 0 0 4
271114956 83942342 791855925 147203332
397370952 0 0 4
424435404 311201517 83942342 271114956
187631757 1 0 3
791855925 311201517 791855925
297374631 0 0 2
83942342 83942342
694949203 0 0 3
83942342 791855925 271114956
265233536 0 0 3
147203332 83942342 311201517
804333301 1 0 2
147203332 311201517
414875115 1 0 1
424435404
768064746 0 0 4
271114956 147203332 83942342 791855925
921645650 0 0 5
311201517 83942342 424435404 271114956 791855925
504356708 0 0 3
271114956 791855925 424435404
600615441 0 0 1
424435404
347116805 0 0 4
311201517 271114956 271114956 311201517
12451012 0 0 2
83942342 311201517
610502147 1 0 5
83942342 791855925 271114956 147203332 791855925
447789377 1 0 1
424435404
40288109 1 0 3
424435404 791855925 147203332
896045036 0 0 2
83942342 271114956
756935042 1 0 4
271114956 83942342 83942342 271114956
411100496 0 0 5
147203332 424435404 424435404 147203332 424435404
149039923 0 0 3
147203332 311201517 147203332
733235813 0 0 5
147203332 271114956 147203332 147203332 791855925
25090606 0 0 3
791855925 147203332 147203332
586762729 0 0 1
271114956
258228365 1 0 3
791855925 424435404 424435404
262295717 1 0 1
271114956
105905572 1 0 3
83942342 147203332 311201517
360700336 1 0 5
83942342 83942342 791855925 791855925 791855925
503540573 1 0 3
791855925 147203332 83942342
610445542 0 0 4
311201517 424435404 791855925 147203332
80778342 0 0 4
83942342 271114956 147203332 83942342
311535473 1 0 5
147203332 424435404 311201517 424435404 147203332
721358412 1 0 1
83942342
367258126 1 0 2
83942342 83942342
749956740 0 0 5
271114956 791855925 271114956 147203332 791855925
316322318 1 0 4
147203332 311201517 83942342 424435404
173510445 0 0 3
271114956 791855925 791855925
540970758 0 0 3
311201517 791855925 424435404
954064907 1 0 3
311201517 147203332 791855925
305375612 1 0 2
311201517 424435404
433224149 0 0 4
791855925 311201517 147203332 791855925
117388767 0 0 5
271114956 791855925 311201517 791855925 147203332
80328502 1 0 3
147203332 424435404 147203332
71342567 1 0 5
271114956 83942342 271114956 83942342 147203332
166327774 0 0 5
311201517 791855925 311201517 791855925 424435404
278363963 0 0 1
271114956
548159980 1 0 5
271114956 791855925 83942342 83942342 791855925
34821228 0 0 4
83942342 147203332 311201517 424435404
768052789 0 0 4
83942342 271114956 147203332 791855925
238041046 0 0 3
424435404 791855925 83942342
612013147 1 0 1
424435404
219910743 1 0 5
271114956 271114956 424435404 83942342 311201517
116479203 0 0 4
311201517 271114956 791855925 791855925
531649047 0 0 3
424435404 147203332 83942342
631904270 1 0 3
311201517 424435404 311201517
466984540 1 0 3
83942342 311201517 424435404
382291532 0 0 1
424435404
725780646 1 0 1
83942342
504916075 1 0 3
791855925 147203332 147203332
338231934 0 0 5
791855925 424435404 83942342 271114956 424435404
40814276 0 0 1
271114956
871061969 0 0 4
424435404 424435404 311201517 311201517
974509522 0 0 1
311201517
567444807 1 0 3
424435404 424435404 147203332
345633318 0 0 3
424435404 83942342 311201517
683177277 1 0 1
147203332
859546729 0 0 5
424435404 83942342 147203332 791855925 83942342
437757539 0 0 3
791855925 791855925 83942342
916886069 1 0 1
424435404
474108296 1 0 3
791855925 424435404 424435404
49501048 0 0 1
83942342
846046431 0 0 5
311201517 83942342 311201517 271114956 83942342
554387524 1 0 1
791855925
209042537 1 0 4
311201517 791855925 311201517 311201517
90740308 0 0 3
311201517 271114956 83942342
939498653 0 0 4
424435404 271114956 791855925 424435404
458089047 0 0 3
791855925 791855925 311201517
597032508 1 0 5
791855925 424435404 147203332 424435404 311201517
137790973 0 0 5
83942342 147203332 791855925 83942342 311201517
324054380 1 0 4
147203332 147203332 83942342 791855925
27244742 0 0 4
271114956 147203332 271114956 791855925
180445956 1 0 5
147203332 424435404 271114956 83942342 83942342
212359946 1 0 3
147203332 147203332 311201517
96493472 1 0 1
311201517
241422965 0 0 1
83942342
136011843 1 0 5
147203332 311201517 147203332 83942342 271114956
497345602 1 0 1
791855925
114020767 0 0 4
147203332 791855925 791855925 311201517
136368787 1 0 2
311201517 424435404
198627495 1 0 4
83942342 424435404 271114956 791855925
370929205 0 0 2
147203332 147203332
615475603 1 0 4
147203332 424435404 271114956 424435404
219024650 0 0 5
83942342 147203332 791855925 791855925 311201517
933499001 1 0 5
147203332 424435404 311201517 147203332 424435404
291924079 0 0 2
424435404 311201517
927067086 0 0 4
147203332 83942342 147203332 83942342
75107680 0 0 4
271114956 791855925 147203332 83942342
523628629 1 0 4
424435404 271114956 424435404 83942342
51305464 1 0 3
791855925 147203332 271114956
354440719 1 0 2
83942342 424435404
282149253 0 0 3
271114956 311201517 83942342
24060723 0 0 5
147203332 147203332 271114956 791855925 147203332
713923300 0 0 1
83942342
85318206 0 0 3
424435404 424435404 83942342
46112118 1 0 3
83942342 147203332 271114956
779886427 0 0 5
424435404 791855925 791855925 271114956 424435404
57974599 1 0 1
311201517
734546119 1 0 3
791855925 271114956 424435404
216577699 0 0 4
271114956 791855925 83942342 147203332
423952104 1 0 3
791855925 791855925 83942342
70789177 1 0 2
83942342 311201517
908939032 1 0 5
147203332 424435404 424435404 424435404 147203332
216450887 0 0 4
311201517 83942342 83942342 147203332
519028806 1 0 3
271114956 424435404 271114956
365690979 1 0 5
271114956 271114956 83942342 791855925 424435404
857769874 0 0 2
791855925 271114956
91299413 1 0 2
424435404 147203332
799634625 1 0 4
271114956 791855925 791855925 424435404
108736625 0 0 4
424435404 311201517 147203332 83942342
770705267 1 0 1
147203332
196805566 0 0 2
311201517 791855925
26033342 0 0 2
791855925 791855925
413088812 0 0 5
83942342 791855925 791855925 311201517 271114956
337669920 0 0 2
271114956 791855925
387055470 1 0 3
147203332 791855925 147203332
400295665 1 0 3
424435404 311201517 83942342
214760114 0 0 5
83942342 147203332 791855925 147203332 271114956
769402928 0 0 5
83942342 791855925 271114956 147203332 271114956
620363006 0 0 4
147203332 791855925 311201517 83942342
962445259 0 0 3
147203332 147203332 791855925
506107576 0 0 4
271114956 424435404 83942342 271114956
88727781 0 0 1
147203332
216742958 0 0 3
424435404 147203332 424435404
254421115 0 0 1
311201517
683915881 0 0 2
424435404 147203332
498392014 0 0 1
424435404
353400379 1 0 2
147203332 271114956
562029741 0 0 3
791855925 147203332 271114956
314262385 0 0 1
311201517
602899688 0 0 5
311201517 791855925 424435404 271114956 424435404
70722457 1 0 1
791855925
644143709 0 0 2
791855925 147203332
253183801 1 0 3
424435404 791855925 424435404
679872774 1 0 2
311201517 424435404
284952251 1 0 4
83942342 424435404 147203332 424435404
805358674 0 0 2
271114956 271114956
44022650 1 0 2
271114956 83942342
17553881 0 0 4
424435404 791855925 271114956 311201517
413782891 0 0 5
83942342 83942342 791855925 791855925 424435404
286751085 1 0 3
147203332 311201517 311201517
75797516 1 0 3
271114956 311201517 147203332
951140950 0 0 2
311201517 147203332
310677962 1 0 5
271114956 83942342 83942342 271114956 147203332
63642148 0 0 2
271114956 424435404
527275400 1 0 2
83942342 791855925
512136557 0 0 2
147203332 147203332
481242188 1 0 4
147203332 147203332 83942342 271114956
831424286 1 0 2
791855925 791855925
454620854 0 0 1
83942342
890217278 0 0 3
147203332 147203332 147203332
572929357 1 0 1
271114956
904325918 1 0 5
311201517 271114956 424435404 424435404 83942342
835180619 0 0 4
311201517 147203332 791855925 791855925
197332220 1 0 3
311201517 271114956 791855925
97587774 1 0 5
147203332 791855925 311201517 83942342 271114956
685045071 0 0 5
83942342 791855925 311201517 311201517 271114956
888905677 0 0 4
424435404 271114956 83942342 311201517
917824007 1 0 3
83942342 311201517 147203332
466673391 1 0 2
271114956 424435404
942084379 0 0 5
83942342 424435404 271114956 271114956 424435404
346893424 1 0 1
147203332
493371696 0 0 2
791855925 83942342
675666330 1 0 4
147203332 147203332 83942342 791855925
25760821 1 0 4
311201517 424435404 311201517 83942342
424758877 1 0 4
271114956 311201517 147203332 424435404
901821822 0 0 5
311201517 83942342 791855925 147203332 83942342
45666220 1 0 2
271114956 424435404
182744954 1 0 2
147203332 311201517
864691505 1 0 5
424435404 311201517 271114956 791855925 424435404
385729593 0 0 3
791855925 424435404 271114956
215757085 1 0 2
424435404 83942342
17731077 1 0 1
791855925
78103673 0 0 5
424435404 83942342 791855925 271114956 791855925
294435946 1 0 2
311201517 147203332
64621717 1 0 4
791855925 311201517 424435404 83942342
601983655 0 0 2
311201517 311201517
838360762 0 0 2
791855925 424435404
754729815 0 0 2
83942342 424435404
314450354 1 0 4
147203332 791855925 271114956 791855925
131922188 1 0 3
147203332 83942342 83942342
878267392 1 0 1
271114956
171586800 0 0 1
83942342
336283853 0 0 2
147203332 311201517
267555953 0 0 3
271114956 83942342 271114956
284910671 1 0 3
271114956 424435404 147203332
980092356 1 0 5
311201517 424435404 424435404 271114956 311201517
843745274 1 0 3
147203332 424435404 147203332
151198744 1 0 1
311201517
727140996 0 0 5
83942342 147203332 311201517 424435404 424435404
125236151 1 0 5
147203332 147203332 311201517 83942342 83942342
724319831 0 0 4
791855925 147203332 791855925 147203332
932555464 0 0 5
791855925 424435404 791855925 311201517 311201517
824461840 1 0 5
83942342 424435404 424435404 83942342 791855925
498600139 0 0 4
147203332 147203332 311201517 791855925
501200980 0 0 1
271114956
115123538 0 0 4
791855925 424435404 424435404 311201517
660341417 1 0 5
424435404 791855925 271114956 147203332 83942342
48901868 1 0 3
424435404 424435404 791855925
86689925 1 0 2
147203332 271114956
864991092 1 0 2
311201517 311201517
632975552 1 0 3
147203332 147203332 791855925
901504329 1 0 3
424435404 311201517 147203332
861102766 1 0 4
147203332 271114956 424435404 791855925
909718063 1 0 3
424435404 83942342 271114956
989697671 1 0 4
271114956 147203332 424435404 147203332
861939738 1 0 2
271114956 311201517
91855880 1 0 2
311201517 424435404
737982090 1 0 3
791855925 311201517 424435404
708667019 1 0 5
147203332 147203332 147203332 424435404 791855925
776789855 1 0 1
271114956
73089572 1 0 5
424435404 424435404 147203332 424435404 271114956
902369621 1 0 5
791855925 271114956 147203332 147203332 311201517
912751737 1 0 3
424435404 424435404 791855925
548815528 1 0 3
83942342 424435404 424435404
303018260 1 0 2
83942342 311201517
950971152 1 0 2
83942342 271114956
116198886 1 0 3
791855925 83942342 311201517
977968618 1 0 5
424435404 271114956 311201517 424435404 311201517
414935052 1 0 4
424435404 271114956 311201517 271114956
287409884 1 0 4
147203332 311201517 791855925 83942342
64858058 1 0 1
147203332
8456648 1 0 4
83942342 147203332 311201517 147203332
402720744 1 0 5
424435404 424435404 791855925 791855925 791855925
449775269 1 0 3
424435404 83942342 791855925
184320305 1 0 4
271114956 147203332 424435404 271114956
520059857 1 0 1
271114956
289820578 1 0 5
271114956 147203332 311201517 147203332 311201517
