508
712754192 0 1 5
7414389 580819045 970861624 318499528 580819045
389933006 1 1 8
7414389 7414389 7414389 145116321 145116321 145116321 925201432 925201432
389933006 1 0 8
7414389 7414389 7414389 145116321 145116321 145116321 925201432 925201432
712754192 0 0 5
7414389 580819045 970861624 318499528 580819045
237923303 0 1 4
580819045 318499528 970861624 925201432
493576822 1 1 4
970861624 970861624 145116321 7414389
277629361 1 1 4
318499528 145116321 7414389 145116321
277629361 1 0 4
318499528 145116321 7414389 145116321
269974665 0 1 5
970861624 145116321 580819045 145116321 7414389
454210261 0 1 6
970861624 580819045 145116321 318499528 7414389 925201432
62005611 1 1 3
580819045 145116321 7414389
67888929 1 1 10
580819045 318499528 970861624 318499528 145116321 145116321 925201432 145116321 145116321 580819045
256488275 1 1 7
970861624 925201432 925201432 145116321 925201432 7414389 925201432
685847152 1 1 9
580819045 925201432 7414389 318499528 145116321 925201432 925201432 580819045 7414389
936262591 0 1 10
318499528 318499528 318499528 925201432 7414389 145116321 580819045 7414389 970861624 580819045
936262591 0 0 10
318499528 318499528 318499528 925201432 7414389 145116321 580819045 7414389 970861624 580819045
348396284 1 1 7
145116321 580819045 7414389 925201432 925201432 145116321 925201432
493576822 1 0 4
970861624 970861624 145116321 7414389
701656781 0 1 3
580819045 580819045 925201432
895643782 0 1 10
970861624 7414389 7414389 925201432 580819045 580819045 580819045 318499528 145116321 7414389
866007783 1 1 7
7414389 145116321 580819045 318499528 580819045 7414389 970861624
754963538 0 1 7
145116321 580819045 580819045 318499528 145116321 970861624 925201432
454073537 1 1 6
318499528 580819045 145116321 145116321 7414389 580819045
463282207 0 1 5
145116321 145116321 318499528 580819045 145116321
58375684 0 1 9
318499528 970861624 580819045 925201432 145116321 970861624 318499528 580819045 145116321
648683269 1 1 5
925201432 145116321 925201432 925201432 7414389
895643782 0 0 10
970861624 7414389 7414389 925201432 580819045 580819045 580819045 318499528 145116321 7414389
495612586 0 1 5
318499528 7414389 925201432 970861624 970861624
495612586 0 0 5
318499528 7414389 925201432 970861624 970861624
485793937 1 1 7
7414389 580819045 970861624 318499528 970861624 7414389 7414389
685847152 1 0 9
580819045 925201432 7414389 318499528 145116321 925201432 925201432 580819045 7414389
67888929 1 0 10
580819045 318499528 970861624 318499528 145116321 145116321 925201432 145116321 145116321 580819045
594050123 1 1 1
580819045
23237563 0 1 7
318499528 318499528 925201432 925201432 925201432 925201432 580819045
309171912 0 1 7
7414389 925201432 318499528 970861624 7414389 318499528 925201432
27385520 1 1 8
925201432 318499528 580819045 145116321 318499528 318499528 970861624 970861624
30651952 0 1 3
925201432 970861624 7414389
485793937 1 0 7
7414389 580819045 970861624 318499528 970861624 7414389 7414389
86889696 0 1 3
970861624 7414389 580819045
172501840 1 1 2
580819045 7414389
201667831 0 1 8
580819045 318499528 318499528 925201432 7414389 7414389 145116321 7414389
799643887 0 1 4
145116321 318499528 580819045 318499528
754963538 0 0 7
145116321 580819045 580819045 318499528 145116321 970861624 925201432
562434845 0 1 1
580819045
439591133 1 1 9
580819045 970861624 145116321 318499528 145116321 580819045 580819045 580819045 145116321
23237563 0 0 7
318499528 318499528 925201432 925201432 925201432 925201432 580819045
269974665 0 0 5
970861624 145116321 580819045 145116321 7414389
293220708 1 1 8
970861624 925201432 7414389 925201432 970861624 970861624 580819045 970861624
692580557 0 1 1
580819045
30651952 0 0 3
925201432 970861624 7414389
709565798 0 1 7
7414389 318499528 925201432 970861624 7414389 970861624 318499528
599947320 0 1 4
7414389 970861624 7414389 7414389
754586167 1 1 8
580819045 925201432 318499528 7414389 318499528 580819045 970861624 145116321
777454726 0 1 1
970861624
856435595 1 1 3
925201432 580819045 580819045
292949671 1 1 3
580819045 925201432 925201432
566233668 1 1 9
145116321 7414389 580819045 580819045 145116321 7414389 145116321 145116321 318499528
709565798 0 0 7
7414389 318499528 925201432 970861624 7414389 970861624 318499528
57348230 0 1 5
7414389 145116321 145116321 580819045 318499528
777454726 0 0 1
970861624
847122803 1 1 1
7414389
314393801 0 1 2
145116321 925201432
314393801 0 0 2
145116321 925201432
923356013 0 1 10
970861624 970861624 318499528 7414389 580819045 580819045 925201432 580819045 145116321 580819045
201667831 0 0 8
580819045 318499528 318499528 925201432 7414389 7414389 145116321 7414389
602086340 0 1 2
580819045 580819045
754586167 1 0 8
580819045 925201432 318499528 7414389 318499528 580819045 970861624 145116321
768467337 1 1 4
7414389 925201432 7414389 318499528
386638219 1 1 10
925201432 580819045 145116321 318499528 925201432 970861624 970861624 7414389 7414389 970861624
660462024 0 1 6
970861624 7414389 970861624 970861624 925201432 7414389
417150606 0 1 10
318499528 970861624 318499528 580819045 925201432 925201432 145116321 145116321 7414389 7414389
734767156 0 1 8
318499528 970861624 970861624 318499528 970861624 970861624 145116321 318499528
998772312 1 1 10
925201432 7414389 580819045 318499528 7414389 145116321 7414389 970861624 145116321 970861624
768467337 1 0 4
7414389 925201432 7414389 318499528
998772312 1 0 10
925201432 7414389 580819045 318499528 7414389 145116321 7414389 970861624 145116321 970861624
863717080 1 1 10
580819045 318499528 7414389 318499528 145116321 970861624 318499528 970861624 970861624 7414389
439591133 1 0 9
580819045 970861624 145116321 318499528 145116321 580819045 580819045 580819045 145116321
758004718 1 1 10
145116321 7414389 318499528 7414389 580819045 925201432 580819045 145116321 145116321 970861624
307944224 0 1 3
7414389 925201432 925201432
566233668 1 0 9
145116321 7414389 580819045 580819045 145116321 7414389 145116321 145116321 318499528
454210261 0 0 6
970861624 580819045 145116321 318499528 7414389 925201432
891102599 0 1 10
318499528 318499528 970861624 580819045 925201432 925201432 925201432 970861624 580819045 318499528
641173021 1 1 7
925201432 580819045 145116321 145116321 970861624 970861624 145116321
394833919 1 1 5
145116321 318499528 970861624 7414389 145116321
63604439 0 1 4
970861624 970861624 7414389 580819045
842840851 0 1 7
145116321 145116321 580819045 580819045 318499528 925201432 145116321
46994157 0 1 9
145116321 970861624 318499528 7414389 925201432 925201432 145116321 580819045 925201432
478555635 0 1 4
7414389 580819045 318499528 7414389
594050123 1 0 1
580819045
134948336 0 1 3
580819045 318499528 580819045
237923303 0 0 4
580819045 318499528 970861624 925201432
340214865 0 1 9
145116321 145116321 925201432 145116321 318499528 145116321 925201432 145116321 580819045
23652544 1 1 2
580819045 580819045
697030485 0 1 3
318499528 7414389 145116321
940162184 1 1 6
318499528 145116321 318499528 318499528 970861624 925201432
778238710 1 1 9
318499528 970861624 7414389 925201432 318499528 925201432 580819045 970861624 318499528
327001562 1 1 1
970861624
649114130 0 1 1
318499528
923704732 1 1 7
145116321 145116321 318499528 970861624 145116321 318499528 580819045
893235229 1 1 5
318499528 970861624 970861624 7414389 580819045
706462360 1 1 9
7414389 7414389 145116321 318499528 580819045 145116321 925201432 580819045 318499528
770827535 0 1 5
580819045 970861624 7414389 970861624 580819045
891102599 0 0 10
318499528 318499528 970861624 580819045 925201432 925201432 925201432 970861624 580819045 318499528
60145381 0 1 9
580819045 7414389 145116321 925201432 925201432 7414389 580819045 318499528 7414389
482334724 1 1 10
7414389 970861624 925201432 145116321 925201432 925201432 145116321 580819045 145116321 318499528
225430226 1 1 9
145116321 970861624 145116321 970861624 145116321 7414389 580819045 970861624 970861624
940162184 1 0 6
318499528 145116321 318499528 318499528 970861624 925201432
660462024 0 0 6
970861624 7414389 970861624 970861624 925201432 7414389
293220708 1 0 8
970861624 925201432 7414389 925201432 970861624 970861624 580819045 970861624
60145381 0 0 9
580819045 7414389 145116321 925201432 925201432 7414389 580819045 318499528 7414389
828612718 0 1 9
145116321 145116321 925201432 580819045 145116321 145116321 318499528 7414389 145116321
868972942 1 1 8
318499528 925201432 580819045 145116321 970861624 925201432 7414389 145116321
692580557 0 0 1
580819045
63604439 0 0 4
970861624 970861624 7414389 580819045
738408601 1 1 9
145116321 145116321 145116321 925201432 318499528 970861624 318499528 925201432 318499528
758004718 1 0 10
145116321 7414389 318499528 7414389 580819045 925201432 580819045 145116321 145116321 970861624
98279675 1 1 9
7414389 145116321 970861624 580819045 580819045 925201432 318499528 925201432 970861624
456256449 1 1 6
318499528 318499528 580819045 318499528 580819045 318499528
649114130 0 0 1
318499528
737180913 0 1 1
580819045
562434845 0 0 1
580819045
866007783 1 0 7
7414389 145116321 580819045 318499528 580819045 7414389 970861624
340214865 0 0 9
145116321 145116321 925201432 145116321 318499528 145116321 925201432 145116321 580819045
961996754 1 1 3
7414389 318499528 145116321
214261166 0 1 6
318499528 970861624 145116321 318499528 580819045 145116321
778238710 1 0 9
318499528 970861624 7414389 925201432 318499528 925201432 580819045 970861624 318499528
893235229 1 0 5
318499528 970861624 970861624 7414389 580819045
897641488 0 1 9
925201432 580819045 318499528 970861624 925201432 580819045 580819045 7414389 925201432
853099353 0 1 7
7414389 925201432 925201432 7414389 7414389 580819045 970861624
855434187 1 1 7
970861624 145116321 318499528 925201432 7414389 925201432 970861624
144991758 0 1 2
925201432 970861624
769220143 1 1 7
7414389 580819045 925201432 7414389 145116321 318499528 318499528
550791389 1 1 2
145116321 580819045
191985914 1 1 6
970861624 7414389 970861624 925201432 925201432 7414389
100292129 0 1 9
318499528 145116321 318499528 970861624 925201432 145116321 970861624 970861624 970861624
538256076 1 1 9
7414389 318499528 145116321 970861624 7414389 970861624 580819045 970861624 580819045
532200778 0 1 8
970861624 318499528 580819045 970861624 145116321 7414389 7414389 925201432
123944672 1 1 10
7414389 145116321 925201432 7414389 7414389 970861624 580819045 318499528 970861624 970861624
235286560 1 1 10
925201432 318499528 318499528 145116321 970861624 925201432 970861624 145116321 7414389 318499528
324879314 1 1 8
318499528 7414389 145116321 318499528 925201432 580819045 145116321 318499528
754699734 1 1 2
7414389 318499528
562288121 0 1 3
970861624 7414389 925201432
826509795 0 1 3
145116321 7414389 145116321
678404465 0 1 10
318499528 580819045 970861624 318499528 925201432 318499528 145116321 970861624 145116321 7414389
550791389 1 0 2
145116321 580819045
308039701 1 1 5
925201432 580819045 318499528 925201432 580819045
385488506 0 1 1
970861624
301748351 1 1 5
145116321 145116321 318499528 925201432 318499528
562288121 0 0 3
970861624 7414389 925201432
368185082 1 1 2
318499528 580819045
867823229 0 1 7
925201432 970861624 318499528 970861624 318499528 145116321 7414389
734767156 0 0 8
318499528 970861624 970861624 318499528 970861624 970861624 145116321 318499528
379694929 0 1 10
7414389 318499528 925201432 318499528 925201432 145116321 145116321 580819045 580819045 318499528
49314151 0 1 3
318499528 318499528 7414389
589312522 1 1 7
970861624 925201432 145116321 318499528 318499528 145116321 970861624
118103529 1 1 7
145116321 925201432 318499528 145116321 970861624 145116321 580819045
147593825 0 1 3
925201432 318499528 7414389
45568970 1 1 6
318499528 145116321 970861624 925201432 7414389 145116321
707800793 0 1 5
925201432 318499528 7414389 145116321 925201432
828612718 0 0 9
145116321 145116321 925201432 580819045 145116321 145116321 318499528 7414389 145116321
109590578 1 1 3
580819045 145116321 970861624
112346488 0 1 7
318499528 145116321 925201432 925201432 925201432 970861624 580819045
605442280 1 1 4
970861624 318499528 580819045 145116321
815206282 0 1 5
925201432 580819045 7414389 145116321 580819045
967780674 0 1 4
318499528 925201432 145116321 318499528
750434037 1 1 8
925201432 580819045 7414389 145116321 7414389 580819045 318499528 925201432
436942776 0 1 6
925201432 580819045 580819045 7414389 925201432 7414389
172501840 1 0 2
580819045 7414389
855434187 1 0 7
970861624 145116321 318499528 925201432 7414389 925201432 970861624
371088414 0 1 5
145116321 925201432 318499528 145116321 7414389
942419951 0 1 7
145116321 970861624 580819045 7414389 580819045 925201432 318499528
537234905 0 1 2
970861624 970861624
909344490 0 1 3
7414389 925201432 925201432
327137080 0 1 8
145116321 580819045 970861624 580819045 145116321 7414389 580819045 318499528
537234905 0 0 2
970861624 970861624
513695928 0 1 10
145116321 318499528 318499528 145116321 925201432 145116321 145116321 145116321 145116321 580819045
997147401 0 1 7
580819045 580819045 970861624 7414389 925201432 318499528 7414389
436942776 0 0 6
925201432 580819045 580819045 7414389 925201432 7414389
23652544 1 0 2
580819045 580819045
504532745 0 1 1
7414389
268395661 0 1 10
580819045 970861624 925201432 925201432 318499528 318499528 580819045 145116321 580819045 970861624
411951874 0 1 7
145116321 145116321 925201432 145116321 318499528 970861624 970861624
331042540 0 1 10
580819045 145116321 580819045 580819045 145116321 925201432 925201432 145116321 145116321 145116321
292949671 1 0 3
580819045 925201432 925201432
799316478 0 1 2
318499528 318499528
719991574 1 1 4
925201432 580819045 925201432 318499528
599947320 0 0 4
7414389 970861624 7414389 7414389
716531045 0 1 9
970861624 145116321 7414389 318499528 580819045 318499528 925201432 318499528 7414389
101064828 1 1 10
7414389 970861624 970861624 318499528 925201432 145116321 145116321 7414389 925201432 580819045
98279675 1 0 9
7414389 145116321 970861624 580819045 580819045 925201432 318499528 925201432 970861624
940693007 0 1 9
7414389 145116321 318499528 7414389 970861624 580819045 970861624 580819045 970861624
436870626 1 1 3
7414389 7414389 7414389
333276108 0 1 5
580819045 318499528 7414389 925201432 318499528
478555635 0 0 4
7414389 580819045 318499528 7414389
990007157 0 1 2
145116321 970861624
923704732 1 0 7
145116321 145116321 318499528 970861624 145116321 318499528 580819045
26183147 0 1 3
7414389 7414389 7414389
451379637 1 1 8
318499528 925201432 925201432 580819045 925201432 580819045 970861624 580819045
137600981 0 1 7
7414389 318499528 318499528 7414389 580819045 7414389 970861624
648683269 1 0 5
925201432 145116321 925201432 925201432 7414389
385488506 0 0 1
970861624
71752117 0 1 10
145116321 925201432 925201432 318499528 7414389 145116321 970861624 925201432 7414389 7414389
11696781 1 1 9
970861624 580819045 970861624 925201432 318499528 970861624 7414389 580819045 318499528
856435595 1 0 3
925201432 580819045 580819045
99707911 1 1 1
925201432
36614956 1 1 7
7414389 925201432 318499528 145116321 580819045 145116321 318499528
617139061 1 1 5
970861624 145116321 145116321 970861624 7414389
914914192 0 1 3
145116321 970861624 318499528
4395629 0 1 2
925201432 318499528
220089449 1 1 8
925201432 318499528 580819045 970861624 7414389 970861624 580819045 970861624
348396284 1 0 7
145116321 580819045 7414389 925201432 925201432 145116321 925201432
351856968 0 1 5
7414389 580819045 970861624 7414389 970861624
228000394 1 1 4
145116321 925201432 318499528 580819045
15025751 0 1 10
318499528 580819045 145116321 7414389 925201432 145116321 318499528 580819045 925201432 318499528
741608224 0 1 7
970861624 7414389 7414389 925201432 925201432 925201432 318499528
989861235 0 1 9
925201432 7414389 318499528 970861624 7414389 970861624 7414389 925201432 925201432
194679183 0 1 1
318499528
255304151 1 1 3
145116321 970861624 145116321
987008636 1 1 10
318499528 318499528 970861624 970861624 7414389 925201432 7414389 145116321 970861624 925201432
699211927 0 1 6
145116321 925201432 7414389 580819045 318499528 970861624
376216164 0 1 10
925201432 970861624 925201432 7414389 970861624 318499528 318499528 925201432 7414389 7414389
251476861 0 1 3
970861624 145116321 580819045
30254466 0 1 9
145116321 580819045 145116321 925201432 318499528 970861624 145116321 145116321 145116321
605442280 1 0 4
970861624 318499528 580819045 145116321
175532641 0 1 5
7414389 318499528 580819045 318499528 970861624
971468434 0 1 9
145116321 970861624 145116321 7414389 580819045 970861624 970861624 925201432 925201432
599301863 0 1 7
318499528 318499528 7414389 580819045 925201432 318499528 7414389
129113820 0 1 4
145116321 7414389 970861624 970861624
764677793 0 1 5
580819045 318499528 7414389 580819045 7414389
706462360 1 0 9
7414389 7414389 145116321 318499528 580819045 145116321 925201432 580819045 318499528
394833919 1 0 5
145116321 318499528 970861624 7414389 145116321
617139061 1 0 5
970861624 145116321 145116321 970861624 7414389
36172488 0 1 5
318499528 145116321 925201432 580819045 580819045
462389928 1 1 2
7414389 318499528
11696781 1 0 9
970861624 580819045 970861624 925201432 318499528 970861624 7414389 580819045 318499528
754684949 1 1 6
970861624 925201432 925201432 925201432 925201432 145116321
914871986 0 1 2
145116321 580819045
766285916 1 1 1
318499528
744802282 0 1 7
925201432 318499528 970861624 7414389 925201432 7414389 580819045
49314151 0 0 3
318499528 318499528 7414389
839140454 0 1 5
7414389 970861624 145116321 925201432 7414389
777982696 0 1 6
318499528 925201432 970861624 970861624 970861624 7414389
844510192 1 1 10
7414389 925201432 970861624 7414389 318499528 925201432 7414389 970861624 7414389 970861624
875755409 1 1 10
145116321 145116321 7414389 970861624 580819045 145116321 970861624 970861624 580819045 318499528
247638108 0 1 7
7414389 145116321 580819045 145116321 318499528 925201432 580819045
247638108 0 0 7
7414389 145116321 580819045 145116321 318499528 925201432 580819045
759424383 1 1 4
925201432 925201432 580819045 318499528
732667389 1 1 8
580819045 318499528 7414389 925201432 925201432 580819045 145116321 7414389
467727557 1 1 9
925201432 925201432 7414389 318499528 7414389 925201432 145116321 970861624 580819045
963797702 1 1 7
580819045 925201432 7414389 7414389 925201432 580819045 580819045
960667783 0 1 5
580819045 318499528 580819045 7414389 580819045
335269659 1 1 5
7414389 970861624 318499528 7414389 318499528
705405925 1 1 4
970861624 145116321 318499528 7414389
803045369 1 1 6
925201432 7414389 970861624 7414389 580819045 318499528
529948841 0 1 1
580819045
813226428 0 1 1
925201432
335269659 1 0 5
7414389 970861624 318499528 7414389 318499528
642570356 1 1 8
7414389 318499528 925201432 925201432 318499528 318499528 7414389 318499528
229160768 0 1 9
925201432 7414389 925201432 318499528 580819045 7414389 580819045 7414389 7414389
189442591 0 1 7
580819045 970861624 318499528 580819045 925201432 7414389 580819045
894047216 1 1 5
145116321 580819045 580819045 925201432 7414389
111931585 0 1 3
970861624 318499528 925201432
217491583 1 1 9
925201432 7414389 318499528 925201432 580819045 580819045 318499528 7414389 580819045
718032002 0 1 10
145116321 7414389 145116321 7414389 145116321 970861624 7414389 318499528 580819045 145116321
563749799 1 1 1
145116321
346605402 1 1 6
145116321 145116321 925201432 970861624 925201432 970861624
482709794 1 1 3
580819045 145116321 970861624
452438638 1 1 8
925201432 925201432 318499528 7414389 925201432 318499528 318499528 145116321
99707911 1 0 1
925201432
914871986 0 0 2
145116321 580819045
661511681 1 1 8
318499528 925201432 925201432 970861624 145116321 925201432 318499528 7414389
89911094 0 1 7
318499528 970861624 318499528 580819045 925201432 925201432 580819045
367310624 0 1 5
7414389 145116321 925201432 7414389 145116321
427797596 0 1 4
925201432 970861624 925201432 970861624
834713375 0 1 1
580819045
58967429 0 1 4
580819045 318499528 580819045 318499528
58296644 0 1 5
318499528 580819045 145116321 7414389 580819045
27385520 1 0 8
925201432 318499528 580819045 145116321 318499528 318499528 970861624 970861624
531739918 1 1 10
925201432 580819045 970861624 580819045 145116321 318499528 925201432 7414389 580819045 7414389
934722838 0 1 3
7414389 580819045 318499528
346605402 1 0 6
145116321 145116321 925201432 970861624 925201432 970861624
513695928 0 0 10
145116321 318499528 318499528 145116321 925201432 145116321 145116321 145116321 145116321 580819045
305934751 0 1 4
318499528 580819045 970861624 318499528
143680653 1 1 3
7414389 145116321 580819045
667390226 1 1 10
580819045 925201432 580819045 580819045 580819045 318499528 925201432 7414389 145116321 925201432
803045369 1 0 6
925201432 7414389 970861624 7414389 580819045 318499528
773662307 0 1 8
925201432 318499528 580819045 7414389 925201432 970861624 318499528 318499528
777982696 0 0 6
318499528 925201432 970861624 970861624 970861624 7414389
107478354 1 1 8
145116321 970861624 7414389 145116321 580819045 580819045 925201432 925201432
480574360 1 1 7
580819045 580819045 580819045 580819045 580819045 145116321 925201432
214261166 0 0 6
318499528 970861624 145116321 318499528 580819045 145116321
108931966 1 1 2
318499528 580819045
665400631 1 1 4
145116321 970861624 580819045 145116321
136136081 1 1 2
970861624 580819045
491397158 0 1 10
145116321 925201432 970861624 925201432 145116321 318499528 7414389 318499528 925201432 925201432
478627058 1 1 8
145116321 970861624 970861624 580819045 580819045 318499528 318499528 580819045
778706436 1 1 5
145116321 145116321 580819045 318499528 925201432
738408601 1 0 9
145116321 145116321 145116321 925201432 318499528 970861624 318499528 925201432 318499528
720557925 0 1 10
7414389 7414389 925201432 7414389 970861624 970861624 925201432 580819045 318499528 580819045
520586000 1 1 9
7414389 925201432 925201432 580819045 7414389 145116321 970861624 580819045 970861624
672753652 1 1 6
7414389 318499528 580819045 7414389 7414389 145116321
685005862 0 1 10
145116321 7414389 580819045 318499528 580819045 580819045 145116321 970861624 318499528 145116321
738077582 0 1 8
7414389 318499528 925201432 970861624 145116321 145116321 318499528 145116321
243302005 1 1 8
970861624 925201432 580819045 145116321 318499528 970861624 925201432 7414389
248755660 0 1 4
7414389 7414389 145116321 970861624
84682983 1 1 2
580819045 970861624
963797702 1 0 7
580819045 925201432 7414389 7414389 925201432 580819045 580819045
101064828 1 0 10
7414389 970861624 970861624 318499528 925201432 145116321 145116321 7414389 925201432 580819045
726011798 0 1 8
580819045 970861624 925201432 7414389 7414389 970861624 318499528 970861624
701194298 1 1 7
145116321 318499528 970861624 970861624 580819045 580819045 318499528
598711016 1 1 10
318499528 580819045 925201432 925201432 7414389 145116321 7414389 7414389 925201432 318499528
668439243 1 1 6
318499528 925201432 580819045 7414389 580819045 7414389
921021273 0 1 8
580819045 970861624 580819045 970861624 318499528 580819045 580819045 318499528
26508611 0 1 9
580819045 7414389 970861624 318499528 7414389 7414389 7414389 970861624 318499528
355668970 0 1 1
318499528
979988701 0 1 8
7414389 318499528 580819045 925201432 145116321 318499528 925201432 145116321
84805254 1 1 10
970861624 970861624 145116321 318499528 580819045 145116321 318499528 580819045 580819045 7414389
887408887 1 1 6
580819045 970861624 970861624 318499528 970861624 925201432
897641488 0 0 9
925201432 580819045 318499528 970861624 925201432 580819045 580819045 7414389 925201432
914711538 1 1 9
145116321 318499528 145116321 580819045 318499528 580819045 7414389 318499528 145116321
109590578 1 0 3
580819045 145116321 970861624
243256357 0 1 10
970861624 925201432 970861624 970861624 7414389 145116321 970861624 580819045 145116321 925201432
31089539 1 1 6
970861624 318499528 925201432 925201432 7414389 580819045
799316478 0 0 2
318499528 318499528
726011798 0 0 8
580819045 970861624 925201432 7414389 7414389 970861624 318499528 970861624
434618116 1 1 4
145116321 145116321 7414389 145116321
228000394 1 0 4
145116321 925201432 318499528 580819045
16918663 1 1 5
318499528 145116321 925201432 145116321 580819045
367310624 0 0 5
7414389 145116321 925201432 7414389 145116321
668439243 1 0 6
318499528 925201432 580819045 7414389 580819045 7414389
147593825 0 0 3
925201432 318499528 7414389
138567893 1 1 4
580819045 145116321 580819045 7414389
376216164 0 0 10
925201432 970861624 925201432 7414389 970861624 318499528 318499528 925201432 7414389 7414389
598711016 1 0 10
318499528 580819045 925201432 925201432 7414389 145116321 7414389 7414389 925201432 318499528
863717080 1 0 10
580819045 318499528 7414389 318499528 145116321 970861624 318499528 970861624 970861624 7414389
990007157 0 0 2
145116321 970861624
454073537 1 0 6
318499528 580819045 145116321 145116321 7414389 580819045
741608224 0 0 7
970861624 7414389 7414389 925201432 925201432 925201432 318499528
767708827 1 1 5
970861624 318499528 318499528 925201432 970861624
602086340 0 0 2
580819045 580819045
229160768 0 0 9
925201432 7414389 925201432 318499528 580819045 7414389 580819045 7414389 7414389
978366980 1 1 9
970861624 970861624 580819045 145116321 318499528 925201432 580819045 580819045 925201432
307944224 0 0 3
7414389 925201432 925201432
656484875 1 1 1
925201432
934722838 0 0 3
7414389 580819045 318499528
86889696 0 0 3
970861624 7414389 580819045
815206282 0 0 5
925201432 580819045 7414389 145116321 580819045
504532745 0 0 1
7414389
699211927 0 0 6
145116321 925201432 7414389 580819045 318499528 970861624
463282207 0 0 5
145116321 145116321 318499528 580819045 145116321
716531045 0 0 9
970861624 145116321 7414389 318499528 580819045 318499528 925201432 318499528 7414389
903844907 1 1 1
925201432
322280490 1 1 3
580819045 318499528 145116321
135111932 1 1 1
925201432
682551343 1 1 1
925201432
371088414 0 0 5
145116321 925201432 318499528 145116321 7414389
697030485 0 0 3
318499528 7414389 145116321
411951874 0 0 7
145116321 145116321 925201432 145116321 318499528 970861624 970861624
987008636 1 0 10
318499528 318499528 970861624 970861624 7414389 925201432 7414389 145116321 970861624 925201432
26183147 0 0 3
7414389 7414389 7414389
799643887 0 0 4
145116321 318499528 580819045 318499528
641173021 1 0 7
925201432 580819045 145116321 145116321 970861624 970861624 145116321
894047216 1 0 5
145116321 580819045 580819045 925201432 7414389
191985914 1 0 6
970861624 7414389 970861624 925201432 925201432 7414389
764677793 0 0 5
580819045 318499528 7414389 580819045 7414389
58967429 0 0 4
580819045 318499528 580819045 318499528
30254466 0 0 9
145116321 580819045 145116321 925201432 318499528 970861624 145116321 145116321 145116321
921021273 0 0 8
580819045 970861624 580819045 970861624 318499528 580819045 580819045 318499528
379694929 0 0 10
7414389 318499528 925201432 318499528 925201432 145116321 145116321 580819045 580819045 318499528
368185082 1 0 2
318499528 580819045
720557925 0 0 10
7414389 7414389 925201432 7414389 970861624 970861624 925201432 580819045 318499528 580819045
665400631 1 0 4
145116321 970861624 580819045 145116321
58296644 0 0 5
318499528 580819045 145116321 7414389 580819045
813226428 0 0 1
925201432
847122803 1 0 1
7414389
887408887 1 0 6
580819045 970861624 970861624 318499528 970861624 925201432
84805254 1 0 10
970861624 970861624 145116321 318499528 580819045 145116321 318499528 580819045 580819045 7414389
107478354 1 0 8
145116321 970861624 7414389 145116321 580819045 580819045 925201432 925201432
351856968 0 0 5
7414389 580819045 970861624 7414389 970861624
923356013 0 0 10
970861624 970861624 318499528 7414389 580819045 580819045 925201432 580819045 145116321 580819045
766285916 1 0 1
318499528
123944672 1 0 10
7414389 145116321 925201432 7414389 7414389 970861624 580819045 318499528 970861624 970861624
701656781 0 0 3
580819045 580819045 925201432
324879314 1 0 8
318499528 7414389 145116321 318499528 925201432 580819045 145116321 318499528
327137080 0 0 8
145116321 580819045 970861624 580819045 145116321 7414389 580819045 318499528
685005862 0 0 10
145116321 7414389 580819045 318499528 580819045 580819045 145116321 970861624 318499528 145116321
235286560 1 0 10
925201432 318499528 318499528 145116321 970861624 925201432 970861624 145116321 7414389 318499528
386638219 1 0 10
925201432 580819045 145116321 318499528 925201432 970861624 970861624 7414389 7414389 970861624
989861235 0 0 9
925201432 7414389 318499528 970861624 7414389 970861624 7414389 925201432 925201432
36172488 0 0 5
318499528 145116321 925201432 580819045 580819045
770827535 0 0 5
580819045 970861624 7414389 970861624 580819045
251476861 0 0 3
970861624 145116321 580819045
434618116 1 0 4
145116321 145116321 7414389 145116321
853099353 0 0 7
7414389 925201432 925201432 7414389 7414389 580819045 970861624
89911094 0 0 7
318499528 970861624 318499528 580819045 925201432 925201432 580819045
971468434 0 0 9
145116321 970861624 145116321 7414389 580819045 970861624 970861624 925201432 925201432
656484875 1 0 1
925201432
599301863 0 0 7
318499528 318499528 7414389 580819045 925201432 318499528 7414389
759424383 1 0 4
925201432 925201432 580819045 318499528
914914192 0 0 3
145116321 970861624 318499528
738077582 0 0 8
7414389 318499528 925201432 970861624 145116321 145116321 318499528 145116321
45568970 1 0 6
318499528 145116321 970861624 925201432 7414389 145116321
773662307 0 0 8
925201432 318499528 580819045 7414389 925201432 970861624 318499528 318499528
217491583 1 0 9
925201432 7414389 318499528 925201432 580819045 580819045 318499528 7414389 580819045
84682983 1 0 2
580819045 970861624
189442591 0 0 7
580819045 970861624 318499528 580819045 925201432 7414389 580819045
143680653 1 0 3
7414389 145116321 580819045
456256449 1 0 6
318499528 318499528 580819045 318499528 580819045 318499528
701194298 1 0 7
145116321 318499528 970861624 970861624 580819045 580819045 318499528
520586000 1 0 9
7414389 925201432 925201432 580819045 7414389 145116321 970861624 580819045 970861624
462389928 1 0 2
7414389 318499528
826509795 0 0 3
145116321 7414389 145116321
563749799 1 0 1
145116321
137600981 0 0 7
7414389 318499528 318499528 7414389 580819045 7414389 970861624
737180913 0 0 1
580819045
532200778 0 0 8
970861624 318499528 580819045 970861624 145116321 7414389 7414389 925201432
108931966 1 0 2
318499528 580819045
839140454 0 0 5
7414389 970861624 145116321 925201432 7414389
707800793 0 0 5
925201432 318499528 7414389 145116321 925201432
71752117 0 0 10
145116321 925201432 925201432 318499528 7414389 145116321 970861624 925201432 7414389 7414389
478627058 1 0 8
145116321 970861624 970861624 580819045 580819045 318499528 318499528 580819045
834713375 0 0 1
580819045
961996754 1 0 3
7414389 318499528 145116321
243302005 1 0 8
970861624 925201432 580819045 145116321 318499528 970861624 925201432 7414389
769220143 1 0 7
7414389 580819045 925201432 7414389 145116321 318499528 318499528
26508611 0 0 9
580819045 7414389 970861624 318499528 7414389 7414389 7414389 970861624 318499528
112346488 0 0 7
318499528 145116321 925201432 925201432 925201432 970861624 580819045
248755660 0 0 4
7414389 7414389 145116321 970861624
309171912 0 0 7
7414389 925201432 318499528 970861624 7414389 318499528 925201432
482334724 1 0 10
7414389 970861624 925201432 145116321 925201432 925201432 145116321 580819045 145116321 318499528
16918663 1 0 5
318499528 145116321 925201432 145116321 580819045
661511681 1 0 8
318499528 925201432 925201432 970861624 145116321 925201432 318499528 7414389
243256357 0 0 10
970861624 925201432 970861624 970861624 7414389 145116321 970861624 580819045 145116321 925201432
451379637 1 0 8
318499528 925201432 925201432 580819045 925201432 580819045 970861624 580819045
268395661 0 0 10
580819045 970861624 925201432 925201432 318499528 318499528 580819045 145116321 580819045 970861624
175532641 0 0 5
7414389 318499528 580819045 318499528 970861624
718032002 0 0 10
145116321 7414389 145116321 7414389 145116321 970861624 7414389 318499528 580819045 145116321
754684949 1 0 6
970861624 925201432 925201432 925201432 925201432 145116321
136136081 1 0 2
970861624 580819045
942419951 0 0 7
145116321 970861624 580819045 7414389 580819045 925201432 318499528
62005611 1 0 3
580819045 145116321 7414389
220089449 1 0 8
925201432 318499528 580819045 970861624 7414389 970861624 580819045 970861624
732667389 1 0 8
580819045 318499528 7414389 925201432 925201432 580819045 145116321 7414389
46994157 0 0 9
145116321 970861624 318499528 7414389 925201432 925201432 145116321 580819045 925201432
308039701 1 0 5
925201432 580819045 318499528 925201432 580819045
705405925 1 0 4
970861624 145116321 318499528 7414389
909344490 0 0 3
7414389 925201432 925201432
417150606 0 0 10
318499528 970861624 318499528 580819045 925201432 925201432 145116321 145116321 7414389 7414389
355668970 0 0 1
318499528
967780674 0 0 4
318499528 925201432 145116321 318499528
255304151 1 0 3
145116321 970861624 145116321
744802282 0 0 7
925201432 318499528 970861624 7414389 925201432 7414389 580819045
15025751 0 0 10
318499528 580819045 145116321 7414389 925201432 145116321 318499528 580819045 925201432 318499528
642570356 1 0 8
7414389 318499528 925201432 925201432 318499528 318499528 7414389 318499528
333276108 0 0 5
580819045 318499528 7414389 925201432 318499528
331042540 0 0 10
580819045 145116321 580819045 580819045 145116321 925201432 925201432 145116321 145116321 145116321
667390226 1 0 10
580819045 925201432 580819045 580819045 580819045 318499528 925201432 7414389 145116321 925201432
135111932 1 0 1
925201432
305934751 0 0 4
318499528 580819045 970861624 318499528
144991758 0 0 2
925201432 970861624
427797596 0 0 4
925201432 970861624 925201432 970861624
750434037 1 0 8
925201432 580819045 7414389 145116321 7414389 580819045 318499528 925201432
867823229 0 0 7
925201432 970861624 318499528 970861624 318499528 145116321 7414389
940693007 0 0 9
7414389 145116321 318499528 7414389 970861624 580819045 970861624 580819045 970861624
100292129 0 0 9
318499528 145116321 318499528 970861624 925201432 145116321 970861624 970861624 970861624
844510192 1 0 10
7414389 925201432 970861624 7414389 318499528 925201432 7414389 970861624 7414389 970861624
672753652 1 0 6
7414389 318499528 580819045 7414389 7414389 145116321
482709794 1 0 3
580819045 145116321 970861624
322280490 1 0 3
580819045 318499528 145116321
111931585 0 0 3
970861624 318499528 925201432
978366980 1 0 9
970861624 970861624 580819045 145116321 318499528 925201432 580819045 580819045 925201432
538256076 1 0 9
7414389 318499528 145116321 970861624 7414389 970861624 580819045 970861624 580819045
960667783 0 0 5
580819045 318499528 580819045 7414389 580819045
682551343 1 0 1
925201432
57348230 0 0 5
7414389 145116321 145116321 580819045 318499528
58375684 0 0 9
318499528 970861624 580819045 925201432 145116321 970861624 318499528 580819045 145116321
480574360 1 0 7
580819045 580819045 580819045 580819045 580819045 145116321 925201432
529948841 0 0 1
580819045
754699734 1 0 2
7414389 318499528
31089539 1 0 6
970861624 318499528 925201432 925201432 7414389 580819045
491397158 0 0 10
145116321 925201432 970861624 925201432 145116321 318499528 7414389 318499528 925201432 925201432
4395629 0 0 2
925201432 318499528
134948336 0 0 3
580819045 318499528 580819045
997147401 0 0 7
580819045 580819045 970861624 7414389 925201432 318499528 7414389
842840851 0 0 7
145116321 145116321 580819045 580819045 318499528 925201432 145116321
194679183 0 0 1
318499528
903844907 1 0 1
925201432
129113820 0 0 4
145116321 7414389 970861624 970861624
914711538 1 0 9
145116321 318499528 145116321 580819045 318499528 580819045 7414389 318499528 145116321
678404465 0 0 10
318499528 580819045 970861624 318499528 925201432 318499528 145116321 970861624 145116321 7414389
979988701 0 0 8
7414389 318499528 580819045 925201432 145116321 318499528 925201432 145116321
138567893 1 0 4
580819045 145116321 580819045 7414389
778706436 1 0 5
145116321 145116321 580819045 318499528 925201432
436870626 1 0 3
7414389 7414389 7414389
256488275 1 0 7
970861624 925201432 925201432 145116321 925201432 7414389 925201432
767708827 1 0 5
970861624 318499528 318499528 925201432 970861624
719991574 1 0 4
925201432 580819045 925201432 318499528
875755409 1 0 10
145116321 145116321 7414389 970861624 580819045 145116321 970861624 970861624 580819045 318499528
589312522 1 0 7
970861624 925201432 145116321 318499528 318499528 145116321 970861624
225430226 1 0 9
145116321 970861624 145116321 970861624 145116321 7414389 580819045 970861624 970861624
301748351 1 0 5
145116321 145116321 318499528 925201432 318499528
118103529 1 0 7
145116321 925201432 318499528 145116321 970861624 145116321 580819045
452438638 1 0 8
925201432 925201432 318499528 7414389 925201432 318499528 318499528 145116321
531739918 1 0 10
925201432 580819045 970861624 580819045 145116321 318499528 925201432 7414389 580819045 7414389
868972942 1 0 8
318499528 925201432 580819045 145116321 970861624 925201432 7414389 145116321
327001562 1 0 1
970861624
36614956 1 0 7
7414389 925201432 318499528 145116321 580819045 145116321 318499528
467727557 1 0 9
925201432 925201432 7414389 318499528 7414389 925201432 145116321 970861624 580819045
