136
370150816 0 1 1
283673459
855113524 0 1 23
563302508 67292391 844775470 563302508 283673459 24777060 283673459 67292391 179541553 283673459 179541553 563302508 283673459 179541553 24777060 283673459 179541553 563302508 563302508 563302508 563302508 844775470 67292391
370150816 0 0 1
283673459
972133330 1 1 31
179541553 179541553 179541553 24777060 67292391 24777060 563302508 179541553 563302508 179541553 67292391 283673459 563302508 844775470 179541553 24777060 24777060 844775470 283673459 844775470 563302508 283673459 563302508 24777060 24777060 563302508 24777060 179541553 179541553 179541553 67292391
972133330 1 0 31
179541553 179541553 179541553 24777060 67292391 24777060 563302508 179541553 563302508 179541553 67292391 283673459 563302508 844775470 179541553 24777060 24777060 844775470 283673459 844775470 563302508 283673459 563302508 24777060 24777060 563302508 24777060 179541553 179541553 179541553 67292391
302205330 0 1 47
283673459 179541553 67292391 844775470 283673459 24777060 563302508 283673459 67292391 24777060 24777060 67292391 563302508 24777060 283673459 179541553 283673459 563302508 283673459 283673459 283673459 563302508 24777060 563302508 844775470 563302508 283673459 24777060 563302508 283673459 24777060 179541553 24777060 179541553 179541553 67292391 283673459 179541553 67292391 179541553 179541553 283673459 844775470 179541553 67292391 283673459 283673459
191567735 1 1 27
563302508 67292391 844775470 24777060 283673459 283673459 24777060 844775470 563302508 563302508 283673459 563302508 179541553 67292391 179541553 283673459 179541553 844775470 563302508 24777060 67292391 179541553 67292391 67292391 283673459 563302508 179541553
855113524 0 0 23
563302508 67292391 844775470 563302508 283673459 24777060 283673459 67292391 179541553 283673459 179541553 563302508 283673459 179541553 24777060 283673459 179541553 563302508 563302508 563302508 563302508 844775470 67292391
302205330 0 0 47
283673459 179541553 67292391 844775470 283673459 24777060 563302508 283673459 67292391 24777060 24777060 67292391 563302508 24777060 283673459 179541553 283673459 563302508 283673459 283673459 283673459 563302508 24777060 563302508 844775470 563302508 283673459 24777060 563302508 283673459 24777060 179541553 24777060 179541553 179541553 67292391 283673459 179541553 67292391 179541553 179541553 283673459 844775470 179541553 67292391 283673459 283673459
525382264 0 1 20
283673459 67292391 179541553 67292391 67292391 179541553 67292391 563302508 24777060 283673459 283673459 844775470 563302508 179541553 24777060 67292391 24777060 179541553 563302508 563302508
509251731 1 1 27
67292391 179541553 67292391 563302508 24777060 67292391 179541553 179541553 67292391 24777060 67292391 844775470 67292391 24777060 67292391 67292391 24777060 179541553 24777060 24777060 24777060 67292391 179541553 179541553 283673459 67292391 179541553
895208752 1 1 3
24777060 67292391 24777060
674302563 1 1 36
844775470 24777060 67292391 67292391 24777060 844775470 67292391 283673459 844775470 844775470 179541553 24777060 179541553 844775470 563302508 283673459 563302508 24777060 844775470 67292391 563302508 67292391 283673459 563302508 67292391 283673459 67292391 67292391 844775470 179541553 283673459 844775470 844775470 179541553 67292391 179541553
25728755 1 1 19
179541553 67292391 179541553 844775470 563302508 283673459 179541553 283673459 67292391 67292391 283673459 563302508 67292391 179541553 283673459 844775470 563302508 67292391 24777060
256007271 0 1 37
179541553 283673459 67292391 67292391 67292391 844775470 283673459 563302508 844775470 179541553 179541553 563302508 283673459 179541553 179541553 563302508 563302508 24777060 283673459 179541553 283673459 24777060 283673459 179541553 67292391 283673459 24777060 283673459 24777060 67292391 24777060 844775470 67292391 283673459 563302508 563302508 283673459
40742591 1 1 1
563302508
934186264 1 1 13
844775470 179541553 67292391 844775470 179541553 24777060 67292391 844775470 24777060 179541553 283673459 179541553 563302508
880501649 1 1 42
24777060 24777060 24777060 283673459 67292391 283673459 179541553 67292391 844775470 67292391 67292391 24777060 179541553 67292391 283673459 563302508 24777060 24777060 563302508 844775470 24777060 67292391 179541553 844775470 24777060 844775470 283673459 283673459 283673459 283673459 67292391 24777060 67292391 283673459 67292391 563302508 844775470 844775470 67292391 283673459 67292391 563302508
536565647 0 1 35
179541553 24777060 67292391 67292391 563302508 67292391 283673459 67292391 24777060 283673459 67292391 67292391 67292391 179541553 24777060 24777060 563302508 844775470 283673459 179541553 283673459 563302508 563302508 283673459 844775470 283673459 179541553 24777060 179541553 844775470 283673459 67292391 844775470 24777060 844775470
756826606 0 1 49
563302508 24777060 179541553 844775470 179541553 563302508 67292391 283673459 24777060 67292391 283673459 283673459 24777060 844775470 179541553 283673459 24777060 179541553 67292391 67292391 67292391 283673459 283673459 844775470 179541553 24777060 179541553 67292391 179541553 24777060 844775470 24777060 24777060 283673459 844775470 67292391 283673459 563302508 24777060 283673459 844775470 283673459 67292391 24777060 24777060 24777060 24777060 24777060 67292391
435178674 1 1 36
179541553 844775470 179541553 67292391 179541553 67292391 563302508 67292391 563302508 844775470 563302508 24777060 563302508 563302508 179541553 283673459 563302508 179541553 844775470 563302508 563302508 563302508 24777060 283673459 283673459 563302508 563302508 844775470 67292391 67292391 179541553 283673459 563302508 563302508 179541553 844775470
286672631 0 1 49
67292391 67292391 67292391 179541553 67292391 67292391 283673459 844775470 67292391 563302508 67292391 844775470 67292391 179541553 844775470 179541553 844775470 844775470 844775470 844775470 563302508 563302508 283673459 283673459 67292391 283673459 24777060 563302508 67292391 179541553 24777060 563302508 24777060 283673459 844775470 67292391 67292391 24777060 563302508 563302508 283673459 844775470 24777060 179541553 283673459 179541553 67292391 563302508 283673459
246880475 0 1 27
67292391 563302508 179541553 179541553 283673459 844775470 24777060 24777060 283673459 844775470 844775470 24777060 563302508 67292391 283673459 844775470 179541553 179541553 844775470 563302508 283673459 179541553 179541553 179541553 563302508 283673459 24777060
907858330 0 1 24
844775470 67292391 24777060 283673459 283673459 24777060 844775470 24777060 563302508 283673459 24777060 844775470 563302508 24777060 67292391 179541553 179541553 283673459 67292391 67292391 283673459 67292391 24777060 563302508
643535252 1 1 43
67292391 844775470 67292391 283673459 67292391 563302508 24777060 24777060 563302508 563302508 179541553 283673459 563302508 179541553 563302508 24777060 24777060 844775470 283673459 179541553 283673459 179541553 24777060 179541553 844775470 179541553 179541553 24777060 563302508 24777060 24777060 67292391 179541553 179541553 67292391 283673459 179541553 179541553 563302508 24777060 24777060 844775470 563302508
509251731 1 0 27
67292391 179541553 67292391 563302508 24777060 67292391 179541553 179541553 67292391 24777060 67292391 844775470 67292391 24777060 67292391 67292391 24777060 179541553 24777060 24777060 24777060 67292391 179541553 179541553 283673459 67292391 179541553
47377966 0 1 44
844775470 24777060 563302508 283673459 24777060 844775470 283673459 67292391 283673459 563302508 179541553 67292391 283673459 24777060 283673459 844775470 179541553 67292391 563302508 67292391 67292391 24777060 179541553 563302508 563302508 179541553 179541553 24777060 283673459 563302508 844775470 24777060 24777060 844775470 563302508 563302508 67292391 67292391 179541553 24777060 67292391 563302508 179541553 67292391
938206452 1 1 1
179541553
43932971 0 1 14
179541553 67292391 283673459 24777060 67292391 563302508 283673459 283673459 283673459 283673459 24777060 283673459 67292391 24777060
880501649 1 0 42
24777060 24777060 24777060 283673459 67292391 283673459 179541553 67292391 844775470 67292391 67292391 24777060 179541553 67292391 283673459 563302508 24777060 24777060 563302508 844775470 24777060 67292391 179541553 844775470 24777060 844775470 283673459 283673459 283673459 283673459 67292391 24777060 67292391 283673459 67292391 563302508 844775470 844775470 67292391 283673459 67292391 563302508
275004104 1 1 34
563302508 67292391 24777060 67292391 283673459 179541553 844775470 563302508 844775470 24777060 844775470 179541553 283673459 283673459 844775470 179541553 283673459 24777060 563302508 844775470 67292391 283673459 24777060 24777060 563302508 283673459 844775470 67292391 563302508 844775470 844775470 563302508 563302508 179541553
501508960 0 1 13
283673459 67292391 67292391 67292391 67292391 283673459 179541553 24777060 844775470 67292391 67292391 24777060 844775470
68710030 0 1 22
563302508 283673459 283673459 179541553 24777060 67292391 179541553 24777060 67292391 844775470 283673459 24777060 67292391 844775470 179541553 24777060 67292391 844775470 283673459 563302508 24777060 563302508
119779573 1 1 47
179541553 179541553 67292391 844775470 24777060 283673459 844775470 563302508 283673459 283673459 283673459 24777060 563302508 67292391 283673459 844775470 179541553 67292391 283673459 179541553 24777060 67292391 844775470 24777060 67292391 563302508 24777060 844775470 563302508 844775470 24777060 179541553 283673459 179541553 283673459 563302508 179541553 283673459 67292391 563302508 67292391 179541553 24777060 179541553 24777060 67292391 283673459
907858330 0 0 24
844775470 67292391 24777060 283673459 283673459 24777060 844775470 24777060 563302508 283673459 24777060 844775470 563302508 24777060 67292391 179541553 179541553 283673459 67292391 67292391 283673459 67292391 24777060 563302508
533566864 0 1 4
844775470 179541553 179541553 563302508
136002420 0 1 31
67292391 67292391 844775470 67292391 844775470 283673459 67292391 179541553 179541553 179541553 179541553 283673459 67292391 844775470 844775470 67292391 563302508 563302508 563302508 563302508 844775470 563302508 283673459 24777060 563302508 563302508 844775470 24777060 844775470 563302508 283673459
255969383 1 1 14
283673459 844775470 179541553 24777060 283673459 563302508 844775470 563302508 283673459 24777060 563302508 844775470 283673459 563302508
903717679 0 1 27
844775470 67292391 844775470 844775470 67292391 844775470 67292391 179541553 179541553 67292391 179541553 67292391 283673459 563302508 24777060 24777060 179541553 563302508 24777060 24777060 179541553 283673459 283673459 844775470 563302508 24777060 283673459
843632296 0 1 1
24777060
80619064 1 1 30
179541553 283673459 179541553 844775470 844775470 563302508 67292391 179541553 844775470 179541553 844775470 24777060 283673459 179541553 844775470 67292391 283673459 179541553 24777060 67292391 283673459 24777060 179541553 844775470 563302508 844775470 67292391 283673459 179541553 283673459
58439360 0 1 13
283673459 283673459 844775470 67292391 179541553 563302508 67292391 283673459 844775470 563302508 844775470 283673459 563302508
887716382 0 1 12
283673459 563302508 67292391 283673459 24777060 563302508 283673459 179541553 67292391 67292391 283673459 24777060
136002420 0 0 31
67292391 67292391 844775470 67292391 844775470 283673459 67292391 179541553 179541553 179541553 179541553 283673459 67292391 844775470 844775470 67292391 563302508 563302508 563302508 563302508 844775470 563302508 283673459 24777060 563302508 563302508 844775470 24777060 844775470 563302508 283673459
606001327 1 1 29
283673459 67292391 563302508 844775470 24777060 563302508 844775470 179541553 179541553 563302508 283673459 67292391 24777060 283673459 67292391 179541553 67292391 67292391 179541553 24777060 283673459 283673459 179541553 67292391 24777060 283673459 563302508 67292391 563302508
567691090 1 1 35
563302508 844775470 563302508 24777060 563302508 563302508 179541553 844775470 67292391 844775470 563302508 179541553 283673459 844775470 563302508 179541553 563302508 24777060 844775470 563302508 563302508 179541553 844775470 24777060 844775470 179541553 563302508 24777060 67292391 844775470 179541553 67292391 179541553 24777060 67292391
606001327 1 0 29
283673459 67292391 563302508 844775470 24777060 563302508 844775470 179541553 179541553 563302508 283673459 67292391 24777060 283673459 67292391 179541553 67292391 67292391 179541553 24777060 283673459 283673459 179541553 67292391 24777060 283673459 563302508 67292391 563302508
25728755 1 0 19
179541553 67292391 179541553 844775470 563302508 283673459 179541553 283673459 67292391 67292391 283673459 563302508 67292391 179541553 283673459 844775470 563302508 67292391 24777060
782925133 1 1 12
563302508 67292391 67292391 67292391 283673459 283673459 67292391 283673459 563302508 283673459 283673459 179541553
280303889 0 1 15
67292391 179541553 283673459 24777060 563302508 563302508 283673459 844775470 283673459 563302508 283673459 563302508 24777060 179541553 563302508
445936196 0 1 1
283673459
38932403 1 1 29
844775470 67292391 844775470 24777060 179541553 283673459 24777060 67292391 283673459 283673459 844775470 844775470 563302508 563302508 563302508 283673459 844775470 283673459 179541553 563302508 283673459 283673459 24777060 179541553 283673459 844775470 283673459 67292391 283673459
173562831 0 1 20
179541553 179541553 844775470 67292391 563302508 179541553 179541553 563302508 24777060 179541553 563302508 24777060 179541553 24777060 283673459 563302508 563302508 844775470 67292391 67292391
232638811 1 1 12
283673459 283673459 283673459 24777060 67292391 179541553 844775470 563302508 563302508 283673459 563302508 283673459
771950403 1 1 35
24777060 179541553 283673459 844775470 67292391 563302508 179541553 179541553 563302508 179541553 67292391 844775470 283673459 179541553 24777060 283673459 563302508 563302508 67292391 844775470 283673459 24777060 67292391 179541553 563302508 24777060 179541553 283673459 67292391 283673459 283673459 563302508 563302508 844775470 844775470
710128477 1 1 10
563302508 24777060 563302508 67292391 179541553 563302508 563302508 283673459 179541553 563302508
989465416 1 1 47
563302508 563302508 67292391 179541553 563302508 283673459 283673459 179541553 67292391 844775470 844775470 844775470 179541553 67292391 67292391 563302508 24777060 24777060 563302508 844775470 24777060 179541553 179541553 283673459 24777060 844775470 844775470 24777060 563302508 24777060 844775470 563302508 844775470 563302508 844775470 563302508 563302508 24777060 844775470 844775470 179541553 67292391 67292391 67292391 24777060 563302508 67292391
207129077 0 1 48
563302508 844775470 563302508 179541553 844775470 24777060 563302508 844775470 563302508 67292391 67292391 563302508 844775470 67292391 24777060 844775470 844775470 283673459 24777060 67292391 283673459 283673459 179541553 179541553 24777060 844775470 24777060 563302508 844775470 844775470 283673459 844775470 844775470 179541553 179541553 844775470 844775470 179541553 283673459 563302508 283673459 179541553 24777060 563302508 283673459 844775470 844775470 24777060
996801107 1 1 31
67292391 24777060 24777060 283673459 844775470 179541553 563302508 563302508 179541553 563302508 179541553 179541553 844775470 563302508 563302508 283673459 563302508 844775470 844775470 24777060 283673459 179541553 844775470 283673459 844775470 844775470 563302508 179541553 24777060 844775470 179541553
236345891 1 1 17
844775470 24777060 283673459 563302508 844775470 563302508 67292391 283673459 179541553 67292391 67292391 67292391 24777060 67292391 563302508 179541553 283673459
114987406 1 1 36
179541553 844775470 179541553 179541553 563302508 844775470 179541553 24777060 283673459 67292391 67292391 283673459 179541553 24777060 179541553 179541553 844775470 24777060 179541553 283673459 563302508 24777060 24777060 24777060 179541553 24777060 179541553 179541553 283673459 179541553 844775470 563302508 67292391 563302508 24777060 844775470
640336358 0 1 2
563302508 563302508
283723856 1 1 10
24777060 24777060 24777060 179541553 844775470 844775470 563302508 563302508 24777060 844775470
905710210 0 1 18
179541553 283673459 67292391 563302508 844775470 67292391 67292391 563302508 283673459 563302508 563302508 24777060 844775470 67292391 24777060 24777060 844775470 179541553
684269329 0 1 39
24777060 179541553 67292391 563302508 844775470 179541553 844775470 844775470 24777060 24777060 283673459 283673459 67292391 179541553 24777060 563302508 563302508 283673459 563302508 563302508 283673459 283673459 563302508 844775470 24777060 563302508 67292391 844775470 563302508 283673459 67292391 563302508 844775470 844775470 563302508 67292391 179541553 563302508 67292391
558727959 0 1 10
24777060 179541553 24777060 563302508 67292391 24777060 283673459 844775470 283673459 179541553
259735521 1 1 31
563302508 67292391 24777060 844775470 844775470 563302508 563302508 844775470 844775470 563302508 844775470 283673459 24777060 844775470 179541553 67292391 844775470 283673459 283673459 283673459 67292391 563302508 24777060 283673459 179541553 24777060 844775470 563302508 24777060 563302508 179541553
752979358 1 1 11
844775470 283673459 67292391 563302508 24777060 283673459 283673459 67292391 844775470 563302508 67292391
710128477 1 0 10
563302508 24777060 563302508 67292391 179541553 563302508 563302508 283673459 179541553 563302508
531023883 0 1 1
563302508
793302384 0 1 10
283673459 283673459 67292391 67292391 563302508 67292391 24777060 283673459 24777060 67292391
567691090 1 0 35
563302508 844775470 563302508 24777060 563302508 563302508 179541553 844775470 67292391 844775470 563302508 179541553 283673459 844775470 563302508 179541553 563302508 24777060 844775470 563302508 563302508 179541553 844775470 24777060 844775470 179541553 563302508 24777060 67292391 844775470 179541553 67292391 179541553 24777060 67292391
558727959 0 0 10
24777060 179541553 24777060 563302508 67292391 24777060 283673459 844775470 283673459 179541553
938206452 1 0 1
179541553
741498130 1 1 1
67292391
639509617 0 1 37
67292391 67292391 844775470 844775470 24777060 283673459 283673459 283673459 24777060 283673459 844775470 24777060 67292391 24777060 283673459 67292391 283673459 283673459 67292391 67292391 179541553 179541553 844775470 844775470 844775470 844775470 283673459 563302508 844775470 283673459 67292391 283673459 179541553 67292391 24777060 844775470 67292391
697020062 0 1 24
179541553 563302508 67292391 283673459 24777060 24777060 179541553 563302508 24777060 24777060 67292391 844775470 67292391 67292391 67292391 24777060 563302508 67292391 283673459 24777060 24777060 67292391 563302508 67292391
437646777 0 1 5
67292391 179541553 844775470 844775470 563302508
720128680 0 1 6
24777060 844775470 179541553 283673459 24777060 844775470
755459421 0 1 14
563302508 283673459 563302508 283673459 179541553 283673459 67292391 67292391 179541553 67292391 563302508 67292391 179541553 179541553
177879510 0 1 6
67292391 67292391 563302508 179541553 179541553 283673459
741498130 1 0 1
67292391
326130006 0 1 1
179541553
326130006 0 0 1
179541553
755459421 0 0 14
563302508 283673459 563302508 283673459 179541553 283673459 67292391 67292391 179541553 67292391 563302508 67292391 179541553 179541553
934186264 1 0 13
844775470 179541553 67292391 844775470 179541553 24777060 67292391 844775470 24777060 179541553 283673459 179541553 563302508
259735521 1 0 31
563302508 67292391 24777060 844775470 844775470 563302508 563302508 844775470 844775470 563302508 844775470 283673459 24777060 844775470 179541553 67292391 844775470 283673459 283673459 283673459 67292391 563302508 24777060 283673459 179541553 24777060 844775470 563302508 24777060 563302508 179541553
236345891 1 0 17
844775470 24777060 283673459 563302508 844775470 563302508 67292391 283673459 179541553 67292391 67292391 67292391 24777060 67292391 563302508 179541553 283673459
996801107 1 0 31
67292391 24777060 24777060 283673459 844775470 179541553 563302508 563302508 179541553 563302508 179541553 179541553 844775470 563302508 563302508 283673459 563302508 844775470 844775470 24777060 283673459 179541553 844775470 283673459 844775470 844775470 563302508 179541553 24777060 844775470 179541553
640336358 0 0 2
563302508 563302508
80619064 1 0 30
179541553 283673459 179541553 844775470 844775470 563302508 67292391 179541553 844775470 179541553 844775470 24777060 283673459 179541553 844775470 67292391 283673459 179541553 24777060 67292391 283673459 24777060 179541553 844775470 563302508 844775470 67292391 283673459 179541553 283673459
697020062 0 0 24
179541553 563302508 67292391 283673459 24777060 24777060 179541553 563302508 24777060 24777060 67292391 844775470 67292391 67292391 67292391 24777060 563302508 67292391 283673459 24777060 24777060 67292391 563302508 67292391
903717679 0 0 27
844775470 67292391 844775470 844775470 67292391 844775470 67292391 179541553 179541553 67292391 179541553 67292391 283673459 563302508 24777060 24777060 179541553 563302508 24777060 24777060 179541553 283673459 283673459 844775470 563302508 24777060 283673459
255969383 1 0 14
283673459 844775470 179541553 24777060 283673459 563302508 844775470 563302508 283673459 24777060 563302508 844775470 283673459 563302508
643535252 1 0 43
67292391 844775470 67292391 283673459 67292391 563302508 24777060 24777060 563302508 563302508 179541553 283673459 563302508 179541553 563302508 24777060 24777060 844775470 283673459 179541553 283673459 179541553 24777060 179541553 844775470 179541553 179541553 24777060 563302508 24777060 24777060 67292391 179541553 179541553 67292391 283673459 179541553 179541553 563302508 24777060 24777060 844775470 563302508
283723856 1 0 10
24777060 24777060 24777060 179541553 844775470 844775470 563302508 563302508 24777060 844775470
720128680 0 0 6
24777060 844775470 179541553 283673459 24777060 844775470
232638811 1 0 12
283673459 283673459 283673459 24777060 67292391 179541553 844775470 563302508 563302508 283673459 563302508 283673459
752979358 1 0 11
844775470 283673459 67292391 563302508 24777060 283673459 283673459 67292391 844775470 563302508 67292391
501508960 0 0 13
283673459 67292391 67292391 67292391 67292391 283673459 179541553 24777060 844775470 67292391 67292391 24777060 844775470
905710210 0 0 18
179541553 283673459 67292391 563302508 844775470 67292391 67292391 563302508 283673459 563302508 563302508 24777060 844775470 67292391 24777060 24777060 844775470 179541553
782925133 1 0 12
563302508 67292391 67292391 67292391 283673459 283673459 67292391 283673459 563302508 283673459 283673459 179541553
435178674 1 0 36
179541553 844775470 179541553 67292391 179541553 67292391 563302508 67292391 563302508 844775470 563302508 24777060 563302508 563302508 179541553 283673459 563302508 179541553 844775470 563302508 563302508 563302508 24777060 283673459 283673459 563302508 563302508 844775470 67292391 67292391 179541553 283673459 563302508 563302508 179541553 844775470
286672631 0 0 49
67292391 67292391 67292391 179541553 67292391 67292391 283673459 844775470 67292391 563302508 67292391 844775470 67292391 179541553 844775470 179541553 844775470 844775470 844775470 844775470 563302508 563302508 283673459 283673459 67292391 283673459 24777060 563302508 67292391 179541553 24777060 563302508 24777060 283673459 844775470 67292391 67292391 24777060 563302508 563302508 283673459 844775470 24777060 179541553 283673459 179541553 67292391 563302508 283673459
684269329 0 0 39
24777060 179541553 67292391 563302508 844775470 179541553 844775470 844775470 24777060 24777060 283673459 283673459 67292391 179541553 24777060 563302508 563302508 283673459 563302508 563302508 283673459 283673459 563302508 844775470 24777060 563302508 67292391 844775470 563302508 283673459 67292391 563302508 844775470 844775470 563302508 67292391 179541553 563302508 67292391
674302563 1 0 36
844775470 24777060 67292391 67292391 24777060 844775470 67292391 283673459 844775470 844775470 179541553 24777060 179541553 844775470 563302508 283673459 563302508 24777060 844775470 67292391 563302508 67292391 283673459 563302508 67292391 283673459 67292391 67292391 844775470 179541553 283673459 844775470 844775470 179541553 67292391 179541553
771950403 1 0 35
24777060 179541553 283673459 844775470 67292391 563302508 179541553 179541553 563302508 179541553 67292391 844775470 283673459 179541553 24777060 283673459 563302508 563302508 67292391 844775470 283673459 24777060 67292391 179541553 563302508 24777060 179541553 283673459 67292391 283673459 283673459 563302508 563302508 844775470 844775470
38932403 1 0 29
844775470 67292391 844775470 24777060 179541553 283673459 24777060 67292391 283673459 283673459 844775470 844775470 563302508 563302508 563302508 283673459 844775470 283673459 179541553 563302508 283673459 283673459 24777060 179541553 283673459 844775470 283673459 67292391 283673459
639509617 0 0 37
67292391 67292391 844775470 844775470 24777060 283673459 283673459 283673459 24777060 283673459 844775470 24777060 67292391 24777060 283673459 67292391 283673459 283673459 67292391 67292391 179541553 179541553 844775470 844775470 844775470 844775470 283673459 563302508 844775470 283673459 67292391 283673459 179541553 67292391 24777060 844775470 67292391
989465416 1 0 47
563302508 563302508 67292391 179541553 563302508 283673459 283673459 179541553 67292391 844775470 844775470 844775470 179541553 67292391 67292391 563302508 24777060 24777060 563302508 844775470 24777060 179541553 179541553 283673459 24777060 844775470 844775470 24777060 563302508 24777060 844775470 563302508 844775470 563302508 844775470 563302508 563302508 24777060 844775470 844775470 179541553 67292391 67292391 67292391 24777060 563302508 67292391
756826606 0 0 49
563302508 24777060 179541553 844775470 179541553 563302508 67292391 283673459 24777060 67292391 283673459 283673459 24777060 844775470 179541553 283673459 24777060 179541553 67292391 67292391 67292391 283673459 283673459 844775470 179541553 24777060 179541553 67292391 179541553 24777060 844775470 24777060 24777060 283673459 844775470 67292391 283673459 563302508 24777060 283673459 844775470 283673459 67292391 24777060 24777060 24777060 24777060 24777060 67292391
895208752 1 0 3
24777060 67292391 24777060
533566864 0 0 4
844775470 179541553 179541553 563302508
843632296 0 0 1
24777060
246880475 0 0 27
67292391 563302508 179541553 179541553 283673459 844775470 24777060 24777060 283673459 844775470 844775470 24777060 563302508 67292391 283673459 844775470 179541553 179541553 844775470 563302508 283673459 179541553 179541553 179541553 563302508 283673459 24777060
177879510 0 0 6
67292391 67292391 563302508 179541553 179541553 283673459
114987406 1 0 36
179541553 844775470 179541553 179541553 563302508 844775470 179541553 24777060 283673459 67292391 67292391 283673459 179541553 24777060 179541553 179541553 844775470 24777060 179541553 283673459 563302508 24777060 24777060 24777060 179541553 24777060 179541553 179541553 283673459 179541553 844775470 563302508 67292391 563302508 24777060 844775470
58439360 0 0 13
283673459 283673459 844775470 67292391 179541553 563302508 67292391 283673459 844775470 563302508 844775470 283673459 563302508
47377966 0 0 44
844775470 24777060 563302508 283673459 24777060 844775470 283673459 67292391 283673459 563302508 179541553 67292391 283673459 24777060 283673459 844775470 179541553 67292391 563302508 67292391 67292391 24777060 179541553 563302508 563302508 179541553 179541553 24777060 283673459 563302508 844775470 24777060 24777060 844775470 563302508 563302508 67292391 67292391 179541553 24777060 67292391 563302508 179541553 67292391
191567735 1 0 27
563302508 67292391 844775470 24777060 283673459 283673459 24777060 844775470 563302508 563302508 283673459 563302508 179541553 67292391 179541553 283673459 179541553 844775470 563302508 24777060 67292391 179541553 67292391 67292391 283673459 563302508 179541553
275004104 1 0 34
563302508 67292391 24777060 67292391 283673459 179541553 844775470 563302508 844775470 24777060 844775470 179541553 283673459 283673459 844775470 179541553 283673459 24777060 563302508 844775470 67292391 283673459 24777060 24777060 563302508 283673459 844775470 67292391 563302508 844775470 844775470 563302508 563302508 179541553
173562831 0 0 20
179541553 179541553 844775470 67292391 563302508 179541553 179541553 563302508 24777060 179541553 563302508 24777060 179541553 24777060 283673459 563302508 563302508 844775470 67292391 67292391
536565647 0 0 35
179541553 24777060 67292391 67292391 563302508 67292391 283673459 67292391 24777060 283673459 67292391 67292391 67292391 179541553 24777060 24777060 563302508 844775470 283673459 179541553 283673459 563302508 563302508 283673459 844775470 283673459 179541553 24777060 179541553 844775470 283673459 67292391 844775470 24777060 844775470
531023883 0 0 1
563302508
119779573 1 0 47
179541553 179541553 67292391 844775470 24777060 283673459 844775470 563302508 283673459 283673459 283673459 24777060 563302508 67292391 283673459 844775470 179541553 67292391 283673459 179541553 24777060 67292391 844775470 24777060 67292391 563302508 24777060 844775470 563302508 844775470 24777060 179541553 283673459 179541553 283673459 563302508 179541553 283673459 67292391 563302508 67292391 179541553 24777060 179541553 24777060 67292391 283673459
525382264 0 0 20
283673459 67292391 179541553 67292391 67292391 179541553 67292391 563302508 24777060 283673459 283673459 844775470 563302508 179541553 24777060 67292391 24777060 179541553 563302508 563302508
40742591 1 0 1
563302508
207129077 0 0 48
563302508 844775470 563302508 179541553 844775470 24777060 563302508 844775470 563302508 67292391 67292391 563302508 844775470 67292391 24777060 844775470 844775470 283673459 24777060 67292391 283673459 283673459 179541553 179541553 24777060 844775470 24777060 563302508 844775470 844775470 283673459 844775470 844775470 179541553 179541553 844775470 844775470 179541553 283673459 563302508 283673459 179541553 24777060 563302508 283673459 844775470 844775470 24777060
68710030 0 0 22
563302508 283673459 283673459 179541553 24777060 67292391 179541553 24777060 67292391 844775470 283673459 24777060 67292391 844775470 179541553 24777060 67292391 844775470 283673459 563302508 24777060 563302508
793302384 0 0 10
283673459 283673459 67292391 67292391 563302508 67292391 24777060 283673459 24777060 67292391
445936196 0 0 1
283673459
43932971 0 0 14
179541553 67292391 283673459 24777060 67292391 563302508 283673459 283673459 283673459 283673459 24777060 283673459 67292391 24777060
280303889 0 0 15
67292391 179541553 283673459 24777060 563302508 563302508 283673459 844775470 283673459 563302508 283673459 563302508 24777060 179541553 563302508
256007271 0 0 37
179541553 283673459 67292391 67292391 67292391 844775470 283673459 563302508 844775470 179541553 179541553 563302508 283673459 179541553 179541553 563302508 563302508 24777060 283673459 179541553 283673459 24777060 283673459 179541553 67292391 283673459 24777060 283673459 24777060 67292391 24777060 844775470 67292391 283673459 563302508 563302508 283673459
887716382 0 0 12
283673459 563302508 67292391 283673459 24777060 563302508 283673459 179541553 67292391 67292391 283673459 24777060
437646777 0 0 5
67292391 179541553 844775470 844775470 563302508
