1512
20129019 1 1 1
394325509
20129019 1 0 1
394325509
795287514 1 1 1
273495551
795287514 1 0 1
273495551
796626964 0 1 3
402651993 827849741 395871693
796626964 0 0 3
402651993 827849741 395871693
33781093 1 1 3
402651993 402651993 395871693
33781093 1 0 3
402651993 402651993 395871693
843273990 0 1 2
273495551 827849741
212108482 0 1 2
949822219 827849741
1795866 0 1 3
949822219 827849741 827849741
848201909 1 1 3
273495551 273495551 827849741
135921286 0 1 2
273495551 273495551
28618705 1 1 3
402651993 949822219 395871693
963806261 0 1 1
827849741
923243699 1 1 3
766487633 394325509 394325509
504788528 1 1 3
827849741 394325509 827849741
504788528 1 0 3
827849741 394325509 827849741
326274611 0 1 2
949822219 827849741
983168648 1 1 3
766487633 402651993 395871693
181941567 0 1 3
402651993 827849741 395871693
288881764 1 1 3
394325509 949822219 766487633
764686486 0 1 3
273495551 949822219 394325509
177339875 1 1 2
766487633 766487633
447965181 1 1 3
949822219 395871693 827849741
53677832 1 1 2
827849741 394325509
630299377 0 1 2
394325509 394325509
221415390 1 1 2
395871693 402651993
923243699 1 0 3
766487633 394325509 394325509
129359800 1 1 3
949822219 766487633 402651993
26171069 0 1 3
827849741 827849741 949822219
494910941 0 1 1
402651993
376201660 1 1 3
402651993 766487633 395871693
706537162 1 1 1
766487633
447965181 1 0 3
949822219 395871693 827849741
750079285 1 1 1
827849741
142689293 0 1 3
949822219 395871693 402651993
508875732 1 1 1
766487633
622724655 0 1 2
394325509 394325509
937976806 1 1 3
273495551 273495551 827849741
158019047 0 1 1
949822219
656505748 0 1 3
949822219 394325509 949822219
633767147 1 1 3
273495551 949822219 827849741
370127528 1 1 2
827849741 949822219
510817965 0 1 2
402651993 273495551
334485408 0 1 1
394325509
358565165 1 1 1
394325509
376201660 1 0 3
402651993 766487633 395871693
539436669 0 1 3
395871693 766487633 766487633
298291668 0 1 1
395871693
326274611 0 0 2
949822219 827849741
134325215 1 1 2
273495551 827849741
44225197 1 1 3
402651993 273495551 949822219
477082630 1 1 3
395871693 395871693 949822219
117493862 0 1 3
402651993 394325509 394325509
78683115 1 1 2
402651993 766487633
765964393 0 1 3
949822219 395871693 766487633
734696700 1 1 1
949822219
256022989 1 1 1
827849741
44225197 1 0 3
402651993 273495551 949822219
66445926 1 1 3
394325509 827849741 827849741
640890883 1 1 1
949822219
886322365 0 1 3
394325509 273495551 395871693
287861315 0 1 2
402651993 827849741
622767034 1 1 3
766487633 402651993 395871693
765009786 0 1 3
273495551 395871693 273495551
782772255 1 1 2
766487633 395871693
998968694 0 1 1
402651993
324063299 0 1 3
949822219 766487633 827849741
385367892 1 1 2
949822219 766487633
994174338 1 1 3
949822219 395871693 766487633
832939030 1 1 1
949822219
8092546 1 1 2
394325509 394325509
784667495 1 1 1
402651993
142689293 0 0 3
949822219 395871693 402651993
656505748 0 0 3
949822219 394325509 949822219
990958076 0 1 1
766487633
517114645 0 1 1
273495551
270950993 1 1 2
949822219 273495551
213601955 0 1 1
949822219
288881764 1 0 3
394325509 949822219 766487633
212108482 0 0 2
949822219 827849741
27932609 0 1 1
827849741
605436400 1 1 1
273495551
572167119 1 1 3
395871693 766487633 766487633
117493862 0 0 3
402651993 394325509 394325509
419885630 0 1 1
394325509
903728067 0 1 1
394325509
706492333 1 1 2
949822219 402651993
316627178 1 1 2
949822219 402651993
633767147 1 0 3
273495551 949822219 827849741
233327048 1 1 1
827849741
676502547 1 1 1
827849741
213601955 0 0 1
949822219
247826644 0 1 1
949822219
999291441 1 1 2
949822219 827849741
263715598 1 1 3
273495551 766487633 402651993
503849633 0 1 3
394325509 402651993 395871693
676502547 1 0 1
827849741
65737366 0 1 1
949822219
904606480 1 1 3
827849741 273495551 394325509
784667495 1 0 1
402651993
242688349 0 1 2
402651993 395871693
206115032 1 1 3
395871693 273495551 402651993
379889865 1 1 2
273495551 273495551
860214486 1 1 2
827849741 949822219
988887287 0 1 2
394325509 402651993
231374910 0 1 2
949822219 395871693
184277784 0 1 3
402651993 949822219 827849741
226771530 1 1 3
394325509 766487633 273495551
78065599 1 1 2
827849741 395871693
17216813 0 1 2
273495551 395871693
234864075 0 1 1
402651993
862733093 0 1 2
395871693 766487633
860691240 1 1 3
402651993 766487633 402651993
751978720 0 1 2
766487633 402651993
133684086 1 1 1
766487633
74293194 0 1 1
949822219
632427680 1 1 3
395871693 395871693 949822219
739120485 1 1 1
402651993
646460312 1 1 2
395871693 394325509
904829661 1 1 1
766487633
495364904 1 1 3
394325509 827849741 395871693
247826644 0 0 1
949822219
205468997 0 1 3
395871693 949822219 273495551
848201909 1 0 3
273495551 273495551 827849741
73973190 1 1 1
766487633
133684086 1 0 1
766487633
728691951 1 1 3
402651993 827849741 766487633
881971543 0 1 3
827849741 402651993 402651993
321799834 1 1 3
394325509 394325509 949822219
580499743 1 1 2
949822219 766487633
145687140 1 1 3
402651993 273495551 394325509
825649466 0 1 1
394325509
498753460 0 1 3
949822219 394325509 949822219
902809971 1 1 3
402651993 949822219 766487633
920854166 1 1 1
827849741
704868492 0 1 2
949822219 394325509
135216187 0 1 2
395871693 766487633
781068652 1 1 1
402651993
546272130 1 1 1
402651993
366591097 0 1 2
766487633 273495551
817862787 0 1 2
949822219 766487633
773043659 1 1 1
395871693
444656695 0 1 1
827849741
687595952 0 1 1
394325509
860424085 0 1 1
402651993
159906140 0 1 3
394325509 273495551 402651993
548287191 0 1 1
394325509
464919156 1 1 2
394325509 395871693
78683115 1 0 2
402651993 766487633
293590225 0 1 1
766487633
475096737 1 1 2
766487633 949822219
97346836 1 1 3
395871693 949822219 949822219
885227061 0 1 2
949822219 273495551
17216813 0 0 2
273495551 395871693
781068652 1 0 1
402651993
1795866 0 0 3
949822219 827849741 827849741
121557048 1 1 2
766487633 273495551
854692848 1 1 2
395871693 827849741
233108316 1 1 2
766487633 402651993
179542396 0 1 3
273495551 827849741 827849741
928666038 0 1 2
273495551 949822219
961800267 1 1 1
827849741
61513938 0 1 1
394325509
250465871 1 1 3
402651993 949822219 402651993
503849633 0 0 3
394325509 402651993 395871693
394816361 0 1 2
827849741 395871693
59717429 1 1 3
827849741 394325509 827849741
928631688 1 1 3
395871693 766487633 395871693
746086173 0 1 1
827849741
962527399 1 1 2
395871693 273495551
28618705 1 0 3
402651993 949822219 395871693
998968694 0 0 1
402651993
849485853 1 1 3
949822219 766487633 395871693
303471016 0 1 2
273495551 402651993
97743586 1 1 1
395871693
483070856 0 1 1
402651993
849743145 1 1 2
402651993 395871693
316851034 0 1 1
766487633
153449995 1 1 2
766487633 394325509
475303155 0 1 3
273495551 827849741 949822219
761507728 1 1 1
827849741
841045946 0 1 2
402651993 273495551
188243591 0 1 3
273495551 766487633 402651993
921413867 0 1 3
394325509 766487633 394325509
241849488 0 1 2
394325509 766487633
653162747 1 1 1
766487633
67520443 0 1 3
273495551 394325509 395871693
716946224 0 1 3
395871693 395871693 402651993
603025934 1 1 1
394325509
952747504 0 1 1
273495551
8092546 1 0 2
394325509 394325509
691019624 1 1 2
766487633 273495551
457718781 1 1 2
827849741 402651993
38372171 1 1 1
273495551
135921286 0 0 2
273495551 273495551
870562019 0 1 3
949822219 402651993 766487633
238901170 1 1 3
395871693 827849741 402651993
172437 0 1 1
402651993
932075957 1 1 3
949822219 402651993 402651993
489367040 0 1 3
402651993 766487633 402651993
765964393 0 0 3
949822219 395871693 766487633
475096737 1 0 2
766487633 949822219
886322365 0 0 3
394325509 273495551 395871693
687595952 0 0 1
394325509
247505150 0 1 2
394325509 395871693
991793385 1 1 1
402651993
145687140 1 0 3
402651993 273495551 394325509
270515079 0 1 3
766487633 273495551 395871693
993591322 0 1 3
949822219 402651993 273495551
806837136 1 1 2
949822219 949822219
120000932 0 1 3
766487633 395871693 766487633
653162747 1 0 1
766487633
149578689 1 1 2
273495551 827849741
904580721 0 1 2
766487633 402651993
455588139 0 1 3
827849741 394325509 402651993
303471016 0 0 2
273495551 402651993
999321833 0 1 3
402651993 273495551 949822219
73948106 0 1 2
827849741 766487633
609038133 0 1 1
827849741
327141339 1 1 1
766487633
835455833 1 1 2
949822219 273495551
302600430 1 1 2
402651993 273495551
515384929 1 1 3
394325509 402651993 273495551
609386052 0 1 2
394325509 395871693
544449918 1 1 2
402651993 766487633
21064027 0 1 1
827849741
963806261 0 0 1
827849741
529422846 1 1 1
273495551
327141339 1 0 1
766487633
261396141 0 1 3
402651993 766487633 273495551
624089960 1 1 3
394325509 395871693 273495551
334686701 0 1 1
402651993
952415764 0 1 1
766487633
81808741 1 1 3
827849741 402651993 827849741
373058872 1 1 1
394325509
675494135 0 1 2
766487633 273495551
173226262 1 1 3
395871693 395871693 402651993
991793385 1 0 1
402651993
225747660 0 1 2
949822219 273495551
460086443 1 1 2
395871693 273495551
662593302 1 1 3
394325509 394325509 402651993
473252809 1 1 1
395871693
304396179 1 1 3
766487633 273495551 395871693
933108380 1 1 1
949822219
319360482 0 1 3
273495551 395871693 402651993
111233314 1 1 1
402651993
905625663 1 1 3
394325509 395871693 395871693
468939170 1 1 3
402651993 827849741 827849741
868330386 1 1 1
402651993
213730154 0 1 1
395871693
320777354 1 1 3
949822219 766487633 827849741
942278491 0 1 3
827849741 402651993 766487633
675284638 1 1 2
949822219 766487633
500435044 1 1 2
766487633 402651993
320777354 1 0 3
949822219 766487633 827849741
630250676 1 1 3
395871693 827849741 394325509
977885068 0 1 2
273495551 402651993
15819973 0 1 2
394325509 766487633
92153079 1 1 2
766487633 394325509
522334985 1 1 1
949822219
36883999 1 1 1
394325509
621575924 1 1 2
949822219 394325509
636247477 0 1 1
402651993
513490311 1 1 1
395871693
691019624 1 0 2
766487633 273495551
956262625 0 1 1
402651993
441179593 1 1 3
766487633 394325509 394325509
447815403 1 1 1
402651993
329321496 0 1 3
949822219 402651993 949822219
116673727 0 1 2
273495551 395871693
621041664 0 1 1
273495551
902809971 1 0 3
402651993 949822219 766487633
555069155 1 1 2
827849741 827849741
576760169 0 1 1
949822219
609386052 0 0 2
394325509 395871693
136151317 0 1 1
766487633
880838316 1 1 1
827849741
868330386 1 0 1
402651993
881156347 1 1 3
395871693 766487633 766487633
69259697 0 1 2
949822219 766487633
52715149 1 1 1
273495551
844906013 1 1 3
394325509 827849741 827849741
904606480 1 0 3
827849741 273495551 394325509
827401711 1 1 3
273495551 949822219 827849741
521654319 0 1 1
395871693
713236398 0 1 1
394325509
893648216 1 1 2
273495551 827849741
694948024 1 1 2
394325509 766487633
508031241 1 1 3
949822219 273495551 766487633
568932854 1 1 2
949822219 766487633
961800267 1 0 1
827849741
195383068 0 1 2
402651993 273495551
138281916 1 1 2
395871693 949822219
399334273 0 1 3
949822219 402651993 949822219
63719392 1 1 1
827849741
230434994 1 1 3
402651993 395871693 394325509
921669257 0 1 1
402651993
135216187 0 0 2
395871693 766487633
953119742 0 1 3
827849741 273495551 766487633
852010917 0 1 3
827849741 394325509 827849741
410433085 0 1 3
766487633 766487633 394325509
466610052 0 1 1
273495551
854692848 1 0 2
395871693 827849741
660789893 1 1 2
273495551 766487633
933108380 1 0 1
949822219
851612677 0 1 3
395871693 394325509 395871693
952747504 0 0 1
273495551
334485408 0 0 1
394325509
914425454 0 1 1
395871693
990111388 0 1 1
394325509
968286403 1 1 2
402651993 395871693
387983470 0 1 2
273495551 827849741
397696895 0 1 1
395871693
397562923 1 1 2
766487633 827849741
524134786 0 1 1
827849741
131051562 1 1 2
394325509 827849741
131235622 0 1 2
402651993 949822219
445910834 1 1 3
949822219 394325509 827849741
183766710 0 1 2
949822219 766487633
893648216 1 0 2
273495551 827849741
976141634 1 1 3
273495551 766487633 949822219
125828897 1 1 1
394325509
705421028 1 1 2
273495551 273495551
541894383 0 1 2
949822219 827849741
19477112 0 1 3
394325509 394325509 766487633
252885404 1 1 2
395871693 395871693
49925623 1 1 2
949822219 402651993
440926317 1 1 2
395871693 394325509
448268471 0 1 1
827849741
40723890 1 1 3
827849741 394325509 394325509
840260589 1 1 3
394325509 827849741 827849741
364504214 1 1 1
273495551
123675235 1 1 3
395871693 394325509 766487633
614446197 1 1 3
273495551 394325509 402651993
317623955 1 1 2
766487633 402651993
52715149 1 0 1
273495551
975686152 1 1 2
394325509 394325509
24879282 0 1 3
394325509 402651993 766487633
636750359 0 1 3
395871693 394325509 402651993
385367892 1 0 2
949822219 766487633
488992396 0 1 1
394325509
876491958 0 1 3
273495551 395871693 395871693
403692164 1 1 1
766487633
331620136 0 1 2
949822219 394325509
697294713 0 1 2
395871693 394325509
791675633 1 1 2
949822219 766487633
729317030 1 1 2
273495551 394325509
947373987 1 1 3
402651993 394325509 949822219
315810419 1 1 1
273495551
860368591 0 1 2
949822219 273495551
78609608 1 1 3
395871693 949822219 827849741
580499743 1 0 2
949822219 766487633
761721252 1 1 2
402651993 827849741
44135300 0 1 1
402651993
907267593 0 1 1
394325509
887550148 1 1 3
766487633 827849741 273495551
602072680 0 1 2
766487633 273495551
447815403 1 0 1
402651993
881971543 0 0 3
827849741 402651993 402651993
301678328 1 1 3
949822219 273495551 402651993
759543612 1 1 2
827849741 394325509
854958083 1 1 1
273495551
204120302 0 1 3
395871693 395871693 394325509
200469928 1 1 2
949822219 766487633
827401711 1 0 3
273495551 949822219 827849741
155742905 1 1 1
766487633
97360544 1 1 2
949822219 394325509
508031241 1 0 3
949822219 273495551 766487633
630299377 0 0 2
394325509 394325509
40730517 0 1 1
395871693
520247118 0 1 3
402651993 766487633 273495551
221035778 1 1 2
273495551 394325509
507693065 0 1 1
766487633
690387424 1 1 3
827849741 766487633 827849741
69259697 0 0 2
949822219 766487633
49238281 0 1 1
827849741
532572346 0 1 3
402651993 395871693 273495551
327137782 1 1 3
949822219 273495551 827849741
483070856 0 0 1
402651993
538230677 1 1 3
273495551 273495551 949822219
40730517 0 0 1
395871693
261580656 0 1 2
273495551 395871693
730829946 1 1 1
827849741
125828897 1 0 1
394325509
869850812 0 1 1
949822219
811391720 0 1 1
827849741
375021930 1 1 1
402651993
451684193 1 1 1
394325509
758765706 1 1 1
394325509
690832348 0 1 2
402651993 827849741
164569135 0 1 2
949822219 402651993
689891666 1 1 1
402651993
78609608 1 0 3
395871693 949822219 827849741
305069952 0 1 2
394325509 827849741
61220786 0 1 2
273495551 766487633
449675610 1 1 1
394325509
45136451 1 1 1
949822219
252885404 1 0 2
395871693 395871693
663293465 1 1 1
766487633
603870289 1 1 3
402651993 395871693 394325509
804680062 1 1 3
949822219 949822219 394325509
630250676 1 0 3
395871693 827849741 394325509
370767899 0 1 1
402651993
807990591 0 1 2
949822219 766487633
857666342 0 1 3
766487633 394325509 395871693
379027155 0 1 3
395871693 949822219 395871693
905351134 0 1 2
395871693 949822219
750913210 0 1 1
395871693
899274272 1 1 1
402651993
126386911 1 1 1
766487633
258606274 0 1 1
395871693
442178048 0 1 3
394325509 395871693 827849741
28141544 1 1 1
395871693
643694972 1 1 1
273495551
769315829 0 1 3
395871693 402651993 395871693
566372220 1 1 1
949822219
905275627 1 1 1
402651993
352662126 1 1 2
394325509 949822219
436223031 1 1 3
402651993 394325509 273495551
569183698 1 1 3
395871693 949822219 949822219
263715598 1 0 3
273495551 766487633 402651993
727684056 0 1 3
273495551 949822219 395871693
887907223 1 1 1
395871693
180465755 0 1 2
273495551 949822219
271032755 0 1 1
766487633
52476357 1 1 3
827849741 402651993 394325509
870357420 1 1 3
766487633 402651993 394325509
428619058 1 1 1
394325509
113697142 0 1 3
827849741 766487633 395871693
172549382 0 1 1
273495551
473755509 1 1 1
949822219
629506959 1 1 3
949822219 394325509 827849741
776419670 0 1 2
766487633 394325509
451684193 1 0 1
394325509
130951922 0 1 1
402651993
852791209 1 1 3
949822219 395871693 949822219
183766710 0 0 2
949822219 766487633
436926612 0 1 1
827849741
751978720 0 0 2
766487633 402651993
315810419 1 0 1
273495551
221415390 1 0 2
395871693 402651993
988618263 0 1 3
273495551 827849741 766487633
231818364 0 1 2
395871693 273495551
194794097 0 1 3
949822219 827849741 949822219
113697142 0 0 3
827849741 766487633 395871693
592047824 1 1 2
394325509 766487633
983608987 1 1 3
766487633 949822219 766487633
419885630 0 0 1
394325509
173697360 1 1 2
395871693 827849741
850654098 1 1 1
395871693
425787034 1 1 1
394325509
201838903 1 1 3
395871693 394325509 402651993
346865421 0 1 3
766487633 394325509 949822219
47619215 0 1 3
273495551 273495551 766487633
768211122 1 1 2
273495551 395871693
104657399 0 1 3
394325509 766487633 395871693
252797692 0 1 1
395871693
56950504 0 1 2
394325509 273495551
673841096 0 1 2
827849741 394325509
230434994 1 0 3
402651993 395871693 394325509
129359800 1 0 3
949822219 766487633 402651993
980481747 1 1 1
273495551
797374078 1 1 3
273495551 402651993 273495551
854306850 0 1 2
394325509 273495551
104030854 1 1 2
394325509 827849741
702366786 1 1 3
949822219 949822219 402651993
577180622 1 1 1
273495551
532649911 1 1 3
273495551 395871693 273495551
668580279 1 1 3
827849741 766487633 273495551
749730003 1 1 1
827849741
234864075 0 0 1
402651993
858921771 0 1 1
394325509
150603589 1 1 2
395871693 827849741
520247118 0 0 3
402651993 766487633 273495551
378666024 1 1 2
827849741 273495551
989873693 1 1 1
395871693
3394798 1 1 2
395871693 766487633
668108988 0 1 1
402651993
831008307 0 1 3
766487633 402651993 402651993
544449918 1 0 2
402651993 766487633
87729513 0 1 3
827849741 949822219 827849741
862903084 1 1 3
394325509 394325509 827849741
275572483 1 1 3
402651993 827849741 273495551
71338499 0 1 3
273495551 949822219 402651993
889116795 0 1 1
766487633
126226580 0 1 1
766487633
349641885 1 1 1
395871693
624089960 1 0 3
394325509 395871693 273495551
233108316 1 0 2
766487633 402651993
90955697 1 1 3
827849741 394325509 273495551
325608352 0 1 1
402651993
252797692 0 0 1
395871693
397261099 0 1 1
395871693
711683170 0 1 3
949822219 273495551 395871693
430265750 0 1 3
273495551 949822219 949822219
650058790 0 1 1
273495551
116673727 0 0 2
273495551 395871693
621150025 0 1 1
395871693
104106845 0 1 1
273495551
713236398 0 0 1
394325509
134325215 1 0 2
273495551 827849741
483056889 1 1 3
402651993 766487633 766487633
379027155 0 0 3
395871693 949822219 395871693
418524102 0 1 1
949822219
958413694 0 1 3
827849741 402651993 827849741
439604094 0 1 3
273495551 766487633 402651993
705421028 1 0 2
273495551 273495551
120890887 0 1 2
395871693 949822219
388110667 1 1 1
949822219
972254004 0 1 1
827849741
641987518 1 1 2
273495551 395871693
137840669 1 1 3
402651993 827849741 273495551
683692127 0 1 3
402651993 402651993 394325509
792591106 0 1 3
394325509 402651993 394325509
369023045 0 1 3
395871693 949822219 766487633
526082171 1 1 1
273495551
746086173 0 0 1
827849741
188243591 0 0 3
273495551 766487633 402651993
795985903 1 1 3
394325509 949822219 273495551
37132032 0 1 1
395871693
209606829 0 1 2
395871693 402651993
883715415 0 1 1
273495551
765009786 0 0 3
273495551 395871693 273495551
752551467 1 1 2
395871693 273495551
485179311 0 1 1
273495551
807570266 1 1 1
766487633
494184614 0 1 3
395871693 395871693 395871693
463922242 0 1 3
827849741 395871693 827849741
157212150 0 1 3
394325509 949822219 766487633
437656662 0 1 2
402651993 949822219
789530593 1 1 2
402651993 402651993
406989600 0 1 2
394325509 766487633
1856184 0 1 2
273495551 949822219
219796342 0 1 3
949822219 766487633 273495551
57048389 0 1 3
402651993 402651993 949822219
623006208 0 1 2
766487633 395871693
176419538 1 1 2
395871693 827849741
392621629 1 1 2
395871693 394325509
41530310 1 1 3
394325509 827849741 766487633
840260589 1 0 3
394325509 827849741 827849741
643694972 1 0 1
273495551
134833232 0 1 3
827849741 949822219 827849741
832225722 0 1 2
395871693 766487633
662593302 1 0 3
394325509 394325509 402651993
14937548 1 1 3
827849741 394325509 827849741
792591106 0 0 3
394325509 402651993 394325509
375460250 1 1 3
402651993 402651993 395871693
656996078 1 1 3
766487633 949822219 273495551
509441417 0 1 2
273495551 949822219
365817271 0 1 2
766487633 273495551
193204556 0 1 1
766487633
302032523 1 1 3
394325509 402651993 402651993
734840315 1 1 1
273495551
428619058 1 0 1
394325509
928666038 0 0 2
273495551 949822219
719286726 0 1 3
402651993 949822219 402651993
950534777 0 1 3
766487633 394325509 766487633
624488698 0 1 1
766487633
928893554 0 1 1
949822219
686766544 1 1 3
273495551 766487633 395871693
229556516 1 1 2
402651993 394325509
414072865 0 1 1
395871693
494336809 1 1 1
395871693
723741129 0 1 3
395871693 949822219 273495551
877995106 1 1 3
766487633 766487633 273495551
504065310 0 1 2
949822219 273495551
13914143 0 1 1
394325509
520042051 1 1 2
273495551 766487633
911054909 1 1 3
402651993 395871693 395871693
15770326 1 1 3
394325509 273495551 394325509
739838392 0 1 2
402651993 827849741
820619649 1 1 1
827849741
638776533 0 1 1
827849741
916257930 1 1 3
395871693 395871693 766487633
67520443 0 0 3
273495551 394325509 395871693
65757630 1 1 1
273495551
532823194 0 1 2
402651993 766487633
903607513 0 1 3
827849741 395871693 827849741
897983351 0 1 1
766487633
400277094 1 1 1
827849741
131584114 1 1 3
949822219 766487633 394325509
407495780 1 1 3
394325509 273495551 395871693
909718510 1 1 2
949822219 273495551
497401384 1 1 3
394325509 949822219 395871693
600700335 0 1 2
395871693 949822219
64267384 1 1 1
766487633
84758050 0 1 2
394325509 273495551
172503412 0 1 1
949822219
14802161 1 1 3
394325509 827849741 273495551
709246747 1 1 3
949822219 402651993 827849741
811391720 0 0 1
827849741
101396966 0 1 1
273495551
701568704 0 1 2
395871693 402651993
791319615 1 1 3
766487633 273495551 402651993
1856184 0 0 2
273495551 949822219
367986182 0 1 3
402651993 827849741 273495551
48421864 1 1 3
766487633 766487633 766487633
367577095 0 1 1
766487633
242688349 0 0 2
402651993 395871693
98497639 0 1 2
395871693 949822219
552487173 0 1 1
273495551
381491237 0 1 3
394325509 273495551 949822219
618539689 0 1 2
949822219 766487633
316058433 0 1 3
273495551 827849741 273495551
397261562 1 1 1
395871693
210894433 0 1 3
273495551 949822219 402651993
869850812 0 0 1
949822219
136678081 0 1 2
827849741 949822219
36038095 0 1 3
949822219 766487633 827849741
127152362 1 1 3
402651993 395871693 394325509
202435710 0 1 1
827849741
568861288 1 1 1
766487633
883276226 0 1 3
766487633 394325509 402651993
952935413 1 1 3
402651993 949822219 949822219
92153079 1 0 2
766487633 394325509
969138381 0 1 1
395871693
47619215 0 0 3
273495551 273495551 766487633
14860339 0 1 2
394325509 827849741
212947544 0 1 1
402651993
731373243 1 1 1
395871693
364778075 0 1 1
827849741
813647879 1 1 2
827849741 402651993
795640626 1 1 3
402651993 394325509 827849741
449536124 0 1 2
766487633 949822219
466610052 0 0 1
273495551
986151290 0 1 1
827849741
810442786 0 1 2
394325509 402651993
11299223 1 1 3
827849741 766487633 827849741
983168648 1 0 3
766487633 402651993 395871693
940064607 0 1 3
273495551 273495551 395871693
364527841 1 1 3
402651993 395871693 394325509
802618837 0 1 1
766487633
308050788 1 1 2
395871693 402651993
265466056 0 1 1
827849741
170195931 1 1 2
273495551 395871693
406548427 1 1 3
273495551 395871693 402651993
817953228 1 1 2
827849741 827849741
551687168 1 1 1
395871693
25088115 0 1 2
395871693 395871693
134011660 0 1 2
827849741 827849741
948948729 1 1 2
402651993 766487633
88498899 1 1 2
402651993 394325509
123206093 0 1 2
394325509 402651993
494910941 0 0 1
402651993
837503175 0 1 1
395871693
98497639 0 0 2
395871693 949822219
887550148 1 0 3
766487633 827849741 273495551
68167612 1 1 1
402651993
231374910 0 0 2
949822219 395871693
178158154 0 1 3
402651993 395871693 394325509
258880815 1 1 1
827849741
951443837 0 1 3
273495551 273495551 395871693
44135300 0 0 1
402651993
701568704 0 0 2
395871693 402651993
131093566 0 1 1
394325509
80535547 1 1 2
273495551 766487633
818820528 0 1 1
949822219
324063299 0 0 3
949822219 766487633 827849741
344041110 1 1 2
766487633 766487633
811908789 0 1 3
827849741 402651993 827849741
36114954 1 1 1
395871693
10205340 0 1 1
949822219
607549415 0 1 2
827849741 273495551
485651077 0 1 1
827849741
848872981 1 1 1
949822219
270508552 1 1 1
394325509
496950299 0 1 2
949822219 402651993
788937588 0 1 2
766487633 827849741
487552745 1 1 3
395871693 395871693 395871693
887907223 1 0 1
395871693
299569135 1 1 1
402651993
949504727 0 1 2
273495551 394325509
753018800 1 1 1
402651993
322281418 1 1 3
402651993 273495551 395871693
208569505 0 1 2
827849741 394325509
752551467 1 0 2
395871693 273495551
423488380 1 1 1
402651993
873968585 0 1 1
949822219
375460250 1 0 3
402651993 402651993 395871693
86173972 0 1 1
402651993
622724655 0 0 2
394325509 394325509
410016391 1 1 2
402651993 394325509
675433665 1 1 2
766487633 394325509
174672870 1 1 2
827849741 394325509
533222483 0 1 2
766487633 395871693
365453192 0 1 3
395871693 949822219 394325509
242840482 0 1 3
273495551 394325509 949822219
711380637 1 1 2
827849741 766487633
624334006 0 1 3
766487633 402651993 827849741
46800670 0 1 1
394325509
694990554 0 1 2
949822219 394325509
177339875 1 0 2
766487633 766487633
704869552 0 1 1
827849741
865621197 0 1 3
402651993 273495551 949822219
683692127 0 0 3
402651993 402651993 394325509
39031663 0 1 1
949822219
516778341 0 1 1
394325509
901736150 0 1 3
273495551 395871693 402651993
901753354 1 1 2
395871693 827849741
976844107 0 1 3
949822219 395871693 827849741
820619649 1 0 1
827849741
239903579 1 1 1
273495551
750626335 1 1 2
395871693 273495551
99869010 0 1 3
394325509 827849741 949822219
736853877 0 1 3
402651993 394325509 273495551
392080274 1 1 1
402651993
587421754 0 1 3
273495551 394325509 949822219
131051562 1 0 2
394325509 827849741
36423012 1 1 3
766487633 273495551 766487633
914425454 0 0 1
395871693
194101352 1 1 1
273495551
340440554 0 1 2
766487633 766487633
211220781 1 1 1
402651993
402670857 0 1 1
766487633
763928933 1 1 1
402651993
85189365 1 1 3
827849741 395871693 273495551
488844828 1 1 1
395871693
26461675 0 1 2
402651993 273495551
613139381 1 1 3
827849741 273495551 394325509
663517697 0 1 2
273495551 395871693
559684158 0 1 2
402651993 766487633
978592572 0 1 1
766487633
906358178 0 1 3
766487633 394325509 402651993
136678081 0 0 2
827849741 949822219
463922242 0 0 3
827849741 395871693 827849741
806837136 1 0 2
949822219 949822219
123581146 0 1 2
394325509 949822219
455442929 1 1 1
949822219
953158848 0 1 2
394325509 394325509
818571699 0 1 1
766487633
160312481 0 1 2
949822219 949822219
671296396 1 1 1
949822219
951443837 0 0 3
273495551 273495551 395871693
710119714 0 1 2
395871693 395871693
529607173 0 1 1
827849741
425548898 0 1 1
273495551
464389419 0 1 2
395871693 273495551
506451279 1 1 1
395871693
665452476 0 1 2
394325509 395871693
67532105 1 1 2
949822219 949822219
606320288 0 1 2
827849741 402651993
402306352 0 1 1
827849741
459612378 0 1 3
402651993 394325509 394325509
46258394 1 1 1
827849741
46800670 0 0 1
394325509
291245715 1 1 3
395871693 273495551 394325509
653713730 0 1 3
402651993 395871693 394325509
386698947 0 1 1
949822219
502466495 0 1 2
766487633 949822219
56384586 0 1 3
273495551 949822219 394325509
3144231 0 1 2
766487633 395871693
440172211 1 1 3
949822219 827849741 395871693
397745765 0 1 1
402651993
29605905 0 1 1
273495551
905827944 0 1 3
394325509 949822219 949822219
61263461 1 1 1
273495551
441806414 1 1 2
394325509 827849741
736936867 0 1 1
395871693
967621639 0 1 3
394325509 402651993 394325509
565387559 1 1 3
394325509 273495551 402651993
192379796 0 1 1
395871693
773296838 1 1 1
766487633
236475610 0 1 2
394325509 766487633
205208628 1 1 3
402651993 766487633 402651993
444593233 1 1 3
395871693 394325509 395871693
999321833 0 0 3
402651993 273495551 949822219
799111675 0 1 3
273495551 402651993 395871693
734815800 1 1 3
827849741 394325509 402651993
870142130 1 1 3
766487633 949822219 394325509
263501093 0 1 1
949822219
93783430 1 1 1
273495551
388110957 0 1 1
273495551
331033198 1 1 2
273495551 827849741
700103717 1 1 2
394325509 395871693
790417309 1 1 1
949822219
643161927 0 1 3
949822219 766487633 949822219
746362110 0 1 1
394325509
934179375 0 1 1
949822219
149392008 0 1 1
827849741
985577408 0 1 3
273495551 949822219 949822219
289162222 0 1 1
273495551
58292945 1 1 3
766487633 273495551 394325509
459612378 0 0 3
402651993 394325509 394325509
397696895 0 0 1
395871693
988721638 1 1 2
395871693 949822219
729334432 0 1 1
395871693
456038709 1 1 1
395871693
870843895 0 1 2
395871693 766487633
487678727 1 1 1
949822219
643161927 0 0 3
949822219 766487633 949822219
517302170 0 1 3
395871693 402651993 827849741
312650308 1 1 1
949822219
231818364 0 0 2
395871693 273495551
224615594 1 1 2
395871693 394325509
337440160 0 1 1
827849741
730554219 1 1 3
949822219 949822219 273495551
269511741 0 1 1
394325509
48421864 1 0 3
766487633 766487633 766487633
110736997 0 1 3
827849741 402651993 827849741
967029828 0 1 2
827849741 395871693
474720368 0 1 2
273495551 273495551
407846581 0 1 2
827849741 949822219
618657854 0 1 2
395871693 273495551
209536167 0 1 2
402651993 395871693
130505063 1 1 2
273495551 395871693
882158946 1 1 2
766487633 273495551
303319596 0 1 2
949822219 827849741
518616019 1 1 3
273495551 395871693 766487633
65708495 1 1 2
394325509 273495551
855939664 1 1 2
395871693 395871693
161549679 1 1 1
827849741
708870422 1 1 2
395871693 949822219
454818126 1 1 3
402651993 273495551 402651993
95729054 0 1 3
827849741 766487633 394325509
858262429 1 1 1
273495551
440395533 1 1 2
766487633 766487633
237407627 1 1 1
766487633
916555374 0 1 3
827849741 273495551 394325509
281633523 0 1 1
395871693
966742058 0 1 3
827849741 394325509 949822219
850654098 1 0 1
395871693
225110434 1 1 1
949822219
155742905 1 0 1
766487633
4993769 1 1 1
273495551
306937137 1 1 3
949822219 394325509 273495551
742412603 1 1 1
766487633
317644076 0 1 1
273495551
531552730 0 1 3
394325509 395871693 273495551
932369114 0 1 2
394325509 402651993
48198294 1 1 3
273495551 394325509 949822219
709246747 1 0 3
949822219 402651993 827849741
801064470 1 1 3
827849741 273495551 827849741
895622462 1 1 3
402651993 395871693 766487633
867744473 1 1 3
827849741 949822219 394325509
728691951 1 0 3
402651993 827849741 766487633
636247477 0 0 1
402651993
789530593 1 0 2
402651993 402651993
97360544 1 0 2
949822219 394325509
128301189 1 1 1
273495551
155985395 1 1 2
273495551 395871693
338918678 1 1 3
395871693 402651993 402651993
337837355 1 1 2
766487633 949822219
286490457 0 1 1
394325509
73593976 0 1 3
402651993 395871693 273495551
493673302 1 1 3
273495551 273495551 273495551
657622827 0 1 2
273495551 766487633
139302470 1 1 2
949822219 394325509
349612965 1 1 1
395871693
819172506 0 1 2
273495551 394325509
843273990 0 0 2
273495551 827849741
367577095 0 0 1
766487633
700689243 1 1 2
827849741 766487633
804431090 1 1 3
766487633 394325509 827849741
322281418 1 0 3
402651993 273495551 395871693
767417911 0 1 1
273495551
411468024 0 1 3
827849741 949822219 273495551
97342975 1 1 2
394325509 395871693
4825537 0 1 1
395871693
180539749 0 1 1
402651993
231492849 1 1 1
949822219
824083946 0 1 3
394325509 402651993 827849741
405650182 1 1 3
273495551 273495551 402651993
236486617 0 1 1
395871693
131021082 0 1 1
394325509
579137 0 1 3
395871693 395871693 949822219
554130692 1 1 1
394325509
515090163 0 1 3
394325509 273495551 402651993
932948250 0 1 1
949822219
497401384 1 0 3
394325509 949822219 395871693
454845338 1 1 2
395871693 766487633
168670984 0 1 1
402651993
828570712 0 1 1
949822219
175106162 1 1 2
273495551 402651993
988887287 0 0 2
394325509 402651993
296972172 0 1 2
273495551 395871693
984556106 0 1 2
273495551 827849741
514024840 1 1 2
273495551 402651993
487325878 0 1 3
827849741 766487633 394325509
123562914 0 1 2
949822219 827849741
587618815 0 1 1
949822219
980999179 1 1 2
394325509 766487633
136151317 0 0 1
766487633
781185740 1 1 3
827849741 766487633 402651993
579437636 0 1 3
394325509 394325509 402651993
183128496 0 1 3
395871693 827849741 273495551
452874597 0 1 1
273495551
280126879 0 1 1
402651993
987559585 0 1 3
827849741 766487633 273495551
80535547 1 0 2
273495551 766487633
72808859 1 1 2
827849741 273495551
691594902 0 1 1
395871693
937418911 0 1 2
273495551 402651993
930150747 0 1 1
766487633
872134650 0 1 1
395871693
168911759 0 1 1
273495551
606751045 0 1 3
827849741 394325509 394325509
130301183 0 1 3
395871693 402651993 949822219
405398375 0 1 1
949822219
590288478 0 1 1
766487633
130880319 0 1 1
402651993
812045419 0 1 1
949822219
105378641 1 1 2
402651993 395871693
63828569 1 1 1
949822219
750626335 1 0 2
395871693 273495551
832939030 1 0 1
949822219
123562914 0 0 2
949822219 827849741
603870289 1 0 3
402651993 395871693 394325509
646460312 1 0 2
395871693 394325509
397562923 1 0 2
766487633 827849741
349612965 1 0 1
395871693
301678328 1 0 3
949822219 273495551 402651993
183128496 0 0 3
395871693 827849741 273495551
759543612 1 0 2
827849741 394325509
364527841 1 0 3
402651993 395871693 394325509
657622827 0 0 2
273495551 766487633
990111388 0 0 1
394325509
953119742 0 0 3
827849741 273495551 766487633
538230677 1 0 3
273495551 273495551 949822219
773043659 1 0 1
395871693
736936867 0 0 1
395871693
873968585 0 0 1
949822219
454845338 1 0 2
395871693 766487633
818571699 0 0 1
766487633
867744473 1 0 3
827849741 949822219 394325509
195383068 0 0 2
402651993 273495551
813647879 1 0 2
827849741 402651993
903728067 0 0 1
394325509
555069155 1 0 2
827849741 827849741
48198294 1 0 3
273495551 394325509 949822219
4993769 1 0 1
273495551
178158154 0 0 3
402651993 395871693 394325509
63828569 1 0 1
949822219
956262625 0 0 1
402651993
968286403 1 0 2
402651993 395871693
508875732 1 0 1
766487633
782772255 1 0 2
766487633 395871693
551687168 1 0 1
395871693
270515079 0 0 3
766487633 273495551 395871693
53677832 1 0 2
827849741 394325509
449536124 0 0 2
766487633 949822219
967029828 0 0 2
827849741 395871693
334686701 0 0 1
402651993
375021930 1 0 1
402651993
123675235 1 0 3
395871693 394325509 766487633
270950993 1 0 2
949822219 273495551
613139381 1 0 3
827849741 273495551 394325509
966742058 0 0 3
827849741 394325509 949822219
905625663 1 0 3
394325509 395871693 395871693
370767899 0 0 1
402651993
704868492 0 0 2
949822219 394325509
201838903 1 0 3
395871693 394325509 402651993
532823194 0 0 2
402651993 766487633
623006208 0 0 2
766487633 395871693
566372220 1 0 1
949822219
131021082 0 0 1
394325509
988721638 1 0 2
395871693 949822219
364504214 1 0 1
273495551
138281916 1 0 2
395871693 949822219
337440160 0 0 1
827849741
753018800 1 0 1
402651993
791319615 1 0 3
766487633 273495551 402651993
231492849 1 0 1
949822219
425548898 0 0 1
273495551
768211122 1 0 2
273495551 395871693
302600430 1 0 2
402651993 273495551
193204556 0 0 1
766487633
804680062 1 0 3
949822219 949822219 394325509
579437636 0 0 3
394325509 394325509 402651993
263501093 0 0 1
949822219
587421754 0 0 3
273495551 394325509 949822219
860368591 0 0 2
949822219 273495551
319360482 0 0 3
273495551 395871693 402651993
38372171 1 0 1
273495551
212947544 0 0 1
402651993
474720368 0 0 2
273495551 273495551
36423012 1 0 3
766487633 273495551 766487633
304396179 1 0 3
766487633 273495551 395871693
158019047 0 0 1
949822219
781185740 1 0 3
827849741 766487633 402651993
387983470 0 0 2
273495551 827849741
128301189 1 0 1
273495551
29605905 0 0 1
273495551
852791209 1 0 3
949822219 395871693 949822219
97346836 1 0 3
395871693 949822219 949822219
105378641 1 0 2
402651993 395871693
57048389 0 0 3
402651993 402651993 949822219
510817965 0 0 2
402651993 273495551
410433085 0 0 3
766487633 766487633 394325509
97342975 1 0 2
394325509 395871693
690832348 0 0 2
402651993 827849741
261396141 0 0 3
402651993 766487633 273495551
261580656 0 0 2
273495551 395871693
150603589 1 0 2
395871693 827849741
802618837 0 0 1
766487633
656996078 1 0 3
766487633 949822219 273495551
392080274 1 0 1
402651993
14802161 1 0 3
394325509 827849741 273495551
600700335 0 0 2
395871693 949822219
445910834 1 0 3
949822219 394325509 827849741
3144231 0 0 2
766487633 395871693
27932609 0 0 1
827849741
123206093 0 0 2
394325509 402651993
854306850 0 0 2
394325509 273495551
711380637 1 0 2
827849741 766487633
801064470 1 0 3
827849741 273495551 827849741
901753354 1 0 2
395871693 827849741
764686486 0 0 3
273495551 949822219 394325509
213730154 0 0 1
395871693
734840315 1 0 1
273495551
331033198 1 0 2
273495551 827849741
930150747 0 0 1
766487633
934179375 0 0 1
949822219
526082171 1 0 1
273495551
509441417 0 0 2
273495551 949822219
640890883 1 0 1
949822219
870142130 1 0 3
766487633 949822219 394325509
418524102 0 0 1
949822219
488992396 0 0 1
394325509
130505063 1 0 2
273495551 395871693
73948106 0 0 2
827849741 766487633
52476357 1 0 3
827849741 402651993 394325509
127152362 1 0 3
402651993 395871693 394325509
78065599 1 0 2
827849741 395871693
831008307 0 0 3
766487633 402651993 402651993
876491958 0 0 3
273495551 395871693 395871693
577180622 1 0 1
273495551
872134650 0 0 1
395871693
287861315 0 0 2
402651993 827849741
226771530 1 0 3
394325509 766487633 273495551
36038095 0 0 3
949822219 766487633 827849741
520042051 1 0 2
273495551 766487633
84758050 0 0 2
394325509 273495551
121557048 1 0 2
766487633 273495551
365817271 0 0 2
766487633 273495551
204120302 0 0 3
395871693 395871693 394325509
200469928 1 0 2
949822219 766487633
11299223 1 0 3
827849741 766487633 827849741
444656695 0 0 1
827849741
485179311 0 0 1
273495551
618539689 0 0 2
949822219 766487633
327137782 1 0 3
949822219 273495551 827849741
730829946 1 0 1
827849741
46258394 1 0 1
827849741
464919156 1 0 2
394325509 395871693
436223031 1 0 3
402651993 394325509 273495551
349641885 1 0 1
395871693
921669257 0 0 1
402651993
437656662 0 0 2
402651993 949822219
848872981 1 0 1
949822219
405398375 0 0 1
949822219
976141634 1 0 3
273495551 766487633 949822219
952415764 0 0 1
766487633
14937548 1 0 3
827849741 394325509 827849741
367986182 0 0 3
402651993 827849741 273495551
73973190 1 0 1
766487633
126386911 1 0 1
766487633
275572483 1 0 3
402651993 827849741 273495551
378666024 1 0 2
827849741 273495551
691594902 0 0 1
395871693
860424085 0 0 1
402651993
621575924 1 0 2
949822219 394325509
621041664 0 0 1
273495551
172437 0 0 1
402651993
454818126 1 0 3
402651993 273495551 402651993
983608987 1 0 3
766487633 949822219 766487633
25088115 0 0 2
395871693 395871693
224615594 1 0 2
395871693 394325509
776419670 0 0 2
766487633 394325509
104106845 0 0 1
273495551
411468024 0 0 3
827849741 949822219 273495551
397261099 0 0 1
395871693
629506959 1 0 3
949822219 394325509 827849741
817953228 1 0 2
827849741 827849741
702366786 1 0 3
949822219 949822219 402651993
242840482 0 0 3
273495551 394325509 949822219
423488380 1 0 1
402651993
81808741 1 0 3
827849741 402651993 827849741
895622462 1 0 3
402651993 395871693 766487633
308050788 1 0 2
395871693 402651993
977885068 0 0 2
273495551 402651993
706492333 1 0 2
949822219 402651993
905351134 0 0 2
395871693 949822219
904829661 1 0 1
766487633
690387424 1 0 3
827849741 766487633 827849741
131235622 0 0 2
402651993 949822219
321799834 1 0 3
394325509 394325509 949822219
773296838 1 0 1
766487633
149392008 0 0 1
827849741
788937588 0 0 2
766487633 827849741
370127528 1 0 2
827849741 949822219
952935413 1 0 3
402651993 949822219 949822219
937976806 1 0 3
273495551 273495551 827849741
388110957 0 0 1
273495551
407846581 0 0 2
827849741 949822219
331620136 0 0 2
949822219 394325509
988618263 0 0 3
273495551 827849741 766487633
532649911 1 0 3
273495551 395871693 273495551
650058790 0 0 1
273495551
607549415 0 0 2
827849741 273495551
238901170 1 0 3
395871693 827849741 402651993
180465755 0 0 2
273495551 949822219
394816361 0 0 2
827849741 395871693
159906140 0 0 3
394325509 273495551 402651993
729317030 1 0 2
273495551 394325509
126226580 0 0 1
766487633
673841096 0 0 2
827849741 394325509
452874597 0 0 1
273495551
920854166 1 0 1
827849741
675494135 0 0 2
766487633 273495551
317623955 1 0 2
766487633 402651993
911054909 1 0 3
402651993 395871693 395871693
58292945 1 0 3
766487633 273495551 394325509
719286726 0 0 3
402651993 949822219 402651993
250465871 1 0 3
402651993 949822219 402651993
209606829 0 0 2
395871693 402651993
518616019 1 0 3
273495551 395871693 766487633
671296396 1 0 1
949822219
403692164 1 0 1
766487633
916257930 1 0 3
395871693 395871693 766487633
59717429 1 0 3
827849741 394325509 827849741
870843895 0 0 2
395871693 766487633
903607513 0 0 3
827849741 395871693 827849741
365453192 0 0 3
395871693 949822219 394325509
791675633 1 0 2
949822219 766487633
668580279 1 0 3
827849741 766487633 273495551
37132032 0 0 1
395871693
828570712 0 0 1
949822219
258606274 0 0 1
395871693
88498899 1 0 2
402651993 394325509
160312481 0 0 2
949822219 949822219
208569505 0 0 2
827849741 394325509
139302470 1 0 2
949822219 394325509
734815800 1 0 3
827849741 394325509 402651993
883715415 0 0 1
273495551
980481747 1 0 1
273495551
392621629 1 0 2
395871693 394325509
444593233 1 0 3
395871693 394325509 395871693
686766544 1 0 3
273495551 766487633 395871693
241849488 0 0 2
394325509 766487633
221035778 1 0 2
273495551 394325509
708870422 1 0 2
395871693 949822219
937418911 0 0 2
273495551 402651993
734696700 1 0 1
949822219
975686152 1 0 2
394325509 394325509
993591322 0 0 3
949822219 402651993 273495551
73593976 0 0 3
402651993 395871693 273495551
184277784 0 0 3
402651993 949822219 827849741
440926317 1 0 2
395871693 394325509
157212150 0 0 3
394325509 949822219 766487633
464389419 0 0 2
395871693 273495551
28141544 1 0 1
395871693
206115032 1 0 3
395871693 273495551 402651993
172549382 0 0 1
273495551
531552730 0 0 3
394325509 395871693 273495551
164569135 0 0 2
949822219 402651993
832225722 0 0 2
395871693 766487633
410016391 1 0 2
402651993 394325509
849485853 1 0 3
949822219 766487633 395871693
485651077 0 0 1
827849741
797374078 1 0 3
273495551 402651993 273495551
880838316 1 0 1
827849741
72808859 1 0 2
827849741 273495551
258880815 1 0 1
827849741
26171069 0 0 3
827849741 827849741 949822219
818820528 0 0 1
949822219
905275627 1 0 1
402651993
496950299 0 0 2
949822219 402651993
862903084 1 0 3
394325509 394325509 827849741
986151290 0 0 1
827849741
660789893 1 0 2
273495551 766487633
302032523 1 0 3
394325509 402651993 402651993
731373243 1 0 1
395871693
706537162 1 0 1
766487633
97743586 1 0 1
395871693
817862787 0 0 2
949822219 766487633
758765706 1 0 1
394325509
26461675 0 0 2
402651993 273495551
980999179 1 0 2
394325509 766487633
293590225 0 0 1
766487633
489367040 0 0 3
402651993 766487633 402651993
882158946 1 0 2
766487633 273495551
622767034 1 0 3
766487633 402651993 395871693
568861288 1 0 1
766487633
49925623 1 0 2
949822219 402651993
180539749 0 0 1
402651993
239903579 1 0 1
273495551
984556106 0 0 2
273495551 827849741
723741129 0 0 3
395871693 949822219 273495551
99869010 0 0 3
394325509 827849741 949822219
440172211 1 0 3
949822219 827849741 395871693
456038709 1 0 1
395871693
749730003 1 0 1
827849741
487325878 0 0 3
827849741 766487633 394325509
457718781 1 0 2
827849741 402651993
298291668 0 0 1
395871693
473252809 1 0 1
395871693
153449995 1 0 2
766487633 394325509
932369114 0 0 2
394325509 402651993
858262429 1 0 1
273495551
665452476 0 0 2
394325509 395871693
65737366 0 0 1
949822219
289162222 0 0 1
273495551
205208628 1 0 3
402651993 766487633 402651993
576760169 0 0 1
949822219
15770326 1 0 3
394325509 273495551 394325509
529422846 1 0 1
273495551
65757630 1 0 1
273495551
406548427 1 0 3
273495551 395871693 402651993
358565165 1 0 1
394325509
299569135 1 0 1
402651993
344041110 1 0 2
766487633 766487633
932948250 0 0 1
949822219
513490311 1 0 1
395871693
517302170 0 0 3
395871693 402651993 827849741
317644076 0 0 1
273495551
921413867 0 0 3
394325509 766487633 394325509
881156347 1 0 3
395871693 766487633 766487633
972254004 0 0 1
827849741
883276226 0 0 3
766487633 394325509 402651993
397261562 1 0 1
395871693
202435710 0 0 1
827849741
265466056 0 0 1
827849741
810442786 0 0 2
394325509 402651993
978592572 0 0 1
766487633
641987518 1 0 2
273495551 395871693
449675610 1 0 1
394325509
441806414 1 0 2
394325509 827849741
337837355 1 0 2
766487633 949822219
155985395 1 0 2
273495551 395871693
340440554 0 0 2
766487633 766487633
441179593 1 0 3
766487633 394325509 394325509
488844828 1 0 1
395871693
373058872 1 0 1
394325509
590288478 0 0 1
766487633
93783430 1 0 1
273495551
605436400 1 0 1
273495551
825649466 0 0 1
394325509
953158848 0 0 2
394325509 394325509
636750359 0 0 3
395871693 394325509 402651993
554130692 1 0 1
394325509
885227061 0 0 2
949822219 273495551
312650308 1 0 1
949822219
606320288 0 0 2
827849741 402651993
209536167 0 0 2
402651993 395871693
493673302 1 0 3
273495551 273495551 273495551
56950504 0 0 2
394325509 273495551
205468997 0 0 3
395871693 949822219 273495551
271032755 0 0 1
766487633
179542396 0 0 3
273495551 827849741 827849741
746362110 0 0 1
394325509
173226262 1 0 3
395871693 395871693 402651993
909718510 1 0 2
949822219 273495551
436926612 0 0 1
827849741
602072680 0 0 2
766487633 273495551
468939170 1 0 3
402651993 827849741 827849741
305069952 0 0 2
394325509 827849741
134833232 0 0 3
827849741 949822219 827849741
907267593 0 0 1
394325509
149578689 1 0 2
273495551 827849741
860691240 1 0 3
402651993 766487633 402651993
994174338 1 0 3
949822219 395871693 766487633
710119714 0 0 2
395871693 395871693
854958083 1 0 1
273495551
572167119 1 0 3
395871693 766487633 766487633
849743145 1 0 2
402651993 395871693
487552745 1 0 3
395871693 395871693 395871693
870562019 0 0 3
949822219 402651993 766487633
269511741 0 0 1
394325509
85189365 1 0 3
827849741 395871693 273495551
603025934 1 0 1
394325509
568932854 1 0 2
949822219 766487633
565387559 1 0 3
394325509 273495551 402651993
862733093 0 0 2
395871693 766487633
675284638 1 0 2
949822219 766487633
546272130 1 0 1
402651993
270508552 1 0 1
394325509
704869552 0 0 1
827849741
172503412 0 0 1
949822219
795985903 1 0 3
394325509 949822219 273495551
10205340 0 0 1
949822219
852010917 0 0 3
827849741 394325509 827849741
104030854 1 0 2
394325509 827849741
985577408 0 0 3
273495551 949822219 949822219
407495780 1 0 3
394325509 273495551 395871693
522334985 1 0 1
949822219
514024840 1 0 2
273495551 402651993
237407627 1 0 1
766487633
494184614 0 0 3
395871693 395871693 395871693
36883999 1 0 1
394325509
761507728 1 0 1
827849741
877995106 1 0 3
766487633 766487633 273495551
338918678 1 0 3
395871693 402651993 402651993
194101352 1 0 1
273495551
763928933 1 0 1
402651993
369023045 0 0 3
395871693 949822219 766487633
606751045 0 0 3
827849741 394325509 394325509
541894383 0 0 2
949822219 827849741
614446197 1 0 3
273495551 394325509 402651993
947373987 1 0 3
402651993 394325509 949822219
940064607 0 0 3
273495551 273495551 395871693
844906013 1 0 3
394325509 827849741 827849741
837503175 0 0 1
395871693
233327048 1 0 1
827849741
958413694 0 0 3
827849741 402651993 827849741
857666342 0 0 3
766487633 394325509 395871693
502466495 0 0 2
766487633 949822219
291245715 1 0 3
395871693 273495551 394325509
632427680 1 0 3
395871693 395871693 949822219
352662126 1 0 2
394325509 949822219
835455833 1 0 2
949822219 273495551
173697360 1 0 2
395871693 827849741
948948729 1 0 2
402651993 766487633
905827944 0 0 3
394325509 949822219 949822219
539436669 0 0 3
395871693 766487633 766487633
824083946 0 0 3
394325509 402651993 827849741
855939664 1 0 2
395871693 395871693
477082630 1 0 3
395871693 395871693 949822219
74293194 0 0 1
949822219
916555374 0 0 3
827849741 273495551 394325509
498753460 0 0 3
949822219 394325509 949822219
425787034 1 0 1
394325509
296972172 0 0 2
273495551 395871693
750913210 0 0 1
395871693
906358178 0 0 3
766487633 394325509 402651993
529607173 0 0 1
827849741
63719392 1 0 1
827849741
3394798 1 0 2
395871693 766487633
742412603 1 0 1
766487633
104657399 0 0 3
394325509 766487633 395871693
21064027 0 0 1
827849741
66445926 1 0 3
394325509 827849741 827849741
897983351 0 0 1
766487633
552487173 0 0 1
273495551
515090163 0 0 3
394325509 273495551 402651993
170195931 1 0 2
273495551 395871693
67532105 1 0 2
949822219 949822219
494336809 1 0 1
395871693
379889865 1 0 2
273495551 273495551
87729513 0 0 3
827849741 949822219 827849741
405650182 1 0 3
273495551 273495551 402651993
440395533 1 0 2
766487633 766487633
45136451 1 0 1
949822219
168670984 0 0 1
402651993
397745765 0 0 1
402651993
804431090 1 0 3
766487633 394325509 827849741
689891666 1 0 1
402651993
516778341 0 0 1
394325509
473755509 1 0 1
949822219
592047824 1 0 2
394325509 766487633
381491237 0 0 3
394325509 273495551 949822219
442178048 0 0 3
394325509 395871693 827849741
448268471 0 0 1
827849741
624334006 0 0 3
766487633 402651993 827849741
729334432 0 0 1
395871693
281633523 0 0 1
395871693
120890887 0 0 2
395871693 949822219
569183698 1 0 3
395871693 949822219 949822219
41530310 1 0 3
394325509 827849741 766487633
812045419 0 0 1
949822219
949504727 0 0 2
273495551 394325509
987559585 0 0 3
827849741 766487633 273495551
399334273 0 0 3
949822219 402651993 949822219
95729054 0 0 3
827849741 766487633 394325509
181941567 0 0 3
402651993 827849741 395871693
928893554 0 0 1
949822219
962527399 1 0 2
395871693 273495551
587618815 0 0 1
949822219
967621639 0 0 3
394325509 402651993 394325509
210894433 0 0 3
273495551 949822219 402651993
819172506 0 0 2
273495551 394325509
90955697 1 0 3
827849741 394325509 273495551
19477112 0 0 3
394325509 394325509 766487633
364778075 0 0 1
827849741
500435044 1 0 2
766487633 402651993
795640626 1 0 3
402651993 394325509 827849741
388110667 1 0 1
949822219
515384929 1 0 3
394325509 402651993 273495551
889116795 0 0 1
766487633
899274272 1 0 1
402651993
400277094 1 0 1
827849741
316851034 0 0 1
766487633
137840669 1 0 3
402651993 827849741 273495551
716946224 0 0 3
395871693 395871693 402651993
219796342 0 0 3
949822219 766487633 273495551
71338499 0 0 3
273495551 949822219 402651993
120000932 0 0 3
766487633 395871693 766487633
559684158 0 0 2
402651993 766487633
39031663 0 0 1
949822219
799111675 0 0 3
273495551 402651993 395871693
131584114 1 0 3
949822219 766487633 394325509
111233314 1 0 1
402651993
402670857 0 0 1
766487633
841045946 0 0 2
402651993 273495551
694948024 1 0 2
394325509 766487633
256022989 1 0 1
827849741
521654319 0 0 1
395871693
49238281 0 0 1
827849741
229556516 1 0 2
402651993 394325509
495364904 1 0 3
394325509 827849741 395871693
700103717 1 0 2
394325509 395871693
697294713 0 0 2
395871693 394325509
303319596 0 0 2
949822219 827849741
40723890 1 0 3
827849741 394325509 394325509
750079285 1 0 1
827849741
475303155 0 0 3
273495551 827849741 949822219
999291441 1 0 2
949822219 827849741
65708495 1 0 2
394325509 273495551
860214486 1 0 2
827849741 949822219
161549679 1 0 1
827849741
663517697 0 0 2
273495551 395871693
807570266 1 0 1
766487633
64267384 1 0 1
766487633
507693065 0 0 1
766487633
430265750 0 0 3
273495551 949822219 949822219
483056889 1 0 3
402651993 766487633 766487633
668108988 0 0 1
402651993
211220781 1 0 1
402651993
130880319 0 0 1
402651993
306937137 1 0 3
949822219 394325509 273495551
366591097 0 0 2
766487633 273495551
976844107 0 0 3
949822219 395871693 827849741
225747660 0 0 2
949822219 273495551
325608352 0 0 1
402651993
280126879 0 0 1
402651993
68167612 1 0 1
402651993
414072865 0 0 1
395871693
807990591 0 0 2
949822219 766487633
851612677 0 0 3
395871693 394325509 395871693
790417309 1 0 1
949822219
579137 0 0 3
395871693 395871693 949822219
386698947 0 0 1
949822219
225110434 1 0 1
949822219
455442929 1 0 1
949822219
316627178 1 0 2
949822219 402651993
761721252 1 0 2
402651993 827849741
455588139 0 0 3
827849741 394325509 402651993
61263461 1 0 1
273495551
36114954 1 0 1
395871693
524134786 0 0 1
827849741
769315829 0 0 3
395871693 402651993 395871693
174672870 1 0 2
827849741 394325509
532572346 0 0 3
402651993 395871693 273495551
192379796 0 0 1
395871693
61513938 0 0 1
394325509
506451279 1 0 1
395871693
533222483 0 0 2
766487633 395871693
236475610 0 0 2
394325509 766487633
176419538 1 0 2
395871693 827849741
928631688 1 0 3
395871693 766487633 395871693
870357420 1 0 3
766487633 402651993 394325509
548287191 0 0 1
394325509
487678727 1 0 1
949822219
286490457 0 0 1
394325509
700689243 1 0 2
827849741 766487633
460086443 1 0 2
395871693 273495551
439604094 0 0 3
273495551 766487633 402651993
694990554 0 0 2
949822219 394325509
969138381 0 0 1
395871693
86173972 0 0 1
402651993
402306352 0 0 1
827849741
989873693 1 0 1
395871693
175106162 1 0 2
273495551 402651993
663293465 1 0 1
766487633
675433665 1 0 2
766487633 394325509
932075957 1 0 3
949822219 402651993 402651993
736853877 0 0 3
402651993 394325509 273495551
739120485 1 0 1
402651993
134011660 0 0 2
827849741 827849741
950534777 0 0 3
766487633 394325509 766487633
811908789 0 0 3
827849741 402651993 827849741
247505150 0 0 2
394325509 395871693
517114645 0 0 1
273495551
730554219 1 0 3
949822219 949822219 273495551
13914143 0 0 1
394325509
346865421 0 0 3
766487633 394325509 949822219
901736150 0 0 3
273495551 395871693 402651993
638776533 0 0 1
827849741
711683170 0 0 3
949822219 273495551 395871693
624488698 0 0 1
766487633
621150025 0 0 1
395871693
61220786 0 0 2
273495551 766487633
504065310 0 0 2
949822219 273495551
904580721 0 0 2
766487633 402651993
609038133 0 0 1
827849741
727684056 0 0 3
273495551 949822219 395871693
14860339 0 0 2
394325509 827849741
858921771 0 0 1
394325509
865621197 0 0 3
402651993 273495551 949822219
15819973 0 0 2
394325509 766487633
739838392 0 0 2
402651993 827849741
329321496 0 0 3
949822219 402651993 949822219
767417911 0 0 1
273495551
236486617 0 0 1
395871693
123581146 0 0 2
394325509 949822219
653713730 0 0 3
402651993 395871693 394325509
56384586 0 0 3
273495551 949822219 394325509
942278491 0 0 3
827849741 402651993 766487633
24879282 0 0 3
394325509 402651993 766487633
618657854 0 0 2
395871693 273495551
130301183 0 0 3
395871693 402651993 949822219
406989600 0 0 2
394325509 766487633
316058433 0 0 3
273495551 827849741 273495551
990958076 0 0 1
766487633
4825537 0 0 1
395871693
168911759 0 0 1
273495551
101396966 0 0 1
273495551
194794097 0 0 3
949822219 827849741 949822219
130951922 0 0 1
402651993
110736997 0 0 3
827849741 402651993 827849741
131093566 0 0 1
394325509
