992
914143118 1 1 4
43296144 4965712 43296144 322387367
648412250 0 1 4
595177872 595177872 595177872 322387367
811976448 0 1 5
581493777 322387367 4965712 322387367 595177872
102559502 0 1 5
148442917 581493777 581493777 148442917 4965712
661624182 0 1 2
581493777 43296144
20494154 0 1 2
581493777 595177872
914143118 1 0 4
43296144 4965712 43296144 322387367
472468500 0 1 1
4965712
87026082 1 1 4
581493777 581493777 581493777 43296144
87026082 1 0 4
581493777 581493777 581493777 43296144
598024581 1 1 2
148442917 595177872
870303940 1 1 5
581493777 581493777 322387367 148442917 595177872
137557137 1 1 4
595177872 148442917 595177872 4965712
948306018 1 1 4
322387367 43296144 595177872 43296144
521373669 0 1 4
581493777 43296144 581493777 322387367
160469456 1 1 4
595177872 581493777 33719303 595177872
870303940 1 0 5
581493777 581493777 322387367 148442917 595177872
602166903 0 1 2
33719303 581493777
736213820 1 1 4
43296144 43296144 43296144 33719303
738275109 1 1 4
322387367 43296144 581493777 322387367
595764682 1 1 2
43296144 33719303
400385180 0 1 5
595177872 322387367 581493777 4965712 595177872
136058898 1 1 2
322387367 322387367
360039659 1 1 5
595177872 595177872 581493777 581493777 43296144
502467964 0 1 1
595177872
360254381 0 1 2
33719303 4965712
183677753 0 1 2
43296144 322387367
97645835 1 1 1
43296144
20494154 0 0 2
581493777 595177872
941748157 0 1 2
4965712 148442917
226973896 0 1 3
43296144 4965712 322387367
420033201 0 1 3
43296144 148442917 581493777
975467460 0 1 3
322387367 581493777 148442917
102559502 0 0 5
148442917 581493777 581493777 148442917 4965712
375416812 1 1 3
148442917 595177872 595177872
277515264 1 1 2
43296144 595177872
742126929 0 1 3
148442917 43296144 322387367
23829062 0 1 4
43296144 43296144 43296144 33719303
89491711 0 1 1
43296144
595764682 1 0 2
43296144 33719303
226973896 0 0 3
43296144 4965712 322387367
844686430 1 1 2
148442917 322387367
136058898 1 0 2
322387367 322387367
537969595 1 1 1
322387367
962502217 1 1 3
33719303 322387367 43296144
811976448 0 0 5
581493777 322387367 4965712 322387367 595177872
661624182 0 0 2
581493777 43296144
169671281 0 1 3
33719303 43296144 595177872
477512029 0 1 3
322387367 322387367 322387367
560526797 1 1 3
595177872 595177872 148442917
39975221 1 1 5
43296144 43296144 148442917 33719303 595177872
615069165 0 1 3
595177872 148442917 148442917
502467964 0 0 1
595177872
361349167 0 1 4
148442917 4965712 43296144 595177872
413865241 1 1 1
148442917
775538620 0 1 1
322387367
963516069 1 1 1
581493777
2595412 1 1 4
33719303 33719303 595177872 322387367
366330080 0 1 5
581493777 148442917 581493777 581493777 322387367
559280751 1 1 4
33719303 581493777 4965712 33719303
402980591 0 1 1
581493777
502388977 1 1 2
33719303 595177872
844686430 1 0 2
148442917 322387367
919320409 0 1 1
595177872
905448555 0 1 5
4965712 33719303 595177872 148442917 4965712
862643358 0 1 5
148442917 322387367 581493777 322387367 595177872
2595412 1 0 4
33719303 33719303 595177872 322387367
102998161 0 1 4
33719303 595177872 322387367 33719303
855610741 0 1 2
43296144 4965712
656907866 1 1 1
322387367
182488409 0 1 3
322387367 43296144 322387367
128160294 0 1 3
148442917 581493777 322387367
632375325 1 1 3
595177872 148442917 43296144
557905220 0 1 2
43296144 322387367
405675557 1 1 1
43296144
375416812 1 0 3
148442917 595177872 595177872
227018605 1 1 3
581493777 581493777 595177872
434250633 0 1 5
595177872 43296144 595177872 322387367 595177872
347683620 1 1 1
4965712
71705034 1 1 5
43296144 43296144 43296144 148442917 33719303
972220228 1 1 3
4965712 595177872 43296144
162702188 1 1 5
148442917 148442917 33719303 322387367 581493777
93892667 1 1 2
148442917 322387367
302248608 0 1 2
595177872 4965712
227018605 1 0 3
581493777 581493777 595177872
723228984 0 1 4
595177872 595177872 322387367 581493777
986384239 0 1 4
33719303 581493777 148442917 43296144
769834124 0 1 3
4965712 4965712 43296144
948306018 1 0 4
322387367 43296144 595177872 43296144
84578150 0 1 5
33719303 581493777 595177872 595177872 43296144
169671281 0 0 3
33719303 43296144 595177872
400385180 0 0 5
595177872 322387367 581493777 4965712 595177872
252765831 1 1 4
595177872 595177872 4965712 148442917
397889096 1 1 2
4965712 148442917
900610571 0 1 5
33719303 322387367 33719303 4965712 4965712
255361243 0 1 1
4965712
764219175 0 1 5
33719303 43296144 148442917 148442917 148442917
312407673 0 1 3
595177872 595177872 4965712
360254381 0 0 2
33719303 4965712
658341833 1 1 2
148442917 148442917
119124504 0 1 1
43296144
84244433 0 1 1
43296144
416306739 1 1 1
595177872
981767861 1 1 5
33719303 595177872 148442917 148442917 43296144
39758946 1 1 3
322387367 322387367 4965712
124433832 0 1 1
4965712
491192078 1 1 3
43296144 33719303 33719303
222247354 1 1 1
4965712
252594125 1 1 5
148442917 581493777 322387367 322387367 43296144
123567403 0 1 5
581493777 322387367 148442917 148442917 4965712
780152573 0 1 4
322387367 33719303 322387367 148442917
658269681 0 1 1
148442917
203102359 1 1 4
322387367 322387367 43296144 581493777
214403206 0 1 1
43296144
858469652 0 1 3
148442917 581493777 148442917
981767861 1 0 5
33719303 595177872 148442917 148442917 43296144
127323745 1 1 2
595177872 148442917
39139785 1 1 1
43296144
21171839 0 1 2
43296144 43296144
656907866 1 0 1
322387367
221216411 0 1 1
581493777
193904744 0 1 2
595177872 33719303
596917175 1 1 4
4965712 322387367 322387367 4965712
738275109 1 0 4
322387367 43296144 581493777 322387367
89491711 0 0 1
43296144
60117001 1 1 5
33719303 148442917 33719303 148442917 581493777
39139785 1 0 1
43296144
963738867 1 1 3
43296144 148442917 322387367
534011676 0 1 5
322387367 43296144 581493777 4965712 581493777
312882831 0 1 2
33719303 148442917
361627962 1 1 4
595177872 595177872 322387367 33719303
434622246 0 1 3
322387367 595177872 322387367
568244073 0 1 1
148442917
477512029 0 0 3
322387367 322387367 322387367
125847137 0 1 1
33719303
747029918 1 1 5
148442917 581493777 4965712 581493777 595177872
79102258 1 1 5
148442917 322387367 43296144 43296144 4965712
183677753 0 0 2
43296144 322387367
97487992 1 1 2
148442917 581493777
831274351 1 1 5
322387367 33719303 148442917 595177872 322387367
495408996 1 1 2
33719303 4965712
79255852 0 1 5
4965712 43296144 33719303 43296144 43296144
871033296 1 1 3
43296144 33719303 4965712
71705034 1 0 5
43296144 43296144 43296144 148442917 33719303
127323745 1 0 2
595177872 148442917
619842827 0 1 5
43296144 33719303 33719303 148442917 4965712
422964281 0 1 5
322387367 33719303 43296144 581493777 33719303
93280649 0 1 4
33719303 322387367 595177872 148442917
872436951 0 1 4
581493777 43296144 33719303 33719303
123567403 0 0 5
581493777 322387367 148442917 148442917 4965712
399048035 1 1 1
43296144
941748157 0 0 2
4965712 148442917
725949573 0 1 1
43296144
128160294 0 0 3
148442917 581493777 322387367
383222984 0 1 4
33719303 148442917 581493777 43296144
602150394 0 1 2
43296144 322387367
940352778 0 1 5
322387367 148442917 4965712 322387367 33719303
94208987 0 1 3
322387367 4965712 4965712
729474138 0 1 3
43296144 322387367 322387367
832008914 0 1 3
581493777 4965712 4965712
115380826 1 1 3
148442917 581493777 322387367
950690548 1 1 3
4965712 595177872 4965712
25913657 1 1 1
322387367
712298000 1 1 5
33719303 148442917 43296144 33719303 4965712
10807548 0 1 3
43296144 148442917 322387367
989652524 0 1 3
4965712 33719303 43296144
98826027 1 1 4
4965712 322387367 581493777 322387367
176206730 1 1 2
595177872 33719303
619842827 0 0 5
43296144 33719303 33719303 148442917 4965712
203796837 0 1 4
581493777 33719303 322387367 148442917
533448273 1 1 2
148442917 595177872
744450803 0 1 5
43296144 148442917 43296144 148442917 43296144
182160325 1 1 1
322387367
132994542 0 1 5
43296144 148442917 43296144 581493777 595177872
823553060 1 1 1
4965712
658341833 1 0 2
148442917 148442917
279648316 0 1 4
33719303 43296144 33719303 4965712
816785244 1 1 2
581493777 322387367
171478407 1 1 4
4965712 4965712 595177872 595177872
211420519 1 1 1
595177872
540334891 0 1 2
581493777 581493777
791321234 0 1 5
33719303 4965712 148442917 581493777 43296144
634384800 1 1 2
33719303 595177872
486131891 1 1 4
4965712 4965712 43296144 322387367
502388977 1 0 2
33719303 595177872
871033296 1 0 3
43296144 33719303 4965712
516274536 1 1 4
595177872 148442917 33719303 595177872
33432834 1 1 2
148442917 43296144
361349167 0 0 4
148442917 4965712 43296144 595177872
212081464 1 1 1
33719303
752013871 1 1 5
581493777 33719303 33719303 148442917 33719303
488099579 0 1 5
581493777 43296144 581493777 322387367 43296144
4950593 0 1 5
4965712 595177872 595177872 148442917 581493777
846222858 0 1 5
43296144 4965712 322387367 33719303 4965712
25913657 1 0 1
322387367
98826027 1 0 4
4965712 322387367 581493777 322387367
402980591 0 0 1
581493777
217573716 0 1 4
595177872 43296144 581493777 322387367
836959507 0 1 5
581493777 4965712 148442917 43296144 33719303
961603683 1 1 4
595177872 148442917 4965712 33719303
20780615 1 1 1
581493777
715389515 0 1 2
322387367 581493777
598024581 1 0 2
148442917 595177872
526418034 1 1 2
322387367 43296144
884104514 1 1 3
595177872 43296144 33719303
557558390 1 1 1
33719303
625244060 0 1 1
322387367
60311244 0 1 4
33719303 595177872 322387367 4965712
761355227 0 1 2
595177872 595177872
11208684 0 1 3
33719303 43296144 595177872
182160325 1 0 1
322387367
804762046 1 1 5
581493777 43296144 43296144 595177872 148442917
533448273 1 0 2
148442917 595177872
796031903 1 1 4
33719303 43296144 148442917 322387367
434622246 0 0 3
322387367 595177872 322387367
144203226 1 1 5
322387367 33719303 33719303 322387367 322387367
480831457 0 1 1
322387367
75680219 1 1 4
33719303 148442917 43296144 595177872
813504821 0 1 1
4965712
212081464 1 0 1
33719303
962502217 1 0 3
33719303 322387367 43296144
752013871 1 0 5
581493777 33719303 33719303 148442917 33719303
652309863 0 1 4
322387367 33719303 581493777 4965712
139617089 0 1 1
595177872
353839712 1 1 5
4965712 43296144 148442917 33719303 43296144
296147448 0 1 4
33719303 595177872 43296144 322387367
626518240 1 1 5
581493777 43296144 581493777 4965712 322387367
839971602 1 1 1
43296144
812421984 0 1 5
43296144 148442917 595177872 4965712 322387367
21171839 0 0 2
43296144 43296144
512467426 0 1 3
148442917 148442917 43296144
904569417 1 1 2
322387367 322387367
626518240 1 0 5
581493777 43296144 581493777 4965712 322387367
416952206 1 1 3
33719303 43296144 595177872
567004 1 1 1
43296144
909520010 1 1 1
43296144
557558390 1 0 1
33719303
263175063 1 1 5
43296144 595177872 322387367 43296144 581493777
70657072 0 1 1
322387367
176206730 1 0 2
595177872 33719303
598995868 1 1 5
581493777 595177872 4965712 43296144 581493777
77295097 1 1 5
595177872 43296144 43296144 4965712 148442917
91437686 1 1 1
43296144
166901734 1 1 5
581493777 33719303 581493777 33719303 581493777
456229482 0 1 5
43296144 322387367 148442917 43296144 322387367
975542200 0 1 5
322387367 33719303 322387367 581493777 595177872
724460124 1 1 4
322387367 595177872 148442917 322387367
81473542 1 1 4
148442917 322387367 33719303 595177872
888369795 1 1 5
4965712 4965712 4965712 43296144 581493777
338331702 0 1 5
322387367 595177872 581493777 595177872 4965712
945198577 0 1 2
33719303 43296144
545648192 1 1 5
595177872 4965712 43296144 148442917 322387367
134363604 1 1 5
581493777 43296144 43296144 595177872 581493777
941918154 0 1 4
581493777 43296144 148442917 4965712
26479648 1 1 2
43296144 33719303
171478407 1 0 4
4965712 4965712 595177872 595177872
62560174 0 1 2
4965712 322387367
755422975 1 1 3
581493777 595177872 595177872
516274536 1 0 4
595177872 148442917 33719303 595177872
678789510 1 1 4
4965712 595177872 148442917 4965712
54693615 1 1 1
4965712
961779038 0 1 1
148442917
974936958 1 1 5
322387367 322387367 33719303 33719303 595177872
681211854 1 1 3
595177872 581493777 4965712
654266991 0 1 4
4965712 581493777 581493777 4965712
639875293 1 1 2
4965712 4965712
742126929 0 0 3
148442917 43296144 322387367
193679279 0 1 2
33719303 33719303
558836408 1 1 3
148442917 4965712 4965712
56827498 1 1 5
4965712 43296144 43296144 581493777 4965712
46762635 0 1 1
148442917
320872769 1 1 1
33719303
366330080 0 0 5
581493777 148442917 581493777 581493777 322387367
172518913 0 1 3
33719303 595177872 33719303
117419706 1 1 5
43296144 148442917 43296144 595177872 581493777
772384988 1 1 5
4965712 148442917 595177872 595177872 33719303
102330361 1 1 5
581493777 148442917 322387367 33719303 148442917
208857391 1 1 5
33719303 33719303 148442917 581493777 581493777
939286721 0 1 1
595177872
950690548 1 0 3
4965712 595177872 4965712
558559843 0 1 2
595177872 33719303
36915942 1 1 5
322387367 581493777 595177872 322387367 33719303
663746844 0 1 3
581493777 148442917 581493777
492549736 1 1 2
33719303 581493777
23829062 0 0 4
43296144 43296144 43296144 33719303
94208987 0 0 3
322387367 4965712 4965712
925285736 1 1 1
595177872
488099579 0 0 5
581493777 43296144 581493777 322387367 43296144
2078545 0 1 5
4965712 4965712 581493777 43296144 322387367
437748312 1 1 2
322387367 581493777
323450279 0 1 2
43296144 33719303
988958501 0 1 3
4965712 33719303 581493777
232182818 1 1 2
148442917 322387367
349929926 1 1 4
595177872 43296144 595177872 4965712
919320409 0 0 1
595177872
51518674 1 1 5
148442917 4965712 148442917 581493777 322387367
987605792 1 1 5
4965712 43296144 43296144 322387367 43296144
881235788 1 1 5
4965712 148442917 595177872 581493777 4965712
791321234 0 0 5
33719303 4965712 148442917 581493777 43296144
106212288 0 1 1
595177872
801901181 1 1 2
581493777 43296144
708689097 0 1 2
148442917 322387367
639940494 0 1 1
322387367
456168171 0 1 4
595177872 33719303 43296144 322387367
558559843 0 0 2
595177872 33719303
201080741 0 1 4
43296144 148442917 595177872 43296144
833619772 0 1 1
595177872
888369795 1 0 5
4965712 4965712 4965712 43296144 581493777
867520930 0 1 4
33719303 43296144 4965712 595177872
110424590 1 1 4
33719303 595177872 33719303 581493777
880382406 0 1 4
581493777 322387367 581493777 322387367
40910050 0 1 2
148442917 43296144
282943502 0 1 3
4965712 581493777 581493777
997802111 1 1 5
4965712 581493777 33719303 322387367 33719303
813295037 1 1 5
595177872 43296144 33719303 33719303 322387367
385273863 1 1 1
4965712
59175854 1 1 5
595177872 581493777 595177872 322387367 595177872
752581758 1 1 5
581493777 4965712 148442917 4965712 4965712
943833705 1 1 3
322387367 322387367 4965712
96091795 1 1 3
33719303 595177872 43296144
268844953 1 1 5
322387367 4965712 322387367 43296144 595177872
775538620 0 0 1
322387367
867520930 0 0 4
33719303 43296144 4965712 595177872
521373669 0 0 4
581493777 43296144 581493777 322387367
288899792 0 1 3
595177872 581493777 43296144
873893883 1 1 2
595177872 595177872
123439850 1 1 2
33719303 4965712
252765831 1 0 4
595177872 595177872 4965712 148442917
255361243 0 0 1
4965712
726648103 0 1 4
595177872 595177872 595177872 4965712
49860513 1 1 3
322387367 595177872 322387367
112398350 1 1 5
148442917 322387367 148442917 4965712 4965712
277515264 1 0 2
43296144 595177872
958830920 1 1 5
322387367 581493777 33719303 148442917 43296144
399790439 0 1 1
4965712
16433375 1 1 5
581493777 322387367 33719303 4965712 595177872
943833705 1 0 3
322387367 322387367 4965712
798953063 1 1 5
581493777 581493777 33719303 4965712 148442917
133542578 0 1 3
595177872 33719303 43296144
975162015 0 1 4
148442917 322387367 581493777 43296144
639875293 1 0 2
4965712 4965712
681211854 1 0 3
595177872 581493777 4965712
453370595 0 1 5
148442917 581493777 322387367 4965712 43296144
842231674 1 1 2
581493777 595177872
467618860 1 1 5
581493777 581493777 322387367 581493777 148442917
909538766 1 1 2
581493777 322387367
43312414 0 1 4
33719303 43296144 581493777 43296144
153754983 1 1 4
148442917 33719303 33719303 581493777
629576047 0 1 1
4965712
153737003 0 1 3
581493777 595177872 33719303
34137389 0 1 4
43296144 33719303 595177872 148442917
625244060 0 0 1
322387367
670486097 1 1 4
33719303 595177872 43296144 148442917
289196857 1 1 2
33719303 148442917
884455851 1 1 1
322387367
602150394 0 0 2
43296144 322387367
483781133 0 1 4
595177872 322387367 595177872 43296144
674470719 0 1 3
322387367 581493777 581493777
796148056 0 1 4
33719303 4965712 43296144 148442917
91437686 1 0 1
43296144
88879242 1 1 4
33719303 581493777 595177872 43296144
470820775 0 1 3
581493777 33719303 322387367
744756203 1 1 5
43296144 595177872 595177872 322387367 4965712
210240547 0 1 3
595177872 43296144 322387367
62560174 0 0 2
4965712 322387367
759720566 0 1 5
4965712 322387367 43296144 33719303 148442917
471166437 0 1 1
148442917
333680396 0 1 2
33719303 4965712
338885020 0 1 1
581493777
521026949 1 1 5
33719303 322387367 595177872 148442917 595177872
723228984 0 0 4
595177872 595177872 322387367 581493777
298595097 1 1 3
595177872 4965712 322387367
150232292 0 1 5
43296144 322387367 4965712 33719303 595177872
920817387 1 1 1
322387367
167544823 0 1 1
581493777
302248608 0 0 2
595177872 4965712
416952206 1 0 3
33719303 43296144 595177872
801701706 0 1 2
33719303 33719303
54359964 1 1 2
4965712 33719303
995223189 1 1 1
322387367
255072301 1 1 1
595177872
749107989 0 1 3
4965712 581493777 595177872
462842048 0 1 4
148442917 4965712 4965712 148442917
17127418 1 1 1
581493777
792420402 0 1 4
4965712 148442917 581493777 4965712
616597031 0 1 2
581493777 33719303
646703464 1 1 4
4965712 33719303 322387367 4965712
798673757 0 1 1
43296144
503250771 1 1 5
581493777 148442917 148442917 33719303 4965712
804762046 1 0 5
581493777 43296144 43296144 595177872 148442917
169705912 1 1 3
148442917 33719303 148442917
87870613 0 1 4
148442917 322387367 33719303 43296144
201080741 0 0 4
43296144 148442917 595177872 43296144
240222973 0 1 4
322387367 4965712 4965712 581493777
653487045 0 1 3
322387367 581493777 581493777
614857683 1 1 5
4965712 43296144 148442917 581493777 595177872
36371029 1 1 3
581493777 4965712 33719303
594882638 1 1 4
581493777 148442917 595177872 581493777
816785244 1 0 2
581493777 322387367
85678457 0 1 2
33719303 33719303
633643583 1 1 4
322387367 148442917 148442917 148442917
805123184 0 1 4
33719303 43296144 322387367 148442917
697915374 1 1 1
322387367
104810019 1 1 5
4965712 148442917 148442917 322387367 33719303
138803579 1 1 2
581493777 322387367
889316745 0 1 3
43296144 322387367 322387367
625836967 0 1 2
43296144 595177872
289915027 0 1 4
43296144 581493777 581493777 148442917
39549036 0 1 4
595177872 4965712 581493777 33719303
399170706 1 1 3
595177872 33719303 148442917
309976202 1 1 1
595177872
693767094 0 1 3
148442917 148442917 4965712
306047021 1 1 1
581493777
872436951 0 0 4
581493777 43296144 33719303 33719303
305199390 1 1 3
581493777 322387367 148442917
654266991 0 0 4
4965712 581493777 581493777 4965712
948839394 0 1 4
43296144 4965712 322387367 33719303
537969595 1 0 1
322387367
55155010 0 1 4
581493777 33719303 148442917 581493777
620557790 1 1 2
322387367 4965712
818483163 0 1 3
33719303 595177872 33719303
700091763 1 1 1
322387367
89671172 1 1 5
33719303 33719303 581493777 43296144 4965712
317702978 0 1 5
4965712 595177872 148442917 33719303 4965712
397889096 1 0 2
4965712 148442917
36915942 1 0 5
322387367 581493777 595177872 322387367 33719303
306047021 1 0 1
581493777
456168171 0 0 4
595177872 33719303 43296144 322387367
255072301 1 0 1
595177872
351281871 0 1 3
43296144 595177872 322387367
470820775 0 0 3
581493777 33719303 322387367
333680396 0 0 2
33719303 4965712
592921942 0 1 3
148442917 148442917 4965712
487408890 0 1 1
33719303
439152483 1 1 2
4965712 595177872
685661266 1 1 5
43296144 33719303 581493777 33719303 4965712
140895934 1 1 4
33719303 33719303 43296144 33719303
639940494 0 0 1
322387367
54010165 1 1 5
4965712 322387367 581493777 322387367 595177872
574548646 1 1 2
33719303 322387367
588294923 1 1 5
33719303 595177872 4965712 581493777 33719303
992204973 0 1 3
43296144 33719303 595177872
997802111 1 0 5
4965712 581493777 33719303 322387367 33719303
208192228 1 1 3
4965712 33719303 43296144
393418107 1 1 1
148442917
542636698 0 1 5
33719303 322387367 33719303 43296144 581493777
165518598 0 1 3
4965712 33719303 43296144
384738037 1 1 2
43296144 322387367
284469795 1 1 4
595177872 4965712 595177872 43296144
791355565 1 1 2
595177872 33719303
527169416 0 1 3
33719303 322387367 595177872
176535182 0 1 2
322387367 33719303
43042622 1 1 5
4965712 43296144 322387367 595177872 4965712
837145617 1 1 5
581493777 4965712 4965712 33719303 4965712
870302275 1 1 2
595177872 322387367
201605994 0 1 3
595177872 33719303 33719303
142345006 0 1 5
595177872 43296144 33719303 33719303 581493777
671658020 1 1 1
33719303
462842048 0 0 4
148442917 4965712 4965712 148442917
109277355 1 1 3
33719303 148442917 33719303
615419147 0 1 2
43296144 581493777
490141182 1 1 1
33719303
809369118 1 1 2
43296144 43296144
705090318 1 1 5
581493777 33719303 581493777 595177872 581493777
807844160 0 1 5
43296144 33719303 148442917 4965712 595177872
13167340 0 1 4
4965712 33719303 148442917 4965712
150528611 1 1 3
33719303 4965712 581493777
147769401 0 1 5
322387367 43296144 33719303 581493777 322387367
452319823 1 1 5
322387367 33719303 148442917 148442917 581493777
836189877 0 1 3
595177872 43296144 4965712
141181686 1 1 5
322387367 581493777 4965712 595177872 148442917
801701706 0 0 2
33719303 33719303
133542578 0 0 3
595177872 33719303 43296144
358846339 0 1 4
33719303 148442917 322387367 148442917
142345006 0 0 5
595177872 43296144 33719303 33719303 581493777
410738522 0 1 1
33719303
729476608 1 1 1
33719303
203567664 1 1 1
148442917
471447102 1 1 2
595177872 33719303
122894714 0 1 4
33719303 322387367 4965712 4965712
122894714 0 0 4
33719303 322387367 4965712 4965712
598720713 1 1 4
33719303 148442917 148442917 43296144
420033201 0 0 3
43296144 148442917 581493777
636965699 0 1 4
595177872 43296144 33719303 33719303
360149103 0 1 4
322387367 595177872 33719303 43296144
883190507 1 1 4
43296144 33719303 43296144 43296144
280837615 1 1 1
43296144
887318518 1 1 3
43296144 148442917 4965712
59725689 0 1 5
33719303 581493777 581493777 4965712 581493777
323880236 0 1 1
581493777
576980486 0 1 2
33719303 43296144
930027963 1 1 5
4965712 4965712 581493777 595177872 4965712
525486230 1 1 4
148442917 33719303 4965712 43296144
571841843 1 1 3
581493777 33719303 33719303
454202335 1 1 5
43296144 4965712 595177872 148442917 322387367
634763584 0 1 4
33719303 322387367 4965712 581493777
187260990 0 1 5
148442917 322387367 595177872 43296144 148442917
944343516 1 1 1
595177872
296649053 0 1 3
322387367 595177872 322387367
360039659 1 0 5
595177872 595177872 581493777 581493777 43296144
963516069 1 0 1
581493777
892351307 0 1 3
595177872 43296144 148442917
604704027 0 1 5
148442917 322387367 148442917 4965712 322387367
309816393 0 1 2
581493777 33719303
988958501 0 0 3
4965712 33719303 581493777
42879918 1 1 1
148442917
752473427 1 1 2
148442917 33719303
614652567 1 1 2
43296144 33719303
731586146 0 1 2
322387367 148442917
893655112 0 1 2
148442917 322387367
353839712 1 0 5
4965712 43296144 148442917 33719303 43296144
973498905 0 1 2
148442917 4965712
142324667 0 1 1
322387367
475648072 0 1 1
43296144
29582920 1 1 3
4965712 148442917 4965712
466288120 0 1 1
148442917
451059137 0 1 1
33719303
628303633 0 1 3
4965712 33719303 148442917
103253819 1 1 5
148442917 33719303 33719303 4965712 33719303
811208239 1 1 5
43296144 43296144 33719303 595177872 581493777
364010491 0 1 2
33719303 43296144
384091433 1 1 2
581493777 581493777
551043108 1 1 4
148442917 148442917 43296144 322387367
423736179 0 1 3
43296144 322387367 148442917
560488021 0 1 3
581493777 322387367 595177872
26479648 1 0 2
43296144 33719303
128023593 1 1 2
4965712 322387367
206280494 0 1 5
581493777 322387367 581493777 595177872 4965712
85974250 1 1 2
148442917 33719303
552381788 0 1 4
595177872 148442917 581493777 322387367
660482828 0 1 4
4965712 33719303 322387367 322387367
573254185 1 1 2
148442917 148442917
646703464 1 0 4
4965712 33719303 322387367 4965712
739642777 0 1 1
322387367
457342695 1 1 4
33719303 148442917 595177872 322387367
722419590 1 1 1
322387367
484510435 1 1 2
43296144 43296144
914563074 1 1 2
322387367 43296144
32235982 0 1 2
595177872 148442917
379906704 0 1 4
4965712 148442917 33719303 595177872
519552852 1 1 3
581493777 43296144 595177872
499404900 0 1 1
595177872
111492849 1 1 2
148442917 43296144
265724316 0 1 5
33719303 148442917 33719303 322387367 322387367
325420156 0 1 3
148442917 148442917 322387367
106333868 0 1 1
581493777
741372387 1 1 2
4965712 33719303
355003076 1 1 3
148442917 581493777 595177872
425138339 0 1 5
595177872 33719303 322387367 4965712 581493777
192431523 1 1 3
33719303 4965712 4965712
835823060 1 1 1
595177872
837145617 1 0 5
581493777 4965712 4965712 33719303 4965712
528392157 0 1 3
148442917 322387367 4965712
856156114 1 1 3
581493777 148442917 4965712
602166903 0 0 2
33719303 581493777
199833550 0 1 3
322387367 322387367 581493777
764999942 0 1 1
581493777
259715573 1 1 3
43296144 148442917 4965712
476086081 0 1 3
4965712 43296144 43296144
325487962 1 1 5
581493777 148442917 33719303 43296144 43296144
240255518 0 1 2
148442917 581493777
364010491 0 0 2
33719303 43296144
682366574 0 1 4
581493777 4965712 43296144 33719303
629576047 0 0 1
4965712
263978563 0 1 2
322387367 33719303
222247354 1 0 1
4965712
792637305 0 1 3
581493777 43296144 43296144
104810019 1 0 5
4965712 148442917 148442917 322387367 33719303
195365753 1 1 2
581493777 581493777
689749099 0 1 5
148442917 322387367 322387367 595177872 148442917
384796433 1 1 1
33719303
505224799 1 1 3
4965712 595177872 4965712
412168688 0 1 1
33719303
869306867 1 1 2
33719303 33719303
419787872 0 1 3
43296144 322387367 595177872
296921021 1 1 2
33719303 581493777
416306739 1 0 1
595177872
101729923 0 1 2
322387367 581493777
939340724 0 1 1
581493777
796325920 0 1 4
595177872 581493777 595177872 33719303
65739123 0 1 2
581493777 43296144
57581391 1 1 1
148442917
121746076 1 1 2
581493777 43296144
24589342 0 1 5
595177872 322387367 43296144 33719303 148442917
798953777 1 1 5
43296144 4965712 4965712 33719303 33719303
165518598 0 0 3
4965712 33719303 43296144
329265503 0 1 5
322387367 4965712 43296144 4965712 581493777
449727681 0 1 2
43296144 322387367
991385299 0 1 4
33719303 4965712 148442917 43296144
17604914 0 1 4
4965712 4965712 148442917 581493777
830636189 0 1 3
4965712 4965712 595177872
700057764 1 1 2
43296144 4965712
217438463 0 1 1
581493777
595636130 0 1 4
581493777 148442917 322387367 148442917
959773337 0 1 4
581493777 322387367 4965712 148442917
705090318 1 0 5
581493777 33719303 581493777 595177872 581493777
693524543 0 1 3
33719303 322387367 33719303
941918154 0 0 4
581493777 43296144 148442917 4965712
773640443 0 1 5
33719303 148442917 322387367 4965712 33719303
200028854 0 1 4
581493777 33719303 322387367 581493777
439152483 1 0 2
4965712 595177872
228407468 0 1 1
595177872
37619005 1 1 2
322387367 43296144
992666158 0 1 1
43296144
276289572 1 1 2
33719303 33719303
579884456 1 1 2
148442917 148442917
229978942 0 1 2
33719303 322387367
796148056 0 0 4
33719303 4965712 43296144 148442917
781514371 0 1 1
4965712
992053143 0 1 2
595177872 322387367
39975221 1 0 5
43296144 43296144 148442917 33719303 595177872
99285808 0 1 1
4965712
53818594 1 1 2
595177872 581493777
141490516 1 1 2
581493777 4965712
195365753 1 0 2
581493777 581493777
995223189 1 0 1
322387367
805123184 0 0 4
33719303 43296144 322387367 148442917
217438463 0 0 1
581493777
17127418 1 0 1
581493777
70657072 0 0 1
322387367
560488021 0 0 3
581493777 322387367 595177872
88879242 1 0 4
33719303 581493777 595177872 43296144
101729923 0 0 2
322387367 581493777
312407673 0 0 3
595177872 595177872 4965712
663746844 0 0 3
581493777 148442917 581493777
54359964 1 0 2
4965712 33719303
560526797 1 0 3
595177872 595177872 148442917
604704027 0 0 5
148442917 322387367 148442917 4965712 322387367
4950593 0 0 5
4965712 595177872 595177872 148442917 581493777
792420402 0 0 4
4965712 148442917 581493777 4965712
11208684 0 0 3
33719303 43296144 595177872
708689097 0 0 2
148442917 322387367
106212288 0 0 1
595177872
97645835 1 0 1
43296144
975162015 0 0 4
148442917 322387367 581493777 43296144
221216411 0 0 1
581493777
625836967 0 0 2
43296144 595177872
200028854 0 0 4
581493777 33719303 322387367 581493777
32235982 0 0 2
595177872 148442917
162702188 1 0 5
148442917 148442917 33719303 322387367 581493777
833619772 0 0 1
595177872
141181686 1 0 5
322387367 581493777 4965712 595177872 148442917
153737003 0 0 3
581493777 595177872 33719303
452319823 1 0 5
322387367 33719303 148442917 148442917 581493777
484510435 1 0 2
43296144 43296144
360149103 0 0 4
322387367 595177872 33719303 43296144
355003076 1 0 3
148442917 581493777 595177872
208857391 1 0 5
33719303 33719303 148442917 581493777 581493777
729474138 0 0 3
43296144 322387367 322387367
796031903 1 0 4
33719303 43296144 148442917 322387367
674470719 0 0 3
322387367 581493777 581493777
361627962 1 0 4
595177872 595177872 322387367 33719303
870302275 1 0 2
595177872 322387367
456229482 0 0 5
43296144 322387367 148442917 43296144 322387367
263175063 1 0 5
43296144 595177872 322387367 43296144 581493777
36371029 1 0 3
581493777 4965712 33719303
106333868 0 0 1
581493777
884455851 1 0 1
322387367
279648316 0 0 4
33719303 43296144 33719303 4965712
595636130 0 0 4
581493777 148442917 322387367 148442917
700057764 1 0 2
43296144 4965712
761355227 0 0 2
595177872 595177872
42879918 1 0 1
148442917
232182818 1 0 2
148442917 322387367
682366574 0 0 4
581493777 4965712 43296144 33719303
576980486 0 0 2
33719303 43296144
616597031 0 0 2
581493777 33719303
49860513 1 0 3
322387367 595177872 322387367
594882638 1 0 4
581493777 148442917 595177872 581493777
467618860 1 0 5
581493777 581493777 322387367 581493777 148442917
412168688 0 0 1
33719303
142324667 0 0 1
322387367
312882831 0 0 2
33719303 148442917
700091763 1 0 1
322387367
835823060 1 0 1
595177872
873893883 1 0 2
595177872 595177872
16433375 1 0 5
581493777 322387367 33719303 4965712 595177872
425138339 0 0 5
595177872 33719303 322387367 4965712 581493777
744756203 1 0 5
43296144 595177872 595177872 322387367 4965712
579884456 1 0 2
148442917 148442917
487408890 0 0 1
33719303
296147448 0 0 4
33719303 595177872 43296144 322387367
542636698 0 0 5
33719303 322387367 33719303 43296144 581493777
592921942 0 0 3
148442917 148442917 4965712
276289572 1 0 2
33719303 33719303
383222984 0 0 4
33719303 148442917 581493777 43296144
55155010 0 0 4
581493777 33719303 148442917 581493777
614857683 1 0 5
4965712 43296144 148442917 581493777 595177872
252594125 1 0 5
148442917 581493777 322387367 322387367 43296144
731586146 0 0 2
322387367 148442917
545648192 1 0 5
595177872 4965712 43296144 148442917 322387367
519552852 1 0 3
581493777 43296144 595177872
685661266 1 0 5
43296144 33719303 581493777 33719303 4965712
904569417 1 0 2
322387367 322387367
781514371 0 0 1
4965712
831274351 1 0 5
322387367 33719303 148442917 595177872 322387367
60311244 0 0 4
33719303 595177872 322387367 4965712
858469652 0 0 3
148442917 581493777 148442917
419787872 0 0 3
43296144 322387367 595177872
636965699 0 0 4
595177872 43296144 33719303 33719303
97487992 1 0 2
148442917 581493777
588294923 1 0 5
33719303 595177872 4965712 581493777 33719303
503250771 1 0 5
581493777 148442917 148442917 33719303 4965712
282943502 0 0 3
4965712 581493777 581493777
961603683 1 0 4
595177872 148442917 4965712 33719303
296649053 0 0 3
322387367 595177872 322387367
119124504 0 0 1
43296144
17604914 0 0 4
4965712 4965712 148442917 581493777
280837615 1 0 1
43296144
798953063 1 0 5
581493777 581493777 33719303 4965712 148442917
37619005 1 0 2
322387367 43296144
54693615 1 0 1
4965712
811208239 1 0 5
43296144 43296144 33719303 595177872 581493777
725949573 0 0 1
43296144
85678457 0 0 2
33719303 33719303
288899792 0 0 3
595177872 581493777 43296144
471166437 0 0 1
148442917
203796837 0 0 4
581493777 33719303 322387367 148442917
309976202 1 0 1
595177872
43042622 1 0 5
4965712 43296144 322387367 595177872 4965712
752473427 1 0 2
148442917 33719303
499404900 0 0 1
595177872
772384988 1 0 5
4965712 148442917 595177872 595177872 33719303
289196857 1 0 2
33719303 148442917
909538766 1 0 2
581493777 322387367
724460124 1 0 4
322387367 595177872 148442917 322387367
492549736 1 0 2
33719303 581493777
399790439 0 0 1
4965712
628303633 0 0 3
4965712 33719303 148442917
615069165 0 0 3
595177872 148442917 148442917
992053143 0 0 2
595177872 322387367
79255852 0 0 5
4965712 43296144 33719303 43296144 43296144
13167340 0 0 4
4965712 33719303 148442917 4965712
115380826 1 0 3
148442917 581493777 322387367
240255518 0 0 2
148442917 581493777
10807548 0 0 3
43296144 148442917 322387367
172518913 0 0 3
33719303 595177872 33719303
358846339 0 0 4
33719303 148442917 322387367 148442917
773640443 0 0 5
33719303 148442917 322387367 4965712 33719303
505224799 1 0 3
4965712 595177872 4965712
39549036 0 0 4
595177872 4965712 581493777 33719303
476086081 0 0 3
4965712 43296144 43296144
405675557 1 0 1
43296144
325487962 1 0 5
581493777 148442917 33719303 43296144 43296144
65739123 0 0 2
581493777 43296144
961779038 0 0 1
148442917
881235788 1 0 5
4965712 148442917 595177872 581493777 4965712
823553060 1 0 1
4965712
739642777 0 0 1
322387367
634384800 1 0 2
33719303 595177872
296921021 1 0 2
33719303 581493777
958830920 1 0 5
322387367 581493777 33719303 148442917 43296144
265724316 0 0 5
33719303 148442917 33719303 322387367 322387367
796325920 0 0 4
595177872 581493777 595177872 33719303
471447102 1 0 2
595177872 33719303
862643358 0 0 5
148442917 322387367 581493777 322387367 595177872
598995868 1 0 5
581493777 595177872 4965712 43296144 581493777
305199390 1 0 3
581493777 322387367 148442917
670486097 1 0 4
33719303 595177872 43296144 148442917
480831457 0 0 1
322387367
451059137 0 0 1
33719303
384738037 1 0 2
43296144 322387367
869306867 1 0 2
33719303 33719303
34137389 0 0 4
43296144 33719303 595177872 148442917
77295097 1 0 5
595177872 43296144 43296144 4965712 148442917
491192078 1 0 3
43296144 33719303 33719303
153754983 1 0 4
148442917 33719303 33719303 581493777
671658020 1 0 1
33719303
798953777 1 0 5
43296144 4965712 4965712 33719303 33719303
892351307 0 0 3
595177872 43296144 148442917
749107989 0 0 3
4965712 581493777 595177872
963738867 1 0 3
43296144 148442917 322387367
925285736 1 0 1
595177872
712298000 1 0 5
33719303 148442917 43296144 33719303 4965712
726648103 0 0 4
595177872 595177872 595177872 4965712
192431523 1 0 3
33719303 4965712 4965712
658269681 0 0 1
148442917
228407468 0 0 1
595177872
839971602 1 0 1
43296144
660482828 0 0 4
4965712 33719303 322387367 322387367
59725689 0 0 5
33719303 581493777 581493777 4965712 581493777
483781133 0 0 4
595177872 322387367 595177872 43296144
289915027 0 0 4
43296144 581493777 581493777 148442917
84244433 0 0 1
43296144
60117001 1 0 5
33719303 148442917 33719303 148442917 581493777
792637305 0 0 3
581493777 43296144 43296144
991385299 0 0 4
33719303 4965712 148442917 43296144
423736179 0 0 3
43296144 322387367 148442917
801901181 1 0 2
581493777 43296144
81473542 1 0 4
148442917 322387367 33719303 595177872
214403206 0 0 1
43296144
973498905 0 0 2
148442917 4965712
807844160 0 0 5
43296144 33719303 148442917 4965712 595177872
211420519 1 0 1
595177872
495408996 1 0 2
33719303 4965712
722419590 1 0 1
322387367
99285808 0 0 1
4965712
678789510 1 0 4
4965712 595177872 148442917 4965712
989652524 0 0 3
4965712 33719303 43296144
117419706 1 0 5
43296144 148442917 43296144 595177872 581493777
534011676 0 0 5
322387367 43296144 581493777 4965712 581493777
540334891 0 0 2
581493777 581493777
975467460 0 0 3
322387367 581493777 148442917
137557137 1 0 4
595177872 148442917 595177872 4965712
85974250 1 0 2
148442917 33719303
166901734 1 0 5
581493777 33719303 581493777 33719303 581493777
764999942 0 0 1
581493777
147769401 0 0 5
322387367 43296144 33719303 581493777 322387367
856156114 1 0 3
581493777 148442917 4965712
434250633 0 0 5
595177872 43296144 595177872 322387367 595177872
110424590 1 0 4
33719303 595177872 33719303 581493777
992204973 0 0 3
43296144 33719303 595177872
573254185 1 0 2
148442917 148442917
437748312 1 0 2
322387367 581493777
384091433 1 0 2
581493777 581493777
552381788 0 0 4
595177872 148442917 581493777 322387367
208192228 1 0 3
4965712 33719303 43296144
798673757 0 0 1
43296144
769834124 0 0 3
4965712 4965712 43296144
559280751 1 0 4
33719303 581493777 4965712 33719303
263978563 0 0 2
322387367 33719303
755422975 1 0 3
581493777 595177872 595177872
167544823 0 0 1
581493777
141490516 1 0 2
581493777 4965712
111492849 1 0 2
148442917 43296144
615419147 0 0 2
43296144 581493777
206280494 0 0 5
581493777 322387367 581493777 595177872 4965712
112398350 1 0 5
148442917 322387367 148442917 4965712 4965712
528392157 0 0 3
148442917 322387367 4965712
54010165 1 0 5
4965712 322387367 581493777 322387367 595177872
128023593 1 0 2
4965712 322387367
521026949 1 0 5
33719303 322387367 595177872 148442917 595177872
93280649 0 0 4
33719303 322387367 595177872 148442917
992666158 0 0 1
43296144
846222858 0 0 5
43296144 4965712 322387367 33719303 4965712
56827498 1 0 5
4965712 43296144 43296144 581493777 4965712
139617089 0 0 1
595177872
323880236 0 0 1
581493777
410738522 0 0 1
33719303
889316745 0 0 3
43296144 322387367 322387367
812421984 0 0 5
43296144 148442917 595177872 4965712 322387367
887318518 1 0 3
43296144 148442917 4965712
525486230 1 0 4
148442917 33719303 4965712 43296144
490141182 1 0 1
33719303
472468500 0 0 1
4965712
93892667 1 0 2
148442917 322387367
329265503 0 0 5
322387367 4965712 43296144 4965712 581493777
689749099 0 0 5
148442917 322387367 322387367 595177872 148442917
568244073 0 0 1
148442917
883190507 1 0 4
43296144 33719303 43296144 43296144
900610571 0 0 5
33719303 322387367 33719303 4965712 4965712
29582920 1 0 3
4965712 148442917 4965712
729476608 1 0 1
33719303
43312414 0 0 4
33719303 43296144 581493777 43296144
203567664 1 0 1
148442917
905448555 0 0 5
4965712 33719303 595177872 148442917 4965712
652309863 0 0 4
322387367 33719303 581493777 4965712
187260990 0 0 5
148442917 322387367 595177872 43296144 148442917
384796433 1 0 1
33719303
57581391 1 0 1
148442917
780152573 0 0 4
322387367 33719303 322387367 148442917
634763584 0 0 4
33719303 322387367 4965712 581493777
653487045 0 0 3
322387367 581493777 581493777
939286721 0 0 1
595177872
351281871 0 0 3
43296144 595177872 322387367
320872769 1 0 1
33719303
102330361 1 0 5
581493777 148442917 322387367 33719303 148442917
466288120 0 0 1
148442917
140895934 1 0 4
33719303 33719303 43296144 33719303
986384239 0 0 4
33719303 581493777 148442917 43296144
338331702 0 0 5
322387367 595177872 581493777 595177872 4965712
144203226 1 0 5
322387367 33719303 33719303 322387367 322387367
201605994 0 0 3
595177872 33719303 33719303
693524543 0 0 3
33719303 322387367 33719303
87870613 0 0 4
148442917 322387367 33719303 43296144
217573716 0 0 4
595177872 43296144 581493777 322387367
193679279 0 0 2
33719303 33719303
527169416 0 0 3
33719303 322387367 595177872
940352778 0 0 5
322387367 148442917 4965712 322387367 33719303
945198577 0 0 2
33719303 43296144
20780615 1 0 1
581493777
309816393 0 0 2
581493777 33719303
574548646 1 0 2
33719303 322387367
125847137 0 0 1
33719303
399170706 1 0 3
595177872 33719303 148442917
123439850 1 0 2
33719303 4965712
193904744 0 0 2
595177872 33719303
693767094 0 0 3
148442917 148442917 4965712
413865241 1 0 1
148442917
818483163 0 0 3
33719303 595177872 33719303
759720566 0 0 5
4965712 322387367 43296144 33719303 148442917
379906704 0 0 4
4965712 148442917 33719303 595177872
830636189 0 0 3
4965712 4965712 595177872
53818594 1 0 2
595177872 581493777
842231674 1 0 2
581493777 595177872
449727681 0 0 2
43296144 322387367
526418034 1 0 2
322387367 43296144
385273863 1 0 1
4965712
909520010 1 0 1
43296144
259715573 1 0 3
43296144 148442917 4965712
620557790 1 0 2
322387367 4965712
33432834 1 0 2
148442917 43296144
2078545 0 0 5
4965712 4965712 581493777 43296144 322387367
422964281 0 0 5
322387367 33719303 43296144 581493777 33719303
959773337 0 0 4
581493777 322387367 4965712 148442917
132994542 0 0 5
43296144 148442917 43296144 581493777 595177872
240222973 0 0 4
322387367 4965712 4965712 581493777
747029918 1 0 5
148442917 581493777 4965712 581493777 595177872
284469795 1 0 4
595177872 4965712 595177872 43296144
40910050 0 0 2
148442917 43296144
972220228 1 0 3
4965712 595177872 43296144
150232292 0 0 5
43296144 322387367 4965712 33719303 595177872
614652567 1 0 2
43296144 33719303
697915374 1 0 1
322387367
124433832 0 0 1
4965712
323450279 0 0 2
43296144 33719303
764219175 0 0 5
33719303 43296144 148442917 148442917 148442917
744450803 0 0 5
43296144 148442917 43296144 148442917 43296144
210240547 0 0 3
595177872 43296144 322387367
393418107 1 0 1
148442917
89671172 1 0 5
33719303 33719303 581493777 43296144 4965712
325420156 0 0 3
148442917 148442917 322387367
557905220 0 0 2
43296144 322387367
199833550 0 0 3
322387367 322387367 581493777
102998161 0 0 4
33719303 595177872 322387367 33719303
96091795 1 0 3
33719303 595177872 43296144
39758946 1 0 3
322387367 322387367 4965712
24589342 0 0 5
595177872 322387367 43296144 33719303 148442917
453370595 0 0 5
148442917 581493777 322387367 4965712 43296144
475648072 0 0 1
43296144
176535182 0 0 2
322387367 33719303
103253819 1 0 5
148442917 33719303 33719303 4965712 33719303
338885020 0 0 1
581493777
84578150 0 0 5
33719303 581493777 595177872 595177872 43296144
399048035 1 0 1
43296144
486131891 1 0 4
4965712 4965712 43296144 322387367
551043108 1 0 4
148442917 148442917 43296144 322387367
813295037 1 0 5
595177872 43296144 33719303 33719303 322387367
229978942 0 0 2
33719303 322387367
855610741 0 0 2
43296144 4965712
893655112 0 0 2
148442917 322387367
160469456 1 0 4
595177872 581493777 33719303 595177872
598720713 1 0 4
33719303 148442917 148442917 43296144
715389515 0 0 2
322387367 581493777
596917175 1 0 4
4965712 322387367 322387367 4965712
836189877 0 0 3
595177872 43296144 4965712
944343516 1 0 1
595177872
169705912 1 0 3
148442917 33719303 148442917
736213820 1 0 4
43296144 43296144 43296144 33719303
939340724 0 0 1
581493777
809369118 1 0 2
43296144 43296144
109277355 1 0 3
33719303 148442917 33719303
59175854 1 0 5
595177872 581493777 595177872 322387367 595177872
648412250 0 0 4
595177872 595177872 595177872 322387367
948839394 0 0 4
43296144 4965712 322387367 33719303
633643583 1 0 4
322387367 148442917 148442917 148442917
46762635 0 0 1
148442917
268844953 1 0 5
322387367 4965712 322387367 43296144 595177872
512467426 0 0 3
148442917 148442917 43296144
920817387 1 0 1
322387367
975542200 0 0 5
322387367 33719303 322387367 581493777 595177872
298595097 1 0 3
595177872 4965712 322387367
832008914 0 0 3
581493777 4965712 4965712
457342695 1 0 4
33719303 148442917 595177872 322387367
741372387 1 0 2
4965712 33719303
974936958 1 0 5
322387367 322387367 33719303 33719303 595177872
880382406 0 0 4
581493777 322387367 581493777 322387367
914563074 1 0 2
322387367 43296144
317702978 0 0 5
4965712 595177872 148442917 33719303 4965712
813504821 0 0 1
4965712
347683620 1 0 1
4965712
836959507 0 0 5
581493777 4965712 148442917 43296144 33719303
182488409 0 0 3
322387367 43296144 322387367
987605792 1 0 5
4965712 43296144 43296144 322387367 43296144
134363604 1 0 5
581493777 43296144 43296144 595177872 581493777
632375325 1 0 3
595177872 148442917 43296144
791355565 1 0 2
595177872 33719303
454202335 1 0 5
43296144 4965712 595177872 148442917 322387367
884104514 1 0 3
595177872 43296144 33719303
138803579 1 0 2
581493777 322387367
75680219 1 0 4
33719303 148442917 43296144 595177872
930027963 1 0 5
4965712 4965712 581493777 595177872 4965712
349929926 1 0 4
595177872 43296144 595177872 4965712
51518674 1 0 5
148442917 4965712 148442917 581493777 322387367
203102359 1 0 4
322387367 322387367 43296144 581493777
79102258 1 0 5
148442917 322387367 43296144 43296144 4965712
752581758 1 0 5
581493777 4965712 148442917 4965712 4965712
571841843 1 0 3
581493777 33719303 33719303
121746076 1 0 2
581493777 43296144
150528611 1 0 3
33719303 4965712 581493777
558836408 1 0 3
148442917 4965712 4965712
567004 1 0 1
43296144
