552
264534329 0 1 4
118213042 118213042 629794738 970335296
195247803 1 1 10
118213042 629794738 828223881 970335296 118213042 898461287 629794738 970335296 118213042 898461287
195247803 1 0 10
118213042 629794738 828223881 970335296 118213042 898461287 629794738 970335296 118213042 898461287
123675655 0 1 5
629794738 629794738 970335296 828223881 828223881
47028858 0 1 2
765929784 970335296
53017325 0 1 9
118213042 898461287 828223881 118213042 898461287 106435417 765929784 970335296 898461287
367610479 1 1 4
629794738 629794738 629794738 765929784
495286752 1 1 7
629794738 118213042 118213042 828223881 970335296 970335296 970335296
123675655 0 0 5
629794738 629794738 970335296 828223881 828223881
47028858 0 0 2
765929784 970335296
595379635 0 1 2
970335296 970335296
367610479 1 0 4
629794738 629794738 629794738 765929784
595379635 0 0 2
970335296 970335296
345451747 0 1 4
118213042 828223881 970335296 765929784
94732752 1 1 4
828223881 970335296 118213042 629794738
264534329 0 0 4
118213042 118213042 629794738 970335296
94732752 1 0 4
828223881 970335296 118213042 629794738
51960321 1 1 7
765929784 765929784 828223881 898461287 898461287 118213042 898461287
415690001 0 1 6
765929784 765929784 828223881 106435417 106435417 828223881
746354944 0 1 3
898461287 828223881 828223881
532875726 0 1 1
828223881
594302920 1 1 7
970335296 118213042 898461287 629794738 118213042 970335296 765929784
707956438 1 1 7
629794738 118213042 970335296 765929784 970335296 898461287 970335296
360520688 0 1 10
629794738 898461287 118213042 629794738 629794738 828223881 765929784 828223881 106435417 828223881
706172444 0 1 3
106435417 765929784 629794738
360520688 0 0 10
629794738 898461287 118213042 629794738 629794738 828223881 765929784 828223881 106435417 828223881
422294315 0 1 4
118213042 629794738 118213042 898461287
431228233 1 1 5
970335296 629794738 828223881 118213042 118213042
564049386 1 1 8
118213042 970335296 765929784 118213042 629794738 106435417 629794738 898461287
495286752 1 0 7
629794738 118213042 118213042 828223881 970335296 970335296 970335296
707956438 1 0 7
629794738 118213042 970335296 765929784 970335296 898461287 970335296
242673865 1 1 9
765929784 828223881 970335296 828223881 828223881 106435417 106435417 828223881 106435417
53017325 0 0 9
118213042 898461287 828223881 118213042 898461287 106435417 765929784 970335296 898461287
887467790 0 1 5
118213042 106435417 629794738 828223881 629794738
291445683 0 1 1
118213042
872468603 0 1 2
898461287 828223881
846419558 0 1 3
106435417 898461287 629794738
972185915 1 1 9
106435417 629794738 106435417 765929784 629794738 106435417 106435417 828223881 828223881
990681644 0 1 9
828223881 970335296 828223881 118213042 106435417 970335296 106435417 970335296 828223881
846419558 0 0 3
106435417 898461287 629794738
612349341 0 1 2
970335296 118213042
795037563 1 1 1
898461287
741659282 0 1 1
765929784
729400021 0 1 3
629794738 629794738 629794738
990285365 1 1 2
118213042 828223881
865334937 1 1 5
898461287 118213042 106435417 118213042 828223881
776428878 1 1 8
629794738 118213042 106435417 118213042 118213042 765929784 828223881 898461287
43302689 1 1 1
970335296
232945415 0 1 6
828223881 970335296 898461287 118213042 629794738 970335296
124231981 1 1 6
629794738 898461287 970335296 828223881 118213042 828223881
887467790 0 0 5
118213042 106435417 629794738 828223881 629794738
491198675 0 1 8
765929784 970335296 898461287 765929784 898461287 118213042 828223881 898461287
990285365 1 0 2
118213042 828223881
578397162 1 1 6
106435417 106435417 765929784 898461287 118213042 970335296
71481084 1 1 1
629794738
543158995 1 1 6
118213042 898461287 118213042 118213042 765929784 106435417
846603514 0 1 8
118213042 828223881 118213042 106435417 106435417 828223881 828223881 765929784
817836027 0 1 8
629794738 828223881 765929784 118213042 898461287 898461287 106435417 898461287
76034720 0 1 7
118213042 118213042 629794738 970335296 970335296 898461287 970335296
440906433 0 1 6
629794738 898461287 106435417 898461287 106435417 765929784
525792465 0 1 9
828223881 828223881 118213042 898461287 970335296 828223881 765929784 898461287 898461287
289071759 1 1 3
629794738 629794738 118213042
491198675 0 0 8
765929784 970335296 898461287 765929784 898461287 118213042 828223881 898461287
999595228 1 1 7
765929784 106435417 970335296 970335296 629794738 970335296 828223881
800603131 1 1 1
106435417
720299991 1 1 10
970335296 828223881 106435417 828223881 106435417 970335296 898461287 828223881 970335296 898461287
416160965 0 1 3
118213042 765929784 898461287
43276995 0 1 9
765929784 828223881 765929784 828223881 118213042 118213042 828223881 765929784 118213042
872468603 0 0 2
898461287 828223881
607767780 0 1 6
970335296 629794738 898461287 828223881 828223881 828223881
707606647 1 1 6
828223881 898461287 765929784 898461287 629794738 106435417
915745597 1 1 4
106435417 765929784 629794738 118213042
306703690 0 1 2
765929784 106435417
532308914 0 1 6
118213042 970335296 629794738 629794738 106435417 629794738
758943593 0 1 10
118213042 629794738 828223881 629794738 898461287 629794738 828223881 828223881 765929784 765929784
564049386 1 0 8
118213042 970335296 765929784 118213042 629794738 106435417 629794738 898461287
306703690 0 0 2
765929784 106435417
919053030 1 1 2
106435417 629794738
327346476 0 1 8
118213042 828223881 970335296 118213042 118213042 118213042 765929784 898461287
353119226 0 1 3
106435417 970335296 765929784
500969403 0 1 4
118213042 828223881 118213042 970335296
43302689 1 0 1
970335296
170148192 0 1 4
765929784 106435417 629794738 106435417
327346476 0 0 8
118213042 828223881 970335296 118213042 118213042 118213042 765929784 898461287
218454162 0 1 10
629794738 828223881 118213042 970335296 970335296 765929784 118213042 828223881 765929784 118213042
76034720 0 0 7
118213042 118213042 629794738 970335296 970335296 898461287 970335296
129914632 0 1 9
765929784 898461287 765929784 629794738 828223881 106435417 629794738 629794738 118213042
65967232 0 1 3
765929784 765929784 106435417
817836027 0 0 8
629794738 828223881 765929784 118213042 898461287 898461287 106435417 898461287
303915929 0 1 7
106435417 118213042 765929784 118213042 970335296 828223881 898461287
254146613 1 1 8
970335296 118213042 118213042 898461287 970335296 118213042 898461287 118213042
557165906 0 1 1
765929784
882313090 0 1 5
898461287 118213042 898461287 765929784 118213042
325627696 0 1 8
106435417 828223881 828223881 118213042 898461287 765929784 629794738 898461287
532308914 0 0 6
118213042 970335296 629794738 629794738 106435417 629794738
124231981 1 0 6
629794738 898461287 970335296 828223881 118213042 828223881
100324900 0 1 7
106435417 970335296 118213042 828223881 765929784 970335296 106435417
581432955 0 1 10
898461287 828223881 118213042 765929784 118213042 118213042 898461287 970335296 828223881 106435417
143463723 0 1 8
898461287 970335296 898461287 970335296 898461287 106435417 629794738 970335296
254146613 1 0 8
970335296 118213042 118213042 898461287 970335296 118213042 898461287 118213042
28875972 1 1 9
765929784 118213042 898461287 106435417 118213042 898461287 828223881 629794738 106435417
22339387 0 1 4
629794738 898461287 828223881 970335296
521772539 0 1 2
970335296 898461287
317947730 0 1 4
970335296 898461287 828223881 765929784
874450966 0 1 4
765929784 765929784 765929784 970335296
322375669 1 1 6
118213042 765929784 118213042 106435417 118213042 106435417
38247721 1 1 9
765929784 765929784 629794738 629794738 118213042 118213042 970335296 828223881 106435417
290611931 1 1 7
898461287 765929784 106435417 118213042 898461287 970335296 898461287
218169015 0 1 1
898461287
498531852 1 1 4
898461287 629794738 118213042 828223881
850734929 0 1 8
970335296 898461287 118213042 898461287 828223881 765929784 629794738 898461287
990681644 0 0 9
828223881 970335296 828223881 118213042 106435417 970335296 106435417 970335296 828223881
133914612 1 1 10
106435417 629794738 970335296 765929784 828223881 629794738 765929784 970335296 898461287 828223881
805235541 0 1 6
898461287 118213042 629794738 765929784 898461287 765929784
383043842 1 1 2
106435417 765929784
745374556 1 1 1
118213042
576804923 1 1 6
970335296 828223881 765929784 118213042 828223881 970335296
562906669 1 1 4
970335296 765929784 106435417 828223881
98493781 1 1 6
898461287 828223881 970335296 970335296 629794738 970335296
77774325 0 1 4
118213042 828223881 970335296 828223881
733054860 1 1 3
118213042 828223881 765929784
169464295 1 1 8
898461287 629794738 970335296 828223881 898461287 898461287 828223881 106435417
207688956 0 1 3
970335296 970335296 629794738
799022091 0 1 4
970335296 898461287 765929784 106435417
473380223 1 1 2
828223881 828223881
461835568 0 1 2
828223881 828223881
356187996 0 1 4
765929784 898461287 970335296 898461287
208209664 0 1 4
629794738 106435417 118213042 629794738
290611931 1 0 7
898461287 765929784 106435417 118213042 898461287 970335296 898461287
850734929 0 0 8
970335296 898461287 118213042 898461287 828223881 765929784 629794738 898461287
383043842 1 0 2
106435417 765929784
787463264 0 1 9
828223881 629794738 765929784 828223881 118213042 898461287 828223881 828223881 118213042
309029248 1 1 4
765929784 106435417 629794738 765929784
207688956 0 0 3
970335296 970335296 629794738
789642618 1 1 9
106435417 629794738 970335296 629794738 828223881 828223881 118213042 629794738 765929784
783443338 1 1 5
970335296 629794738 970335296 970335296 828223881
337905219 0 1 8
898461287 106435417 106435417 970335296 898461287 106435417 629794738 106435417
664498356 1 1 6
765929784 765929784 898461287 828223881 898461287 898461287
305215876 1 1 9
106435417 765929784 106435417 765929784 828223881 970335296 828223881 765929784 828223881
655852948 1 1 2
118213042 106435417
391465673 1 1 7
970335296 828223881 106435417 828223881 106435417 970335296 765929784
480107896 1 1 7
118213042 118213042 898461287 970335296 765929784 106435417 970335296
694100668 1 1 1
106435417
682077603 1 1 7
970335296 970335296 970335296 898461287 118213042 970335296 629794738
698276910 1 1 9
106435417 970335296 970335296 118213042 765929784 118213042 970335296 629794738 629794738
45148872 0 1 3
765929784 828223881 828223881
385328884 1 1 2
828223881 898461287
706172444 0 0 3
106435417 765929784 629794738
684707873 0 1 3
898461287 970335296 106435417
850384412 1 1 10
106435417 629794738 765929784 118213042 765929784 828223881 106435417 828223881 765929784 970335296
43276995 0 0 9
765929784 828223881 765929784 828223881 118213042 118213042 828223881 765929784 118213042
768372725 0 1 6
106435417 970335296 898461287 765929784 970335296 629794738
282598780 0 1 10
828223881 106435417 970335296 118213042 765929784 898461287 828223881 765929784 106435417 970335296
427189334 1 1 5
106435417 118213042 118213042 898461287 118213042
422294315 0 0 4
118213042 629794738 118213042 898461287
183795746 1 1 10
970335296 765929784 970335296 970335296 828223881 828223881 970335296 118213042 106435417 106435417
233608913 0 1 5
828223881 118213042 898461287 970335296 828223881
357480010 1 1 5
765929784 629794738 106435417 970335296 828223881
916850605 0 1 7
970335296 828223881 629794738 629794738 629794738 970335296 118213042
357480010 1 0 5
765929784 629794738 106435417 970335296 828223881
98493781 1 0 6
898461287 828223881 970335296 970335296 629794738 970335296
403073207 1 1 7
106435417 898461287 629794738 765929784 765929784 118213042 898461287
565168966 0 1 8
765929784 118213042 629794738 765929784 970335296 118213042 898461287 118213042
218454162 0 0 10
629794738 828223881 118213042 970335296 970335296 765929784 118213042 828223881 765929784 118213042
715872696 0 1 2
828223881 629794738
305215876 1 0 9
106435417 765929784 106435417 765929784 828223881 970335296 828223881 765929784 828223881
728969781 1 1 8
629794738 118213042 828223881 118213042 898461287 898461287 828223881 106435417
879520885 0 1 1
970335296
924577043 1 1 5
970335296 106435417 970335296 118213042 106435417
937179444 0 1 9
118213042 629794738 828223881 970335296 765929784 118213042 118213042 765929784 828223881
519500500 0 1 2
118213042 765929784
233606290 0 1 5
106435417 970335296 629794738 828223881 106435417
317947730 0 0 4
970335296 898461287 828223881 765929784
579338413 1 1 1
765929784
302943837 1 1 10
970335296 828223881 898461287 828223881 118213042 629794738 629794738 970335296 898461287 118213042
571511508 0 1 4
970335296 118213042 629794738 898461287
96353120 0 1 4
629794738 629794738 765929784 898461287
655852948 1 0 2
118213042 106435417
460676064 0 1 6
898461287 629794738 765929784 970335296 118213042 106435417
79880808 0 1 2
828223881 765929784
232945415 0 0 6
828223881 970335296 898461287 118213042 629794738 970335296
431228233 1 0 5
970335296 629794738 828223881 118213042 118213042
487818792 1 1 2
898461287 106435417
940783959 1 1 6
828223881 970335296 970335296 106435417 629794738 106435417
773981475 0 1 1
828223881
22412747 1 1 10
828223881 765929784 898461287 765929784 106435417 629794738 629794738 118213042 765929784 118213042
639060869 0 1 2
106435417 106435417
133914612 1 0 10
106435417 629794738 970335296 765929784 828223881 629794738 765929784 970335296 898461287 828223881
819130346 1 1 9
970335296 765929784 970335296 765929784 828223881 118213042 898461287 765929784 106435417
407741630 1 1 2
106435417 828223881
176285093 1 1 10
970335296 970335296 118213042 629794738 118213042 970335296 828223881 118213042 629794738 118213042
522031110 1 1 7
629794738 106435417 765929784 118213042 118213042 765929784 629794738
28630706 0 1 10
118213042 765929784 828223881 765929784 765929784 765929784 898461287 765929784 828223881 828223881
458883873 0 1 3
106435417 828223881 828223881
458883873 0 0 3
106435417 828223881 828223881
949220443 1 1 4
106435417 970335296 629794738 970335296
212426451 0 1 6
629794738 765929784 106435417 765929784 765929784 898461287
692492785 0 1 8
118213042 898461287 970335296 898461287 629794738 765929784 106435417 828223881
159216805 1 1 10
106435417 118213042 629794738 970335296 828223881 765929784 118213042 970335296 970335296 828223881
129277056 0 1 1
118213042
95565991 1 1 5
970335296 898461287 118213042 828223881 898461287
724385770 1 1 4
828223881 629794738 898461287 629794738
697666103 0 1 8
828223881 828223881 765929784 970335296 765929784 970335296 106435417 629794738
677052123 0 1 9
118213042 629794738 765929784 118213042 970335296 118213042 629794738 828223881 118213042
789642618 1 0 9
106435417 629794738 970335296 629794738 828223881 828223881 118213042 629794738 765929784
456423006 0 1 2
106435417 629794738
474759497 1 1 2
118213042 828223881
466747918 0 1 6
828223881 629794738 765929784 629794738 765929784 106435417
975923506 1 1 10
828223881 828223881 898461287 118213042 828223881 629794738 970335296 629794738 106435417 629794738
708365787 1 1 7
106435417 629794738 898461287 106435417 106435417 828223881 828223881
46086330 0 1 10
106435417 828223881 106435417 970335296 106435417 629794738 629794738 765929784 118213042 629794738
131383694 0 1 6
828223881 828223881 106435417 106435417 828223881 828223881
132393646 1 1 3
970335296 898461287 106435417
994955801 1 1 7
629794738 118213042 765929784 898461287 118213042 118213042 828223881
592059758 1 1 9
629794738 765929784 629794738 828223881 106435417 106435417 828223881 828223881 106435417
212274453 1 1 2
106435417 828223881
335290944 1 1 1
765929784
776428878 1 0 8
629794738 118213042 106435417 118213042 118213042 765929784 828223881 898461287
532843716 1 1 4
118213042 118213042 765929784 970335296
838772280 1 1 3
970335296 118213042 118213042
924577043 1 0 5
970335296 106435417 970335296 118213042 106435417
357703690 1 1 10
106435417 970335296 970335296 828223881 970335296 828223881 629794738 765929784 898461287 765929784
24420936 0 1 5
106435417 765929784 828223881 765929784 898461287
510418977 1 1 9
106435417 898461287 898461287 765929784 970335296 898461287 629794738 765929784 828223881
581432955 0 0 10
898461287 828223881 118213042 765929784 118213042 118213042 898461287 970335296 828223881 106435417
617961671 1 1 5
106435417 629794738 970335296 970335296 765929784
200706029 1 1 1
106435417
32450086 1 1 7
765929784 118213042 629794738 629794738 765929784 765929784 765929784
646592377 1 1 5
970335296 898461287 118213042 106435417 765929784
659589901 1 1 3
828223881 898461287 106435417
834186881 0 1 3
970335296 765929784 629794738
711535179 1 1 9
828223881 898461287 629794738 629794738 898461287 118213042 765929784 118213042 118213042
204599037 0 1 10
765929784 106435417 629794738 629794738 629794738 970335296 106435417 106435417 765929784 828223881
993403685 0 1 8
118213042 765929784 970335296 106435417 898461287 828223881 118213042 970335296
741659282 0 0 1
765929784
693328586 0 1 4
765929784 118213042 106435417 765929784
461835568 0 0 2
828223881 828223881
129277056 0 0 1
118213042
799022091 0 0 4
970335296 898461287 765929784 106435417
152681379 1 1 4
970335296 970335296 118213042 106435417
570305806 1 1 10
629794738 898461287 106435417 106435417 898461287 118213042 898461287 118213042 970335296 106435417
243511040 1 1 10
629794738 118213042 828223881 970335296 828223881 629794738 106435417 629794738 970335296 118213042
829733501 1 1 4
629794738 765929784 970335296 629794738
26728811 1 1 10
970335296 898461287 765929784 106435417 970335296 629794738 765929784 765929784 629794738 970335296
212274453 1 0 2
106435417 828223881
718270537 0 1 10
765929784 765929784 898461287 118213042 970335296 118213042 765929784 765929784 118213042 629794738
296481418 1 1 10
629794738 898461287 106435417 898461287 118213042 828223881 118213042 106435417 970335296 629794738
2652316 0 1 4
898461287 629794738 629794738 106435417
279152675 1 1 8
970335296 898461287 828223881 828223881 118213042 898461287 118213042 118213042
195084099 1 1 5
629794738 970335296 106435417 629794738 898461287
557165906 0 0 1
765929784
134036010 0 1 10
106435417 898461287 970335296 106435417 629794738 765929784 629794738 118213042 629794738 970335296
411546320 0 1 7
970335296 970335296 828223881 629794738 970335296 970335296 970335296
42556251 0 1 2
118213042 106435417
578612119 1 1 8
828223881 106435417 970335296 118213042 970335296 106435417 828223881 970335296
476337125 0 1 3
765929784 765929784 106435417
377847194 1 1 8
629794738 828223881 118213042 970335296 898461287 898461287 828223881 629794738
111455834 0 1 6
106435417 970335296 898461287 118213042 765929784 118213042
315109404 0 1 7
970335296 898461287 118213042 765929784 970335296 629794738 106435417
733054860 1 0 3
118213042 828223881 765929784
735550884 0 1 9
765929784 898461287 106435417 118213042 106435417 106435417 898461287 629794738 106435417
988393122 1 1 7
629794738 629794738 106435417 118213042 629794738 765929784 106435417
718270537 0 0 10
765929784 765929784 898461287 118213042 970335296 118213042 765929784 765929784 118213042 629794738
322375669 1 0 6
118213042 765929784 118213042 106435417 118213042 106435417
825528380 0 1 2
828223881 898461287
206028906 1 1 10
629794738 828223881 629794738 106435417 898461287 629794738 629794738 118213042 118213042 898461287
41615502 1 1 1
898461287
710494818 0 1 1
898461287
578612119 1 0 8
828223881 106435417 970335296 118213042 970335296 106435417 828223881 970335296
852621282 0 1 6
828223881 118213042 118213042 106435417 828223881 828223881
701205402 1 1 3
898461287 828223881 828223881
544681698 1 1 10
106435417 898461287 898461287 828223881 970335296 118213042 828223881 970335296 898461287 828223881
416672813 0 1 5
828223881 898461287 898461287 828223881 629794738
385328884 1 0 2
828223881 898461287
905804438 1 1 2
118213042 765929784
390601734 1 1 1
898461287
110001398 1 1 4
118213042 970335296 106435417 765929784
58485816 0 1 5
118213042 765929784 118213042 970335296 765929784
960907539 0 1 3
106435417 118213042 629794738
353512438 1 1 8
970335296 118213042 118213042 765929784 970335296 629794738 106435417 765929784
740735668 1 1 6
898461287 898461287 118213042 970335296 765929784 970335296
987636349 1 1 6
970335296 970335296 828223881 629794738 118213042 118213042
71782974 1 1 6
106435417 629794738 765929784 970335296 118213042 898461287
37217085 1 1 1
970335296
842805017 0 1 10
106435417 106435417 898461287 629794738 118213042 828223881 898461287 765929784 765929784 828223881
710494818 0 0 1
898461287
41615502 1 0 1
898461287
203452000 1 1 2
898461287 828223881
84817535 0 1 10
118213042 106435417 898461287 106435417 118213042 106435417 765929784 828223881 106435417 118213042
829357378 1 1 4
970335296 629794738 106435417 629794738
614998319 1 1 2
118213042 970335296
127373785 1 1 1
898461287
260485848 1 1 1
898461287
91335443 0 1 3
898461287 106435417 106435417
505220978 0 1 8
629794738 898461287 828223881 765929784 118213042 629794738 828223881 828223881
224458033 0 1 2
828223881 970335296
258961198 0 1 6
898461287 106435417 118213042 629794738 629794738 629794738
93288213 1 1 1
828223881
212851154 0 1 5
970335296 828223881 106435417 118213042 970335296
937005930 1 1 5
898461287 106435417 765929784 106435417 629794738
299317119 0 1 3
828223881 629794738 898461287
254466655 1 1 3
828223881 828223881 106435417
647500747 1 1 8
118213042 765929784 106435417 898461287 629794738 629794738 828223881 118213042
4454752 0 1 8
828223881 970335296 828223881 106435417 970335296 828223881 970335296 898461287
808188408 0 1 8
898461287 970335296 118213042 828223881 629794738 828223881 118213042 898461287
44698796 0 1 4
118213042 118213042 106435417 118213042
421127564 0 1 9
118213042 629794738 106435417 828223881 828223881 629794738 970335296 828223881 970335296
566509197 1 1 10
898461287 765929784 765929784 629794738 765929784 828223881 118213042 629794738 898461287 970335296
435300529 1 1 2
970335296 828223881
383645314 0 1 1
118213042
477511364 1 1 9
765929784 970335296 828223881 629794738 629794738 970335296 118213042 828223881 970335296
248724419 1 1 4
629794738 106435417 118213042 118213042
579338413 1 0 1
765929784
737157751 0 1 3
970335296 898461287 118213042
218247031 1 1 6
828223881 118213042 629794738 898461287 106435417 629794738
111455834 0 0 6
106435417 970335296 898461287 118213042 765929784 118213042
88877119 0 1 5
106435417 898461287 629794738 106435417 970335296
661457076 1 1 9
765929784 828223881 898461287 629794738 106435417 765929784 765929784 765929784 106435417
107980467 0 1 10
629794738 898461287 106435417 898461287 970335296 898461287 970335296 828223881 970335296 970335296
532843716 1 0 4
118213042 118213042 765929784 970335296
931682135 0 1 7
765929784 106435417 118213042 106435417 828223881 106435417 898461287
864909075 1 1 9
970335296 765929784 898461287 765929784 106435417 970335296 828223881 629794738 765929784
254466655 1 0 3
828223881 828223881 106435417
45314353 0 1 9
629794738 898461287 898461287 629794738 765929784 765929784 828223881 765929784 106435417
206028906 1 0 10
629794738 828223881 629794738 106435417 898461287 629794738 629794738 118213042 118213042 898461287
879520885 0 0 1
970335296
613555864 0 1 1
828223881
332423745 0 1 8
629794738 828223881 118213042 970335296 898461287 765929784 118213042 106435417
172688137 0 1 3
970335296 828223881 765929784
874041711 0 1 3
118213042 898461287 118213042
276275540 1 1 2
765929784 118213042
530425467 1 1 2
970335296 828223881
98499744 1 1 1
970335296
387753089 0 1 9
629794738 828223881 106435417 828223881 828223881 898461287 765929784 765929784 106435417
623713679 1 1 1
629794738
403073207 1 0 7
106435417 898461287 629794738 765929784 765929784 118213042 898461287
864909075 1 0 9
970335296 765929784 898461287 765929784 106435417 970335296 828223881 629794738 765929784
163867249 0 1 7
765929784 118213042 118213042 106435417 629794738 106435417 970335296
519500500 0 0 2
118213042 765929784
233608913 0 0 5
828223881 118213042 898461287 970335296 828223881
324759018 0 1 5
106435417 118213042 828223881 970335296 898461287
775547149 0 1 8
898461287 970335296 765929784 118213042 970335296 898461287 765929784 629794738
270850256 0 1 9
106435417 898461287 765929784 828223881 970335296 106435417 765929784 970335296 765929784
824776116 0 1 2
106435417 765929784
477511364 1 0 9
765929784 970335296 828223881 629794738 629794738 970335296 118213042 828223881 970335296
32450086 1 0 7
765929784 118213042 629794738 629794738 765929784 765929784 765929784
276275540 1 0 2
765929784 118213042
440906433 0 0 6
629794738 898461287 106435417 898461287 106435417 765929784
780001901 0 1 1
828223881
79038663 0 1 3
970335296 106435417 970335296
993403685 0 0 8
118213042 765929784 970335296 106435417 898461287 828223881 118213042 970335296
291445683 0 0 1
118213042
218247031 1 0 6
828223881 118213042 629794738 898461287 106435417 629794738
212426451 0 0 6
629794738 765929784 106435417 765929784 765929784 898461287
692492785 0 0 8
118213042 898461287 970335296 898461287 629794738 765929784 106435417 828223881
800603131 1 0 1
106435417
664498356 1 0 6
765929784 765929784 898461287 828223881 898461287 898461287
45148872 0 0 3
765929784 828223881 828223881
824776116 0 0 2
106435417 765929784
421127564 0 0 9
118213042 629794738 106435417 828223881 828223881 629794738 970335296 828223881 970335296
42556251 0 0 2
118213042 106435417
195084099 1 0 5
629794738 970335296 106435417 629794738 898461287
994955801 1 0 7
629794738 118213042 765929784 898461287 118213042 118213042 828223881
758943593 0 0 10
118213042 629794738 828223881 629794738 898461287 629794738 828223881 828223881 765929784 765929784
623713679 1 0 1
629794738
787463264 0 0 9
828223881 629794738 765929784 828223881 118213042 898461287 828223881 828223881 118213042
169464295 1 0 8
898461287 629794738 970335296 828223881 898461287 898461287 828223881 106435417
208209664 0 0 4
629794738 106435417 118213042 629794738
532875726 0 0 1
828223881
498531852 1 0 4
898461287 629794738 118213042 828223881
975923506 1 0 10
828223881 828223881 898461287 118213042 828223881 629794738 970335296 629794738 106435417 629794738
746354944 0 0 3
898461287 828223881 828223881
882313090 0 0 5
898461287 118213042 898461287 765929784 118213042
639060869 0 0 2
106435417 106435417
460676064 0 0 6
898461287 629794738 765929784 970335296 118213042 106435417
829357378 1 0 4
970335296 629794738 106435417 629794738
163867249 0 0 7
765929784 118213042 118213042 106435417 629794738 106435417 970335296
715872696 0 0 2
828223881 629794738
682077603 1 0 7
970335296 970335296 970335296 898461287 118213042 970335296 629794738
570305806 1 0 10
629794738 898461287 106435417 106435417 898461287 118213042 898461287 118213042 970335296 106435417
525792465 0 0 9
828223881 828223881 118213042 898461287 970335296 828223881 765929784 898461287 898461287
916850605 0 0 7
970335296 828223881 629794738 629794738 629794738 970335296 118213042
960907539 0 0 3
106435417 118213042 629794738
613555864 0 0 1
828223881
937179444 0 0 9
118213042 629794738 828223881 970335296 765929784 118213042 118213042 765929784 828223881
937005930 1 0 5
898461287 106435417 765929784 106435417 629794738
571511508 0 0 4
970335296 118213042 629794738 898461287
544681698 1 0 10
106435417 898461287 898461287 828223881 970335296 118213042 828223881 970335296 898461287 828223881
98499744 1 0 1
970335296
456423006 0 0 2
106435417 629794738
28630706 0 0 10
118213042 765929784 828223881 765929784 765929784 765929784 898461287 765929784 828223881 828223881
79038663 0 0 3
970335296 106435417 970335296
279152675 1 0 8
970335296 898461287 828223881 828223881 118213042 898461287 118213042 118213042
37217085 1 0 1
970335296
416160965 0 0 3
118213042 765929784 898461287
88877119 0 0 5
106435417 898461287 629794738 106435417 970335296
522031110 1 0 7
629794738 106435417 765929784 118213042 118213042 765929784 629794738
356187996 0 0 4
765929784 898461287 970335296 898461287
315109404 0 0 7
970335296 898461287 118213042 765929784 970335296 629794738 106435417
134036010 0 0 10
106435417 898461287 970335296 106435417 629794738 765929784 629794738 118213042 629794738 970335296
819130346 1 0 9
970335296 765929784 970335296 765929784 828223881 118213042 898461287 765929784 106435417
594302920 1 0 7
970335296 118213042 898461287 629794738 118213042 970335296 765929784
808188408 0 0 8
898461287 970335296 118213042 828223881 629794738 828223881 118213042 898461287
473380223 1 0 2
828223881 828223881
735550884 0 0 9
765929784 898461287 106435417 118213042 106435417 106435417 898461287 629794738 106435417
474759497 1 0 2
118213042 828223881
353512438 1 0 8
970335296 118213042 118213042 765929784 970335296 629794738 106435417 765929784
79880808 0 0 2
828223881 765929784
377847194 1 0 8
629794738 828223881 118213042 970335296 898461287 898461287 828223881 629794738
834186881 0 0 3
970335296 765929784 629794738
805235541 0 0 6
898461287 118213042 629794738 765929784 898461287 765929784
28875972 1 0 9
765929784 118213042 898461287 106435417 118213042 898461287 828223881 629794738 106435417
505220978 0 0 8
629794738 898461287 828223881 765929784 118213042 629794738 828223881 828223881
745374556 1 0 1
118213042
243511040 1 0 10
629794738 118213042 828223881 970335296 828223881 629794738 106435417 629794738 970335296 118213042
407741630 1 0 2
106435417 828223881
565168966 0 0 8
765929784 118213042 629794738 765929784 970335296 118213042 898461287 118213042
299317119 0 0 3
828223881 629794738 898461287
96353120 0 0 4
629794738 629794738 765929784 898461287
829733501 1 0 4
629794738 765929784 970335296 629794738
325627696 0 0 8
106435417 828223881 828223881 118213042 898461287 765929784 629794738 898461287
988393122 1 0 7
629794738 629794738 106435417 118213042 629794738 765929784 106435417
183795746 1 0 10
970335296 765929784 970335296 970335296 828223881 828223881 970335296 118213042 106435417 106435417
617961671 1 0 5
106435417 629794738 970335296 970335296 765929784
95565991 1 0 5
970335296 898461287 118213042 828223881 898461287
204599037 0 0 10
765929784 106435417 629794738 629794738 629794738 970335296 106435417 106435417 765929784 828223881
260485848 1 0 1
898461287
647500747 1 0 8
118213042 765929784 106435417 898461287 629794738 629794738 828223881 118213042
773981475 0 0 1
828223881
77774325 0 0 4
118213042 828223881 970335296 828223881
707606647 1 0 6
828223881 898461287 765929784 898461287 629794738 106435417
203452000 1 0 2
898461287 828223881
846603514 0 0 8
118213042 828223881 118213042 106435417 106435417 828223881 828223881 765929784
224458033 0 0 2
828223881 970335296
825528380 0 0 2
828223881 898461287
71782974 1 0 6
106435417 629794738 765929784 970335296 118213042 898461287
874041711 0 0 3
118213042 898461287 118213042
708365787 1 0 7
106435417 629794738 898461287 106435417 106435417 828223881 828223881
576804923 1 0 6
970335296 828223881 765929784 118213042 828223881 970335296
915745597 1 0 4
106435417 765929784 629794738 118213042
353119226 0 0 3
106435417 970335296 765929784
411546320 0 0 7
970335296 970335296 828223881 629794738 970335296 970335296 970335296
838772280 1 0 3
970335296 118213042 118213042
357703690 1 0 10
106435417 970335296 970335296 828223881 970335296 828223881 629794738 765929784 898461287 765929784
919053030 1 0 2
106435417 629794738
701205402 1 0 3
898461287 828223881 828223881
677052123 0 0 9
118213042 629794738 765929784 118213042 970335296 118213042 629794738 828223881 118213042
383645314 0 0 1
118213042
711535179 1 0 9
828223881 898461287 629794738 629794738 898461287 118213042 765929784 118213042 118213042
865334937 1 0 5
898461287 118213042 106435417 118213042 828223881
614998319 1 0 2
118213042 970335296
91335443 0 0 3
898461287 106435417 106435417
4454752 0 0 8
828223881 970335296 828223881 106435417 970335296 828223881 970335296 898461287
107980467 0 0 10
629794738 898461287 106435417 898461287 970335296 898461287 970335296 828223881 970335296 970335296
152681379 1 0 4
970335296 970335296 118213042 106435417
332423745 0 0 8
629794738 828223881 118213042 970335296 898461287 765929784 118213042 106435417
566509197 1 0 10
898461287 765929784 765929784 629794738 765929784 828223881 118213042 629794738 898461287 970335296
850384412 1 0 10
106435417 629794738 765929784 118213042 765929784 828223881 106435417 828223881 765929784 970335296
562906669 1 0 4
970335296 765929784 106435417 828223881
296481418 1 0 10
629794738 898461287 106435417 898461287 118213042 828223881 118213042 106435417 970335296 629794738
345451747 0 0 4
118213042 828223881 970335296 765929784
592059758 1 0 9
629794738 765929784 629794738 828223881 106435417 106435417 828223881 828223881 106435417
987636349 1 0 6
970335296 970335296 828223881 629794738 118213042 118213042
476337125 0 0 3
765929784 765929784 106435417
324759018 0 0 5
106435417 118213042 828223881 970335296 898461287
51960321 1 0 7
765929784 765929784 828223881 898461287 898461287 118213042 898461287
45314353 0 0 9
629794738 898461287 898461287 629794738 765929784 765929784 828223881 765929784 106435417
129914632 0 0 9
765929784 898461287 765929784 629794738 828223881 106435417 629794738 629794738 118213042
435300529 1 0 2
970335296 828223881
387753089 0 0 9
629794738 828223881 106435417 828223881 828223881 898461287 765929784 765929784 106435417
737157751 0 0 3
970335296 898461287 118213042
612349341 0 0 2
970335296 118213042
270850256 0 0 9
106435417 898461287 765929784 828223881 970335296 106435417 765929784 970335296 765929784
698276910 1 0 9
106435417 970335296 970335296 118213042 765929784 118213042 970335296 629794738 629794738
159216805 1 0 10
106435417 118213042 629794738 970335296 828223881 765929784 118213042 970335296 970335296 828223881
949220443 1 0 4
106435417 970335296 629794738 970335296
22412747 1 0 10
828223881 765929784 898461287 765929784 106435417 629794738 629794738 118213042 765929784 118213042
646592377 1 0 5
970335296 898461287 118213042 106435417 765929784
999595228 1 0 7
765929784 106435417 970335296 970335296 629794738 970335296 828223881
720299991 1 0 10
970335296 828223881 106435417 828223881 106435417 970335296 898461287 828223881 970335296 898461287
530425467 1 0 2
970335296 828223881
729400021 0 0 3
629794738 629794738 629794738
780001901 0 0 1
828223881
93288213 1 0 1
828223881
466747918 0 0 6
828223881 629794738 765929784 629794738 765929784 106435417
170148192 0 0 4
765929784 106435417 629794738 106435417
578397162 1 0 6
106435417 106435417 765929784 898461287 118213042 970335296
2652316 0 0 4
898461287 629794738 629794738 106435417
44698796 0 0 4
118213042 118213042 106435417 118213042
842805017 0 0 10
106435417 106435417 898461287 629794738 118213042 828223881 898461287 765929784 765929784 828223881
543158995 1 0 6
118213042 898461287 118213042 118213042 765929784 106435417
697666103 0 0 8
828223881 828223881 765929784 970335296 765929784 970335296 106435417 629794738
38247721 1 0 9
765929784 765929784 629794738 629794738 118213042 118213042 970335296 828223881 106435417
282598780 0 0 10
828223881 106435417 970335296 118213042 765929784 898461287 828223881 765929784 106435417 970335296
740735668 1 0 6
898461287 898461287 118213042 970335296 765929784 970335296
500969403 0 0 4
118213042 828223881 118213042 970335296
852621282 0 0 6
828223881 118213042 118213042 106435417 828223881 828223881
58485816 0 0 5
118213042 765929784 118213042 970335296 765929784
775547149 0 0 8
898461287 970335296 765929784 118213042 970335296 898461287 765929784 629794738
172688137 0 0 3
970335296 828223881 765929784
303915929 0 0 7
106435417 118213042 765929784 118213042 970335296 828223881 898461287
416672813 0 0 5
828223881 898461287 898461287 828223881 629794738
84817535 0 0 10
118213042 106435417 898461287 106435417 118213042 106435417 765929784 828223881 106435417 118213042
335290944 1 0 1
765929784
972185915 1 0 9
106435417 629794738 106435417 765929784 629794738 106435417 106435417 828223881 828223881
905804438 1 0 2
118213042 765929784
521772539 0 0 2
970335296 898461287
233606290 0 0 5
106435417 970335296 629794738 828223881 106435417
309029248 1 0 4
765929784 106435417 629794738 765929784
684707873 0 0 3
898461287 970335296 106435417
795037563 1 0 1
898461287
71481084 1 0 1
629794738
46086330 0 0 10
106435417 828223881 106435417 970335296 106435417 629794738 629794738 765929784 118213042 629794738
242673865 1 0 9
765929784 828223881 970335296 828223881 828223881 106435417 106435417 828223881 106435417
337905219 0 0 8
898461287 106435417 106435417 970335296 898461287 106435417 629794738 106435417
176285093 1 0 10
970335296 970335296 118213042 629794738 118213042 970335296 828223881 118213042 629794738 118213042
65967232 0 0 3
765929784 765929784 106435417
931682135 0 0 7
765929784 106435417 118213042 106435417 828223881 106435417 898461287
302943837 1 0 10
970335296 828223881 898461287 828223881 118213042 629794738 629794738 970335296 898461287 118213042
659589901 1 0 3
828223881 898461287 106435417
661457076 1 0 9
765929784 828223881 898461287 629794738 106435417 765929784 765929784 765929784 106435417
391465673 1 0 7
970335296 828223881 106435417 828223881 106435417 970335296 765929784
783443338 1 0 5
970335296 629794738 970335296 970335296 828223881
22339387 0 0 4
629794738 898461287 828223881 970335296
607767780 0 0 6
970335296 629794738 898461287 828223881 828223881 828223881
212851154 0 0 5
970335296 828223881 106435417 118213042 970335296
693328586 0 0 4
765929784 118213042 106435417 765929784
131383694 0 0 6
828223881 828223881 106435417 106435417 828223881 828223881
132393646 1 0 3
970335296 898461287 106435417
258961198 0 0 6
898461287 106435417 118213042 629794738 629794738 629794738
487818792 1 0 2
898461287 106435417
874450966 0 0 4
765929784 765929784 765929784 970335296
415690001 0 0 6
765929784 765929784 828223881 106435417 106435417 828223881
100324900 0 0 7
106435417 970335296 118213042 828223881 765929784 970335296 106435417
26728811 1 0 10
970335296 898461287 765929784 106435417 970335296 629794738 765929784 765929784 629794738 970335296
143463723 0 0 8
898461287 970335296 898461287 970335296 898461287 106435417 629794738 970335296
218169015 0 0 1
898461287
768372725 0 0 6
106435417 970335296 898461287 765929784 970335296 629794738
24420936 0 0 5
106435417 765929784 828223881 765929784 898461287
940783959 1 0 6
828223881 970335296 970335296 106435417 629794738 106435417
110001398 1 0 4
118213042 970335296 106435417 765929784
510418977 1 0 9
106435417 898461287 898461287 765929784 970335296 898461287 629794738 765929784 828223881
694100668 1 0 1
106435417
724385770 1 0 4
828223881 629794738 898461287 629794738
480107896 1 0 7
118213042 118213042 898461287 970335296 765929784 106435417 970335296
728969781 1 0 8
629794738 118213042 828223881 118213042 898461287 898461287 828223881 106435417
289071759 1 0 3
629794738 629794738 118213042
427189334 1 0 5
106435417 118213042 118213042 898461287 118213042
200706029 1 0 1
106435417
127373785 1 0 1
898461287
390601734 1 0 1
898461287
248724419 1 0 4
629794738 106435417 118213042 118213042
