118
677752878 1 1 30
435011861 103789254 181880034 392366268 103789254 103789254 392366268 181880034 181880034 181880034 435011861 392366268 392366268 435494096 435011861 435494096 392366268 889401579 392366268 392366268 181880034 435494096 181880034 243656629 103789254 181880034 435494096 435011861 435494096 243656629
936366254 1 1 17
392366268 392366268 243656629 243656629 889401579 435494096 435011861 103789254 889401579 392366268 243656629 889401579 435011861 392366268 435494096 243656629 889401579
101295757 0 1 29
435011861 103789254 243656629 392366268 435494096 243656629 392366268 243656629 392366268 392366268 435011861 889401579 243656629 243656629 435011861 435011861 243656629 435011861 103789254 103789254 435011861 392366268 435011861 181880034 889401579 435494096 435494096 243656629 243656629
189054616 1 1 9
889401579 243656629 392366268 889401579 103789254 181880034 392366268 435494096 889401579
849702369 1 1 7
181880034 392366268 435494096 435494096 103789254 103789254 435494096
949833922 1 1 32
243656629 435494096 103789254 392366268 243656629 392366268 435494096 243656629 181880034 103789254 889401579 103789254 181880034 181880034 243656629 103789254 889401579 435494096 243656629 435494096 435494096 435494096 181880034 243656629 103789254 243656629 392366268 103789254 243656629 435011861 103789254 889401579
802225955 0 1 38
243656629 392366268 392366268 889401579 889401579 435494096 392366268 889401579 889401579 435011861 103789254 435011861 243656629 392366268 103789254 889401579 392366268 103789254 435494096 181880034 435494096 889401579 103789254 392366268 103789254 181880034 103789254 889401579 181880034 103789254 103789254 889401579 392366268 435494096 392366268 435011861 392366268 181880034
123163337 1 1 49
243656629 435011861 435494096 181880034 103789254 103789254 435011861 103789254 103789254 181880034 103789254 435011861 181880034 103789254 181880034 103789254 435494096 243656629 889401579 392366268 392366268 181880034 243656629 243656629 435011861 392366268 181880034 392366268 181880034 435011861 103789254 435494096 435011861 392366268 889401579 181880034 435494096 243656629 243656629 392366268 435494096 181880034 103789254 181880034 243656629 889401579 889401579 889401579 103789254
123163337 1 0 49
243656629 435011861 435494096 181880034 103789254 103789254 435011861 103789254 103789254 181880034 103789254 435011861 181880034 103789254 181880034 103789254 435494096 243656629 889401579 392366268 392366268 181880034 243656629 243656629 435011861 392366268 181880034 392366268 181880034 435011861 103789254 435494096 435011861 392366268 889401579 181880034 435494096 243656629 243656629 392366268 435494096 181880034 103789254 181880034 243656629 889401579 889401579 889401579 103789254
407648252 1 1 26
392366268 435494096 103789254 889401579 889401579 103789254 435011861 103789254 889401579 103789254 181880034 435494096 392366268 435494096 889401579 243656629 103789254 103789254 435494096 243656629 181880034 889401579 435011861 103789254 243656629 435011861
802225955 0 0 38
243656629 392366268 392366268 889401579 889401579 435494096 392366268 889401579 889401579 435011861 103789254 435011861 243656629 392366268 103789254 889401579 392366268 103789254 435494096 181880034 435494096 889401579 103789254 392366268 103789254 181880034 103789254 889401579 181880034 103789254 103789254 889401579 392366268 435494096 392366268 435011861 392366268 181880034
956102182 1 1 40
435011861 435494096 243656629 243656629 103789254 103789254 392366268 181880034 435494096 435011861 889401579 435494096 435011861 392366268 243656629 889401579 243656629 243656629 435011861 103789254 435494096 435011861 435011861 243656629 435011861 435011861 435494096 392366268 889401579 103789254 103789254 243656629 103789254 435494096 103789254 435494096 392366268 103789254 181880034 392366268
477860591 0 1 7
889401579 889401579 243656629 435494096 103789254 103789254 435494096
97366279 0 1 31
435011861 181880034 435011861 181880034 181880034 392366268 103789254 243656629 103789254 181880034 181880034 392366268 392366268 181880034 243656629 243656629 435494096 435011861 392366268 243656629 435011861 435011861 103789254 243656629 435494096 103789254 392366268 243656629 103789254 392366268 243656629
53750410 1 1 4
392366268 103789254 243656629 243656629
821450709 1 1 15
435494096 889401579 435011861 181880034 392366268 435494096 435011861 103789254 392366268 392366268 889401579 392366268 243656629 103789254 435494096
821450709 1 0 15
435494096 889401579 435011861 181880034 392366268 435494096 435011861 103789254 392366268 392366268 889401579 392366268 243656629 103789254 435494096
995844859 0 1 25
889401579 392366268 435494096 435011861 435494096 243656629 392366268 889401579 435011861 435011861 889401579 243656629 181880034 243656629 181880034 435011861 103789254 181880034 392366268 243656629 435494096 243656629 889401579 435494096 889401579
907091100 1 1 32
435011861 435011861 435494096 889401579 392366268 243656629 889401579 435494096 181880034 435011861 889401579 181880034 181880034 181880034 103789254 392366268 435011861 889401579 392366268 889401579 435494096 243656629 103789254 103789254 435011861 889401579 392366268 889401579 181880034 889401579 103789254 181880034
538165699 0 1 26
435011861 243656629 889401579 435494096 435494096 392366268 103789254 181880034 103789254 243656629 243656629 392366268 103789254 435494096 243656629 435011861 435494096 435011861 435011861 392366268 435011861 243656629 243656629 889401579 435011861 392366268
588640282 1 1 23
181880034 181880034 889401579 435494096 435494096 889401579 435494096 181880034 889401579 243656629 181880034 392366268 103789254 889401579 435494096 103789254 392366268 103789254 435494096 103789254 889401579 392366268 889401579
179671161 1 1 34
103789254 435011861 889401579 243656629 889401579 243656629 435011861 392366268 392366268 435011861 435494096 181880034 243656629 103789254 435494096 435011861 103789254 435011861 243656629 103789254 103789254 181880034 435494096 392366268 181880034 889401579 392366268 243656629 435011861 435494096 889401579 103789254 435011861 392366268
936366254 1 0 17
392366268 392366268 243656629 243656629 889401579 435494096 435011861 103789254 889401579 392366268 243656629 889401579 435011861 392366268 435494096 243656629 889401579
866323400 0 1 31
435011861 103789254 181880034 435494096 435011861 243656629 435011861 889401579 243656629 243656629 889401579 181880034 435494096 889401579 181880034 181880034 243656629 889401579 889401579 243656629 889401579 392366268 435494096 889401579 181880034 392366268 435494096 435494096 392366268 435011861 435494096
117741258 0 1 24
103789254 181880034 435494096 889401579 435494096 889401579 392366268 889401579 103789254 392366268 243656629 243656629 181880034 889401579 392366268 243656629 103789254 435011861 435011861 392366268 889401579 392366268 392366268 889401579
973849424 1 1 27
181880034 392366268 243656629 435494096 243656629 435494096 243656629 392366268 103789254 435011861 243656629 435011861 889401579 181880034 435494096 103789254 392366268 103789254 435494096 435011861 103789254 435494096 243656629 435494096 103789254 181880034 392366268
97366279 0 0 31
435011861 181880034 435011861 181880034 181880034 392366268 103789254 243656629 103789254 181880034 181880034 392366268 392366268 181880034 243656629 243656629 435494096 435011861 392366268 243656629 435011861 435011861 103789254 243656629 435494096 103789254 392366268 243656629 103789254 392366268 243656629
995844859 0 0 25
889401579 392366268 435494096 435011861 435494096 243656629 392366268 889401579 435011861 435011861 889401579 243656629 181880034 243656629 181880034 435011861 103789254 181880034 392366268 243656629 435494096 243656629 889401579 435494096 889401579
115593249 0 1 45
181880034 103789254 889401579 243656629 889401579 392366268 243656629 181880034 435011861 181880034 889401579 392366268 243656629 103789254 435011861 392366268 103789254 435494096 435494096 435494096 435011861 181880034 889401579 435011861 243656629 889401579 435494096 181880034 435494096 435011861 435494096 181880034 103789254 103789254 435494096 435011861 103789254 243656629 392366268 889401579 435011861 435011861 435494096 103789254 889401579
115593249 0 0 45
181880034 103789254 889401579 243656629 889401579 392366268 243656629 181880034 435011861 181880034 889401579 392366268 243656629 103789254 435011861 392366268 103789254 435494096 435494096 435494096 435011861 181880034 889401579 435011861 243656629 889401579 435494096 181880034 435494096 435011861 435494096 181880034 103789254 103789254 435494096 435011861 103789254 243656629 392366268 889401579 435011861 435011861 435494096 103789254 889401579
956102182 1 0 40
435011861 435494096 243656629 243656629 103789254 103789254 392366268 181880034 435494096 435011861 889401579 435494096 435011861 392366268 243656629 889401579 243656629 243656629 435011861 103789254 435494096 435011861 435011861 243656629 435011861 435011861 435494096 392366268 889401579 103789254 103789254 243656629 103789254 435494096 103789254 435494096 392366268 103789254 181880034 392366268
760731745 0 1 29
889401579 181880034 103789254 889401579 103789254 103789254 181880034 392366268 889401579 889401579 103789254 889401579 392366268 435011861 392366268 889401579 889401579 435011861 392366268 889401579 103789254 435494096 181880034 181880034 103789254 181880034 103789254 435011861 243656629
261859872 0 1 32
181880034 243656629 103789254 889401579 181880034 243656629 889401579 435494096 435494096 181880034 103789254 392366268 181880034 103789254 435011861 243656629 889401579 392366268 392366268 435011861 243656629 103789254 392366268 181880034 181880034 243656629 392366268 435011861 243656629 889401579 435494096 435494096
71898855 0 1 34
392366268 243656629 243656629 243656629 243656629 435494096 392366268 435011861 435011861 243656629 243656629 435494096 392366268 435011861 181880034 103789254 435494096 392366268 392366268 181880034 889401579 181880034 103789254 889401579 103789254 889401579 181880034 392366268 243656629 181880034 889401579 435011861 435011861 392366268
48259957 1 1 33
889401579 889401579 392366268 103789254 392366268 392366268 103789254 435494096 435011861 435011861 435494096 392366268 392366268 889401579 435494096 435011861 435011861 103789254 889401579 243656629 889401579 435011861 103789254 435494096 181880034 181880034 889401579 889401579 435494096 435011861 103789254 889401579 889401579
151261450 0 1 30
243656629 392366268 889401579 243656629 392366268 103789254 181880034 392366268 435011861 435011861 103789254 243656629 889401579 435011861 889401579 243656629 435011861 889401579 243656629 181880034 435494096 392366268 392366268 243656629 103789254 435494096 435011861 889401579 243656629 435494096
117741258 0 0 24
103789254 181880034 435494096 889401579 435494096 889401579 392366268 889401579 103789254 392366268 243656629 243656629 181880034 889401579 392366268 243656629 103789254 435011861 435011861 392366268 889401579 392366268 392366268 889401579
253778888 1 1 48
392366268 103789254 435494096 435011861 889401579 392366268 243656629 243656629 103789254 392366268 889401579 435011861 435011861 392366268 392366268 435494096 181880034 243656629 392366268 243656629 243656629 103789254 392366268 435011861 392366268 243656629 889401579 889401579 889401579 103789254 392366268 889401579 435494096 435494096 889401579 181880034 392366268 103789254 435494096 392366268 243656629 103789254 103789254 103789254 435494096 435494096 103789254 435011861
291916586 0 1 16
435011861 392366268 243656629 435011861 243656629 435011861 181880034 103789254 243656629 243656629 392366268 392366268 243656629 181880034 435494096 435494096
396144069 0 1 25
435494096 243656629 392366268 392366268 392366268 243656629 435494096 243656629 435494096 181880034 181880034 392366268 181880034 889401579 243656629 435494096 435494096 435494096 181880034 103789254 889401579 435494096 243656629 889401579 889401579
407648252 1 0 26
392366268 435494096 103789254 889401579 889401579 103789254 435011861 103789254 889401579 103789254 181880034 435494096 392366268 435494096 889401579 243656629 103789254 103789254 435494096 243656629 181880034 889401579 435011861 103789254 243656629 435011861
931531765 0 1 49
435011861 103789254 435494096 435011861 243656629 889401579 435494096 889401579 103789254 181880034 435494096 103789254 392366268 181880034 181880034 181880034 435011861 435011861 103789254 889401579 889401579 392366268 435494096 392366268 889401579 435011861 103789254 243656629 392366268 435011861 243656629 435011861 103789254 243656629 435011861 181880034 392366268 435011861 435494096 103789254 392366268 392366268 435494096 243656629 103789254 181880034 103789254 889401579 181880034
71898855 0 0 34
392366268 243656629 243656629 243656629 243656629 435494096 392366268 435011861 435011861 243656629 243656629 435494096 392366268 435011861 181880034 103789254 435494096 392366268 392366268 181880034 889401579 181880034 103789254 889401579 103789254 889401579 181880034 392366268 243656629 181880034 889401579 435011861 435011861 392366268
291916586 0 0 16
435011861 392366268 243656629 435011861 243656629 435011861 181880034 103789254 243656629 243656629 392366268 392366268 243656629 181880034 435494096 435494096
228282839 1 1 37
103789254 181880034 181880034 181880034 181880034 889401579 889401579 392366268 435494096 435494096 103789254 435494096 103789254 435494096 181880034 103789254 181880034 243656629 889401579 243656629 103789254 243656629 243656629 392366268 392366268 889401579 889401579 435011861 181880034 889401579 392366268 243656629 103789254 889401579 103789254 889401579 181880034
349956177 1 1 36
181880034 181880034 435011861 181880034 889401579 435494096 243656629 243656629 243656629 435494096 103789254 243656629 243656629 181880034 181880034 435011861 103789254 435494096 181880034 243656629 435011861 103789254 435011861 103789254 181880034 889401579 181880034 392366268 243656629 435494096 889401579 435494096 889401579 181880034 181880034 392366268
120586381 0 1 14
435494096 103789254 243656629 243656629 181880034 435011861 435494096 435494096 103789254 392366268 435011861 435494096 103789254 181880034
930501560 1 1 1
889401579
299790098 0 1 41
889401579 435011861 392366268 392366268 181880034 181880034 243656629 103789254 889401579 435494096 435494096 435011861 889401579 889401579 392366268 889401579 181880034 181880034 243656629 889401579 435494096 889401579 435011861 181880034 889401579 435011861 889401579 181880034 181880034 435011861 243656629 435494096 889401579 435011861 392366268 435494096 392366268 435011861 435494096 435011861 435011861
775328687 1 1 10
889401579 435011861 435011861 243656629 392366268 243656629 392366268 181880034 103789254 103789254
53664896 0 1 46
243656629 392366268 392366268 243656629 435011861 181880034 103789254 181880034 435011861 435494096 435011861 181880034 435494096 181880034 243656629 243656629 243656629 103789254 392366268 435494096 103789254 243656629 181880034 181880034 181880034 435011861 243656629 181880034 889401579 435494096 889401579 392366268 392366268 435011861 889401579 103789254 243656629 435011861 392366268 435494096 435011861 103789254 435011861 435494096 889401579 243656629
707438349 1 1 44
243656629 392366268 392366268 103789254 181880034 181880034 889401579 181880034 435011861 243656629 243656629 103789254 435011861 243656629 243656629 181880034 103789254 243656629 435494096 103789254 435011861 435494096 181880034 103789254 889401579 435011861 181880034 103789254 103789254 181880034 392366268 181880034 103789254 392366268 889401579 889401579 103789254 392366268 435494096 103789254 243656629 392366268 435011861 243656629
583947220 0 1 38
103789254 181880034 889401579 435011861 392366268 103789254 181880034 435494096 435011861 435494096 435011861 435011861 392366268 181880034 103789254 889401579 392366268 243656629 181880034 435494096 392366268 103789254 103789254 103789254 181880034 243656629 103789254 435011861 243656629 435494096 889401579 392366268 181880034 392366268 103789254 103789254 243656629 181880034
101295757 0 0 29
435011861 103789254 243656629 392366268 435494096 243656629 392366268 243656629 392366268 392366268 435011861 889401579 243656629 243656629 435011861 435011861 243656629 435011861 103789254 103789254 435011861 392366268 435011861 181880034 889401579 435494096 435494096 243656629 243656629
384041838 1 1 25
392366268 435011861 181880034 889401579 103789254 103789254 181880034 243656629 435011861 889401579 181880034 435494096 103789254 392366268 435011861 392366268 392366268 243656629 889401579 435011861 435011861 435011861 889401579 392366268 392366268
804804628 0 1 47
435494096 103789254 181880034 181880034 889401579 103789254 103789254 435011861 435011861 243656629 392366268 889401579 392366268 889401579 889401579 435494096 435494096 889401579 181880034 435494096 435011861 243656629 435494096 435011861 435494096 889401579 103789254 435494096 181880034 392366268 103789254 181880034 243656629 392366268 435494096 435494096 435494096 103789254 435011861 103789254 181880034 392366268 181880034 889401579 889401579 435494096 103789254
538165699 0 0 26
435011861 243656629 889401579 435494096 435494096 392366268 103789254 181880034 103789254 243656629 243656629 392366268 103789254 435494096 243656629 435011861 435494096 435011861 435011861 392366268 435011861 243656629 243656629 889401579 435011861 392366268
804804628 0 0 47
435494096 103789254 181880034 181880034 889401579 103789254 103789254 435011861 435011861 243656629 392366268 889401579 392366268 889401579 889401579 435494096 435494096 889401579 181880034 435494096 435011861 243656629 435494096 435011861 435494096 889401579 103789254 435494096 181880034 392366268 103789254 181880034 243656629 392366268 435494096 435494096 435494096 103789254 435011861 103789254 181880034 392366268 181880034 889401579 889401579 435494096 103789254
637697630 1 1 29
103789254 889401579 392366268 243656629 103789254 103789254 103789254 392366268 435494096 103789254 392366268 243656629 435494096 435494096 392366268 181880034 392366268 103789254 243656629 435494096 392366268 181880034 435011861 103789254 435494096 103789254 435011861 103789254 103789254
53750410 1 0 4
392366268 103789254 243656629 243656629
58008898 0 1 33
435494096 392366268 392366268 392366268 181880034 435494096 181880034 435011861 243656629 181880034 435494096 435011861 889401579 103789254 243656629 435011861 392366268 435011861 181880034 435494096 435011861 889401579 435494096 103789254 181880034 243656629 435494096 181880034 435011861 435494096 889401579 435011861 181880034
907091100 1 0 32
435011861 435011861 435494096 889401579 392366268 243656629 889401579 435494096 181880034 435011861 889401579 181880034 181880034 181880034 103789254 392366268 435011861 889401579 392366268 889401579 435494096 243656629 103789254 103789254 435011861 889401579 392366268 889401579 181880034 889401579 103789254 181880034
653165838 1 1 10
392366268 243656629 103789254 435494096 435494096 103789254 889401579 435011861 435494096 392366268
544788729 1 1 17
435494096 243656629 392366268 889401579 103789254 392366268 243656629 889401579 181880034 103789254 889401579 103789254 435494096 889401579 435494096 392366268 181880034
596174596 1 1 41
103789254 889401579 103789254 435494096 435494096 889401579 243656629 181880034 243656629 889401579 103789254 243656629 392366268 435494096 392366268 103789254 181880034 243656629 435011861 392366268 181880034 392366268 243656629 181880034 435494096 243656629 889401579 435011861 435494096 435494096 889401579 392366268 103789254 181880034 392366268 392366268 243656629 181880034 103789254 889401579 243656629
653165838 1 0 10
392366268 243656629 103789254 435494096 435494096 103789254 889401579 435011861 435494096 392366268
241806119 0 1 27
181880034 435011861 392366268 889401579 243656629 243656629 435011861 435011861 889401579 435494096 181880034 243656629 243656629 435011861 435011861 181880034 889401579 392366268 103789254 103789254 243656629 889401579 435011861 392366268 103789254 243656629 392366268
576976241 1 1 49
435494096 435011861 392366268 181880034 889401579 181880034 435011861 243656629 243656629 243656629 181880034 435494096 435011861 435494096 435011861 181880034 889401579 243656629 103789254 181880034 181880034 181880034 392366268 435494096 181880034 435494096 889401579 889401579 435011861 103789254 243656629 103789254 103789254 889401579 243656629 243656629 435494096 392366268 103789254 889401579 435011861 889401579 889401579 181880034 181880034 243656629 392366268 243656629 435011861
462497995 0 1 19
243656629 103789254 181880034 435011861 435494096 103789254 181880034 435494096 435494096 435011861 103789254 435494096 243656629 243656629 889401579 181880034 181880034 181880034 243656629
359547377 1 1 20
435011861 103789254 243656629 103789254 392366268 243656629 435494096 103789254 889401579 392366268 103789254 435494096 103789254 392366268 392366268 889401579 392366268 243656629 392366268 392366268
403342017 0 1 5
103789254 181880034 392366268 889401579 103789254
430607595 1 1 4
889401579 889401579 181880034 889401579
972795473 1 1 1
435011861
544788729 1 0 17
435494096 243656629 392366268 889401579 103789254 392366268 243656629 889401579 181880034 103789254 889401579 103789254 435494096 889401579 435494096 392366268 181880034
665201888 0 1 2
435011861 243656629
596174596 1 0 41
103789254 889401579 103789254 435494096 435494096 889401579 243656629 181880034 243656629 889401579 103789254 243656629 392366268 435494096 392366268 103789254 181880034 243656629 435011861 392366268 181880034 392366268 243656629 181880034 435494096 243656629 889401579 435011861 435494096 435494096 889401579 392366268 103789254 181880034 392366268 392366268 243656629 181880034 103789254 889401579 243656629
384041838 1 0 25
392366268 435011861 181880034 889401579 103789254 103789254 181880034 243656629 435011861 889401579 181880034 435494096 103789254 392366268 435011861 392366268 392366268 243656629 889401579 435011861 435011861 435011861 889401579 392366268 392366268
707438349 1 0 44
243656629 392366268 392366268 103789254 181880034 181880034 889401579 181880034 435011861 243656629 243656629 103789254 435011861 243656629 243656629 181880034 103789254 243656629 435494096 103789254 435011861 435494096 181880034 103789254 889401579 435011861 181880034 103789254 103789254 181880034 392366268 181880034 103789254 392366268 889401579 889401579 103789254 392366268 435494096 103789254 243656629 392366268 435011861 243656629
637697630 1 0 29
103789254 889401579 392366268 243656629 103789254 103789254 103789254 392366268 435494096 103789254 392366268 243656629 435494096 435494096 392366268 181880034 392366268 103789254 243656629 435494096 392366268 181880034 435011861 103789254 435494096 103789254 435011861 103789254 103789254
930501560 1 0 1
889401579
502506449 0 1 4
103789254 243656629 392366268 243656629
21055429 0 1 2
392366268 889401579
816463337 0 1 1
181880034
576976241 1 0 49
435494096 435011861 392366268 181880034 889401579 181880034 435011861 243656629 243656629 243656629 181880034 435494096 435011861 435494096 435011861 181880034 889401579 243656629 103789254 181880034 181880034 181880034 392366268 435494096 181880034 435494096 889401579 889401579 435011861 103789254 243656629 103789254 103789254 889401579 243656629 243656629 435494096 392366268 103789254 889401579 435011861 889401579 889401579 181880034 181880034 243656629 392366268 243656629 435011861
775328687 1 0 10
889401579 435011861 435011861 243656629 392366268 243656629 392366268 181880034 103789254 103789254
931531765 0 0 49
435011861 103789254 435494096 435011861 243656629 889401579 435494096 889401579 103789254 181880034 435494096 103789254 392366268 181880034 181880034 181880034 435011861 435011861 103789254 889401579 889401579 392366268 435494096 392366268 889401579 435011861 103789254 243656629 392366268 435011861 243656629 435011861 103789254 243656629 435011861 181880034 392366268 435011861 435494096 103789254 392366268 392366268 435494096 243656629 103789254 181880034 103789254 889401579 181880034
261859872 0 0 32
181880034 243656629 103789254 889401579 181880034 243656629 889401579 435494096 435494096 181880034 103789254 392366268 181880034 103789254 435011861 243656629 889401579 392366268 392366268 435011861 243656629 103789254 392366268 181880034 181880034 243656629 392366268 435011861 243656629 889401579 435494096 435494096
228282839 1 0 37
103789254 181880034 181880034 181880034 181880034 889401579 889401579 392366268 435494096 435494096 103789254 435494096 103789254 435494096 181880034 103789254 181880034 243656629 889401579 243656629 103789254 243656629 243656629 392366268 392366268 889401579 889401579 435011861 181880034 889401579 392366268 243656629 103789254 889401579 103789254 889401579 181880034
430607595 1 0 4
889401579 889401579 181880034 889401579
189054616 1 0 9
889401579 243656629 392366268 889401579 103789254 181880034 392366268 435494096 889401579
973849424 1 0 27
181880034 392366268 243656629 435494096 243656629 435494096 243656629 392366268 103789254 435011861 243656629 435011861 889401579 181880034 435494096 103789254 392366268 103789254 435494096 435011861 103789254 435494096 243656629 435494096 103789254 181880034 392366268
151261450 0 0 30
243656629 392366268 889401579 243656629 392366268 103789254 181880034 392366268 435011861 435011861 103789254 243656629 889401579 435011861 889401579 243656629 435011861 889401579 243656629 181880034 435494096 392366268 392366268 243656629 103789254 435494096 435011861 889401579 243656629 435494096
179671161 1 0 34
103789254 435011861 889401579 243656629 889401579 243656629 435011861 392366268 392366268 435011861 435494096 181880034 243656629 103789254 435494096 435011861 103789254 435011861 243656629 103789254 103789254 181880034 435494096 392366268 181880034 889401579 392366268 243656629 435011861 435494096 889401579 103789254 435011861 392366268
816463337 0 0 1
181880034
120586381 0 0 14
435494096 103789254 243656629 243656629 181880034 435011861 435494096 435494096 103789254 392366268 435011861 435494096 103789254 181880034
949833922 1 0 32
243656629 435494096 103789254 392366268 243656629 392366268 435494096 243656629 181880034 103789254 889401579 103789254 181880034 181880034 243656629 103789254 889401579 435494096 243656629 435494096 435494096 435494096 181880034 243656629 103789254 243656629 392366268 103789254 243656629 435011861 103789254 889401579
253778888 1 0 48
392366268 103789254 435494096 435011861 889401579 392366268 243656629 243656629 103789254 392366268 889401579 435011861 435011861 392366268 392366268 435494096 181880034 243656629 392366268 243656629 243656629 103789254 392366268 435011861 392366268 243656629 889401579 889401579 889401579 103789254 392366268 889401579 435494096 435494096 889401579 181880034 392366268 103789254 435494096 392366268 243656629 103789254 103789254 103789254 435494096 435494096 103789254 435011861
58008898 0 0 33
435494096 392366268 392366268 392366268 181880034 435494096 181880034 435011861 243656629 181880034 435494096 435011861 889401579 103789254 243656629 435011861 392366268 435011861 181880034 435494096 435011861 889401579 435494096 103789254 181880034 243656629 435494096 181880034 435011861 435494096 889401579 435011861 181880034
349956177 1 0 36
181880034 181880034 435011861 181880034 889401579 435494096 243656629 243656629 243656629 435494096 103789254 243656629 243656629 181880034 181880034 435011861 103789254 435494096 181880034 243656629 435011861 103789254 435011861 103789254 181880034 889401579 181880034 392366268 243656629 435494096 889401579 435494096 889401579 181880034 181880034 392366268
21055429 0 0 2
392366268 889401579
677752878 1 0 30
435011861 103789254 181880034 392366268 103789254 103789254 392366268 181880034 181880034 181880034 435011861 392366268 392366268 435494096 435011861 435494096 392366268 889401579 392366268 392366268 181880034 435494096 181880034 243656629 103789254 181880034 435494096 435011861 435494096 243656629
972795473 1 0 1
435011861
359547377 1 0 20
435011861 103789254 243656629 103789254 392366268 243656629 435494096 103789254 889401579 392366268 103789254 435494096 103789254 392366268 392366268 889401579 392366268 243656629 392366268 392366268
588640282 1 0 23
181880034 181880034 889401579 435494096 435494096 889401579 435494096 181880034 889401579 243656629 181880034 392366268 103789254 889401579 435494096 103789254 392366268 103789254 435494096 103789254 889401579 392366268 889401579
477860591 0 0 7
889401579 889401579 243656629 435494096 103789254 103789254 435494096
502506449 0 0 4
103789254 243656629 392366268 243656629
583947220 0 0 38
103789254 181880034 889401579 435011861 392366268 103789254 181880034 435494096 435011861 435494096 435011861 435011861 392366268 181880034 103789254 889401579 392366268 243656629 181880034 435494096 392366268 103789254 103789254 103789254 181880034 243656629 103789254 435011861 243656629 435494096 889401579 392366268 181880034 392366268 103789254 103789254 243656629 181880034
53664896 0 0 46
243656629 392366268 392366268 243656629 435011861 181880034 103789254 181880034 435011861 435494096 435011861 181880034 435494096 181880034 243656629 243656629 243656629 103789254 392366268 435494096 103789254 243656629 181880034 181880034 181880034 435011861 243656629 181880034 889401579 435494096 889401579 392366268 392366268 435011861 889401579 103789254 243656629 435011861 392366268 435494096 435011861 103789254 435011861 435494096 889401579 243656629
462497995 0 0 19
243656629 103789254 181880034 435011861 435494096 103789254 181880034 435494096 435494096 435011861 103789254 435494096 243656629 243656629 889401579 181880034 181880034 181880034 243656629
48259957 1 0 33
889401579 889401579 392366268 103789254 392366268 392366268 103789254 435494096 435011861 435011861 435494096 392366268 392366268 889401579 435494096 435011861 435011861 103789254 889401579 243656629 889401579 435011861 103789254 435494096 181880034 181880034 889401579 889401579 435494096 435011861 103789254 889401579 889401579
849702369 1 0 7
181880034 392366268 435494096 435494096 103789254 103789254 435494096
396144069 0 0 25
435494096 243656629 392366268 392366268 392366268 243656629 435494096 243656629 435494096 181880034 181880034 392366268 181880034 889401579 243656629 435494096 435494096 435494096 181880034 103789254 889401579 435494096 243656629 889401579 889401579
299790098 0 0 41
889401579 435011861 392366268 392366268 181880034 181880034 243656629 103789254 889401579 435494096 435494096 435011861 889401579 889401579 392366268 889401579 181880034 181880034 243656629 889401579 435494096 889401579 435011861 181880034 889401579 435011861 889401579 181880034 181880034 435011861 243656629 435494096 889401579 435011861 392366268 435494096 392366268 435011861 435494096 435011861 435011861
866323400 0 0 31
435011861 103789254 181880034 435494096 435011861 243656629 435011861 889401579 243656629 243656629 889401579 181880034 435494096 889401579 181880034 181880034 243656629 889401579 889401579 243656629 889401579 392366268 435494096 889401579 181880034 392366268 435494096 435494096 392366268 435011861 435494096
760731745 0 0 29
889401579 181880034 103789254 889401579 103789254 103789254 181880034 392366268 889401579 889401579 103789254 889401579 392366268 435011861 392366268 889401579 889401579 435011861 392366268 889401579 103789254 435494096 181880034 181880034 103789254 181880034 103789254 435011861 243656629
241806119 0 0 27
181880034 435011861 392366268 889401579 243656629 243656629 435011861 435011861 889401579 435494096 181880034 243656629 243656629 435011861 435011861 181880034 889401579 392366268 103789254 103789254 243656629 889401579 435011861 392366268 103789254 243656629 392366268
665201888 0 0 2
435011861 243656629
403342017 0 0 5
103789254 181880034 392366268 889401579 103789254
