1550
193101189 0 1 2
158431308 860681076
747343853 1 1 3
886874823 158431308 185416734
431838860 0 1 2
860681076 639722196
582624534 0 1 1
158431308
431838860 0 0 2
860681076 639722196
171842374 1 1 2
158431308 185416734
990918306 1 1 2
756976414 860681076
579382983 1 1 2
756976414 639722196
424049604 0 1 2
639722196 147516404
836283944 0 1 3
555457621 886874823 886874823
359109165 0 1 1
639722196
145046873 0 1 3
860681076 185416734 886874823
478602359 0 1 3
756976414 860681076 886874823
597780443 0 1 3
147516404 639722196 147516404
625325599 1 1 1
185416734
747343853 1 0 3
886874823 158431308 185416734
514808654 0 1 1
639722196
595229593 1 1 3
147516404 555457621 860681076
938105620 1 1 1
147516404
488514368 1 1 1
555457621
388330688 0 1 1
158431308
625325599 1 0 1
185416734
570518250 1 1 1
639722196
109898388 1 1 1
158431308
595229593 1 0 3
147516404 555457621 860681076
876636896 1 1 2
185416734 860681076
260496133 0 1 3
886874823 886874823 147516404
424049604 0 0 2
639722196 147516404
570518250 1 0 1
639722196
260496133 0 0 3
886874823 886874823 147516404
257414791 1 1 3
860681076 860681076 185416734
62053629 0 1 3
147516404 886874823 185416734
668470106 1 1 1
639722196
668470106 1 0 1
639722196
478602359 0 0 3
756976414 860681076 886874823
970612219 1 1 3
147516404 886874823 756976414
554292176 1 1 3
158431308 555457621 147516404
193101189 0 0 2
158431308 860681076
555344928 0 1 1
555457621
129043526 1 1 1
158431308
311268589 0 1 1
860681076
600962468 1 1 2
158431308 185416734
728903730 1 1 1
756976414
743107449 1 1 2
886874823 756976414
62053629 0 0 3
147516404 886874823 185416734
36103353 0 1 2
185416734 639722196
900746103 1 1 2
185416734 639722196
586542106 1 1 3
158431308 639722196 158431308
615486336 0 1 2
555457621 860681076
177312059 0 1 1
185416734
275342401 1 1 2
147516404 158431308
876636896 1 0 2
185416734 860681076
388330688 0 0 1
158431308
974595500 1 1 1
555457621
322358931 0 1 2
158431308 158431308
753944760 1 1 3
555457621 860681076 147516404
424892294 1 1 3
756976414 886874823 886874823
800200881 1 1 2
886874823 158431308
121269765 1 1 1
555457621
582624534 0 0 1
158431308
554292176 1 0 3
158431308 555457621 147516404
20121886 1 1 1
185416734
424892294 1 0 3
756976414 886874823 886874823
738306501 1 1 3
147516404 886874823 185416734
609784132 1 1 2
756976414 756976414
260968925 1 1 3
555457621 147516404 756976414
586542106 1 0 3
158431308 639722196 158431308
161341102 1 1 3
639722196 639722196 555457621
572198871 0 1 1
639722196
137605821 0 1 1
639722196
145046873 0 0 3
860681076 185416734 886874823
274353586 0 1 2
886874823 886874823
829613662 0 1 1
555457621
52175801 1 1 2
756976414 886874823
942823691 1 1 2
886874823 639722196
652742232 0 1 3
639722196 756976414 158431308
606467977 0 1 1
185416734
606467977 0 0 1
185416734
350684970 1 1 1
555457621
781785757 1 1 2
756976414 756976414
770252917 1 1 3
639722196 147516404 756976414
36103353 0 0 2
185416734 639722196
951647437 0 1 2
158431308 147516404
363205838 1 1 1
886874823
365876717 0 1 1
185416734
987750790 1 1 3
886874823 147516404 555457621
263951940 0 1 2
185416734 158431308
952418823 0 1 3
756976414 756976414 639722196
603237125 0 1 1
756976414
441263998 0 1 1
185416734
80277575 1 1 3
147516404 158431308 639722196
430348976 1 1 2
185416734 185416734
616139280 0 1 2
886874823 886874823
686738686 1 1 1
886874823
707757621 0 1 1
756976414
416340161 0 1 2
639722196 639722196
808008450 1 1 1
185416734
990918306 1 0 2
756976414 860681076
580395859 0 1 1
756976414
7163013 0 1 1
756976414
270308934 1 1 3
147516404 158431308 756976414
841364783 0 1 2
756976414 555457621
109898388 1 0 1
158431308
21020466 1 1 2
756976414 185416734
555344928 0 0 1
555457621
842507804 1 1 2
185416734 158431308
978970603 1 1 2
756976414 639722196
974595500 1 0 1
555457621
171842374 1 0 2
158431308 185416734
603237125 0 0 1
756976414
295374051 0 1 1
756976414
524637817 0 1 2
185416734 860681076
728903730 1 0 1
756976414
615486336 0 0 2
555457621 860681076
883662756 0 1 2
147516404 555457621
609784132 1 0 2
756976414 756976414
238197742 1 1 2
860681076 860681076
177380048 1 1 2
185416734 756976414
342647084 1 1 2
756976414 185416734
588882711 1 1 1
886874823
359109165 0 0 1
639722196
811682156 1 1 1
860681076
112900000 1 1 2
860681076 158431308
393046500 0 1 3
886874823 147516404 756976414
174887993 0 1 3
639722196 860681076 185416734
781785757 1 0 2
756976414 756976414
478776717 0 1 3
158431308 860681076 756976414
380797289 1 1 1
639722196
291356285 1 1 3
639722196 147516404 860681076
283711891 0 1 3
639722196 639722196 756976414
836550765 0 1 1
639722196
732620282 1 1 3
756976414 639722196 555457621
216505817 0 1 3
756976414 185416734 886874823
119416092 1 1 1
860681076
201275914 1 1 1
860681076
903244503 1 1 1
185416734
827173712 0 1 2
555457621 158431308
617616074 0 1 2
185416734 185416734
711252952 1 1 1
756976414
597780443 0 0 3
147516404 639722196 147516404
488514368 1 0 1
555457621
407569570 0 1 3
639722196 185416734 185416734
477295438 1 1 1
756976414
981561885 0 1 1
639722196
686738686 1 0 1
886874823
101450705 0 1 1
860681076
498315903 1 1 3
147516404 860681076 860681076
676586041 1 1 1
158431308
80421307 1 1 3
185416734 185416734 147516404
416340161 0 0 2
639722196 639722196
7163013 0 0 1
756976414
793689953 0 1 2
158431308 147516404
201223857 0 1 3
555457621 886874823 147516404
816600414 1 1 2
639722196 886874823
31887694 0 1 1
886874823
231120257 0 1 1
185416734
159247497 1 1 3
860681076 158431308 886874823
942823691 1 0 2
886874823 639722196
80421307 1 0 3
185416734 185416734 147516404
473286757 0 1 1
147516404
42802412 1 1 3
185416734 555457621 886874823
124663849 0 1 1
555457621
866333256 1 1 1
886874823
70206757 0 1 1
860681076
603440565 1 1 1
756976414
99646896 1 1 2
158431308 555457621
361563041 0 1 2
639722196 158431308
137605821 0 0 1
639722196
739668807 0 1 1
886874823
936197660 0 1 2
886874823 886874823
94183322 0 1 3
158431308 756976414 185416734
956174623 0 1 2
886874823 185416734
55613751 0 1 1
860681076
147975587 1 1 2
886874823 886874823
859419125 1 1 3
756976414 860681076 639722196
735303814 1 1 1
886874823
765591660 0 1 1
886874823
423188429 1 1 1
185416734
142873384 0 1 1
555457621
95403449 1 1 2
147516404 185416734
257266665 1 1 3
147516404 639722196 639722196
866333256 1 0 1
886874823
96840440 0 1 2
886874823 147516404
593719351 0 1 1
756976414
933852705 1 1 3
555457621 555457621 639722196
29778098 1 1 1
639722196
387409304 0 1 1
886874823
735303814 1 0 1
886874823
987592914 1 1 2
185416734 756976414
846378512 1 1 1
158431308
271813349 1 1 2
756976414 860681076
218713170 1 1 2
185416734 860681076
238197742 1 0 2
860681076 860681076
5626008 1 1 1
147516404
597616457 0 1 1
185416734
114031933 1 1 1
555457621
130289856 0 1 1
886874823
316466064 0 1 1
158431308
184238689 1 1 1
158431308
586246772 1 1 2
158431308 756976414
416112959 1 1 2
555457621 185416734
859419125 1 0 3
756976414 860681076 639722196
545801729 0 1 1
756976414
380797289 1 0 1
639722196
836550765 0 0 1
639722196
178431930 0 1 3
555457621 886874823 555457621
204826970 1 1 1
886874823
492501403 0 1 2
756976414 555457621
134606553 1 1 2
555457621 756976414
441263998 0 0 1
185416734
112957072 1 1 1
639722196
640476989 0 1 3
147516404 158431308 158431308
387409304 0 0 1
886874823
846542029 1 1 1
147516404
848260886 0 1 3
756976414 860681076 756976414
765591660 0 0 1
886874823
258585001 1 1 1
147516404
122246809 0 1 3
555457621 158431308 886874823
843650621 0 1 3
860681076 886874823 886874823
353988449 0 1 1
147516404
379513474 1 1 2
886874823 886874823
940491060 1 1 2
639722196 639722196
947707800 1 1 1
158431308
165882530 1 1 2
860681076 639722196
970269157 0 1 3
639722196 886874823 639722196
187633455 1 1 2
555457621 860681076
5991795 0 1 1
860681076
669164020 0 1 2
147516404 158431308
459446803 0 1 2
185416734 639722196
224704964 1 1 1
860681076
829613662 0 0 1
555457621
527306380 0 1 1
639722196
57063260 1 1 2
756976414 555457621
122246809 0 0 3
555457621 158431308 886874823
338736897 1 1 3
185416734 756976414 158431308
510112587 1 1 2
886874823 185416734
226045675 1 1 3
886874823 639722196 555457621
522975585 1 1 3
860681076 860681076 639722196
96359359 0 1 2
555457621 886874823
642158634 0 1 3
886874823 886874823 147516404
68777314 0 1 3
886874823 639722196 555457621
127307640 0 1 2
860681076 555457621
699501955 0 1 2
886874823 639722196
413795068 0 1 2
185416734 860681076
261914192 1 1 2
147516404 555457621
812459027 1 1 3
639722196 860681076 886874823
54272056 0 1 2
886874823 639722196
416112959 1 0 2
555457621 185416734
311268589 0 0 1
860681076
108456221 1 1 2
639722196 886874823
513236264 1 1 2
639722196 756976414
312857056 1 1 2
886874823 147516404
816600414 1 0 2
639722196 886874823
83219381 0 1 1
158431308
209403236 1 1 3
860681076 639722196 756976414
666845505 1 1 3
860681076 555457621 860681076
462732854 1 1 3
860681076 158431308 147516404
2410647 0 1 1
185416734
467069656 1 1 3
639722196 886874823 756976414
54272056 0 0 2
886874823 639722196
481131736 0 1 2
756976414 756976414
825196155 1 1 2
555457621 886874823
654703110 1 1 1
860681076
487123530 1 1 1
185416734
494360175 1 1 2
555457621 555457621
114149912 1 1 2
147516404 639722196
711828494 1 1 2
185416734 639722196
21666554 1 1 2
185416734 555457621
467069656 1 0 3
639722196 886874823 756976414
23729523 0 1 1
639722196
903081742 1 1 3
555457621 886874823 185416734
127307640 0 0 2
860681076 555457621
384295492 1 1 2
756976414 185416734
102291550 1 1 2
147516404 886874823
278573678 0 1 2
886874823 860681076
333171202 0 1 1
158431308
744450183 0 1 3
185416734 860681076 147516404
199867343 1 1 3
756976414 185416734 158431308
353988449 0 0 1
147516404
460478842 1 1 3
886874823 185416734 147516404
296468489 0 1 3
860681076 555457621 639722196
613662410 1 1 3
147516404 555457621 158431308
722393033 0 1 3
860681076 158431308 860681076
108927515 1 1 3
860681076 860681076 555457621
667934466 1 1 2
860681076 158431308
683365605 0 1 3
147516404 886874823 639722196
474680130 0 1 2
886874823 147516404
833307873 1 1 3
147516404 860681076 147516404
766584986 1 1 3
147516404 756976414 756976414
536599717 1 1 1
158431308
352669729 1 1 3
185416734 886874823 158431308
81834191 1 1 1
886874823
363205838 1 0 1
886874823
539010363 0 1 1
639722196
819739384 0 1 3
860681076 860681076 147516404
562965926 0 1 1
158431308
216722870 0 1 2
886874823 886874823
474442493 0 1 1
756976414
50089456 1 1 1
147516404
711083044 1 1 2
147516404 147516404
441108757 0 1 1
555457621
614434301 1 1 2
639722196 860681076
585265949 0 1 1
555457621
642158634 0 0 3
886874823 886874823 147516404
317354631 1 1 1
555457621
370032394 0 1 2
756976414 158431308
969561440 1 1 3
860681076 639722196 555457621
419646180 1 1 2
158431308 158431308
648606071 1 1 3
639722196 756976414 555457621
155248994 1 1 1
639722196
16612714 1 1 3
158431308 756976414 158431308
848473414 1 1 3
756976414 158431308 555457621
615727835 1 1 3
860681076 886874823 639722196
522975585 1 0 3
860681076 860681076 639722196
313081203 0 1 3
756976414 158431308 756976414
462135823 0 1 2
860681076 555457621
190637219 0 1 1
860681076
274525069 0 1 2
158431308 185416734
744450183 0 0 3
185416734 860681076 147516404
982586640 1 1 1
158431308
258585001 1 0 1
147516404
874002824 1 1 3
555457621 185416734 158431308
601721551 1 1 2
185416734 860681076
539010363 0 0 1
639722196
815894513 1 1 1
860681076
134606553 1 0 2
555457621 756976414
493104161 1 1 3
639722196 555457621 158431308
138321267 1 1 1
639722196
815894513 1 0 1
860681076
21080593 1 1 3
158431308 555457621 147516404
676586041 1 0 1
158431308
427454703 1 1 2
158431308 158431308
529847982 0 1 2
147516404 639722196
840819977 1 1 3
158431308 158431308 860681076
990420629 0 1 3
756976414 639722196 639722196
746570851 1 1 2
860681076 147516404
167778821 1 1 1
756976414
893026436 0 1 3
158431308 886874823 639722196
338736897 1 0 3
185416734 756976414 158431308
498315903 1 0 3
147516404 860681076 860681076
310170246 1 1 3
756976414 860681076 158431308
494360175 1 0 2
555457621 555457621
608887577 1 1 2
555457621 860681076
359977088 0 1 1
756976414
895436194 0 1 1
147516404
778758560 0 1 3
860681076 185416734 185416734
730009481 0 1 1
185416734
717513985 1 1 1
639722196
50921091 0 1 2
185416734 860681076
231131903 0 1 2
185416734 886874823
872762978 1 1 2
756976414 886874823
67533805 1 1 1
158431308
79605316 0 1 1
886874823
341007164 0 1 1
860681076
233131359 0 1 2
158431308 185416734
394257491 1 1 1
158431308
531644383 1 1 2
639722196 860681076
507656427 1 1 3
555457621 147516404 555457621
376844130 0 1 1
756976414
258163558 1 1 3
756976414 555457621 756976414
109377977 0 1 2
158431308 860681076
45254994 0 1 2
756976414 147516404
751267718 1 1 3
756976414 147516404 756976414
100215596 0 1 2
555457621 555457621
66335587 0 1 2
860681076 147516404
31238772 1 1 1
886874823
630063577 1 1 3
555457621 147516404 886874823
907155563 0 1 3
886874823 555457621 147516404
21659400 0 1 3
555457621 158431308 185416734
229150779 1 1 1
860681076
74934383 1 1 1
147516404
316466064 0 0 1
158431308
767202187 1 1 1
158431308
539321024 1 1 3
158431308 147516404 147516404
536338312 1 1 2
860681076 756976414
979695626 0 1 2
147516404 860681076
287273569 0 1 2
158431308 158431308
167613223 0 1 3
555457621 158431308 756976414
562221458 1 1 2
158431308 756976414
4787553 1 1 1
185416734
947707800 1 0 1
158431308
218534313 0 1 1
555457621
310170246 1 0 3
756976414 860681076 158431308
793353361 1 1 1
185416734
730066883 0 1 1
860681076
286068117 0 1 2
756976414 147516404
872958676 1 1 2
756976414 756976414
71074046 0 1 2
756976414 158431308
519199475 0 1 1
860681076
119732518 1 1 1
639722196
455234780 0 1 3
756976414 147516404 185416734
879372254 1 1 1
158431308
496576648 0 1 3
639722196 158431308 639722196
713398337 1 1 1
147516404
841266582 1 1 1
860681076
394347993 1 1 2
756976414 886874823
317182406 1 1 1
147516404
941482177 0 1 3
860681076 147516404 860681076
730009481 0 0 1
185416734
460683579 0 1 2
555457621 147516404
348421178 1 1 3
756976414 639722196 639722196
424062105 1 1 2
756976414 886874823
220355493 1 1 1
639722196
603440565 1 0 1
756976414
222596929 0 1 3
555457621 185416734 158431308
653212883 0 1 1
639722196
147806228 1 1 1
639722196
989799116 1 1 2
185416734 756976414
45050258 0 1 1
147516404
536660891 0 1 3
860681076 158431308 639722196
822011093 0 1 2
886874823 158431308
836283944 0 0 3
555457621 886874823 886874823
332323826 0 1 2
639722196 639722196
704274113 1 1 1
555457621
384232551 0 1 1
185416734
189627731 0 1 2
639722196 860681076
922808425 0 1 1
555457621
562965926 0 0 1
158431308
30102263 0 1 1
555457621
979695626 0 0 2
147516404 860681076
919694613 0 1 2
158431308 147516404
61392894 0 1 2
185416734 555457621
903060938 0 1 1
860681076
423188429 1 0 1
185416734
843285010 1 1 2
639722196 756976414
201223857 0 0 3
555457621 886874823 147516404
278573678 0 0 2
886874823 860681076
365876717 0 0 1
185416734
580592368 0 1 3
860681076 886874823 639722196
22793456 0 1 2
639722196 158431308
151036142 1 1 1
639722196
312480973 1 1 2
147516404 158431308
895436194 0 0 1
147516404
371886455 1 1 1
886874823
864434478 0 1 1
886874823
667934466 1 0 2
860681076 158431308
370032394 0 0 2
756976414 158431308
341007164 0 0 1
860681076
940491060 1 0 2
639722196 639722196
153747555 0 1 2
860681076 886874823
766234447 0 1 2
147516404 639722196
181616884 0 1 1
147516404
947746083 0 1 3
860681076 555457621 756976414
79434378 1 1 1
639722196
640476989 0 0 3
147516404 158431308 158431308
530038061 0 1 3
860681076 860681076 158431308
224324540 1 1 3
185416734 555457621 158431308
152306222 1 1 3
158431308 639722196 886874823
752634989 1 1 3
639722196 860681076 185416734
877537422 1 1 1
185416734
300112449 0 1 3
639722196 639722196 860681076
594950456 1 1 1
860681076
922587680 1 1 1
147516404
119732518 1 0 1
639722196
836773339 1 1 2
639722196 886874823
269477901 0 1 2
756976414 147516404
283711891 0 0 3
639722196 639722196 756976414
107427857 0 1 2
185416734 756976414
407569570 0 0 3
639722196 185416734 185416734
654703110 1 0 1
860681076
393563803 1 1 3
886874823 158431308 639722196
653710451 1 1 3
158431308 555457621 158431308
297055587 0 1 1
185416734
316372228 1 1 3
756976414 158431308 860681076
683812713 1 1 1
639722196
69266551 0 1 3
860681076 555457621 147516404
652742232 0 0 3
639722196 756976414 158431308
377765121 0 1 1
185416734
439390002 1 1 1
860681076
912551561 0 1 3
860681076 158431308 147516404
810873840 0 1 3
756976414 147516404 158431308
314699809 0 1 3
860681076 147516404 886874823
63587702 1 1 2
158431308 158431308
123354813 1 1 1
185416734
539102615 1 1 1
555457621
384232551 0 0 1
185416734
780538531 0 1 2
147516404 639722196
129618719 0 1 3
555457621 185416734 185416734
157853414 0 1 2
555457621 555457621
52175801 1 0 2
756976414 886874823
962155414 1 1 1
158431308
952418823 0 0 3
756976414 756976414 639722196
77364801 0 1 2
860681076 185416734
237287791 1 1 1
185416734
344709826 0 1 3
860681076 886874823 555457621
301689340 0 1 1
886874823
389594012 1 1 3
185416734 185416734 158431308
949861167 0 1 3
639722196 886874823 185416734
31743114 0 1 1
555457621
542222813 1 1 2
555457621 555457621
397327974 1 1 3
158431308 555457621 886874823
806847145 0 1 2
756976414 756976414
231512503 1 1 2
158431308 860681076
666805874 0 1 3
555457621 756976414 185416734
914275001 1 1 1
860681076
625076306 1 1 3
756976414 860681076 555457621
173032676 1 1 3
756976414 860681076 555457621
21020466 1 0 2
756976414 185416734
211330588 1 1 1
860681076
941448533 0 1 3
158431308 555457621 639722196
825196155 1 0 2
555457621 886874823
856845388 1 1 2
639722196 886874823
280597138 0 1 1
555457621
171730005 0 1 1
147516404
148751742 0 1 3
555457621 756976414 158431308
45665050 1 1 2
860681076 147516404
617616074 0 0 2
185416734 185416734
982603844 0 1 3
158431308 158431308 860681076
315967902 0 1 2
158431308 886874823
224324540 1 0 3
185416734 555457621 158431308
982603844 0 0 3
158431308 158431308 860681076
961769103 0 1 2
639722196 147516404
958475008 0 1 2
555457621 756976414
855070517 1 1 2
555457621 158431308
742307634 1 1 1
886874823
88093726 0 1 1
886874823
903081742 1 0 3
555457621 886874823 185416734
12923930 0 1 1
158431308
556979399 1 1 1
555457621
17974879 1 1 3
147516404 756976414 639722196
102728072 1 1 3
147516404 147516404 185416734
165882530 1 0 2
860681076 639722196
754205577 1 1 3
639722196 860681076 555457621
319664218 1 1 2
639722196 185416734
492322083 1 1 3
860681076 147516404 756976414
704066743 1 1 2
555457621 756976414
203923683 1 1 2
756976414 147516404
34544895 0 1 3
147516404 860681076 756976414
101394716 0 1 2
555457621 185416734
10770827 0 1 1
886874823
118573750 0 1 1
886874823
114031933 1 0 1
555457621
620716942 0 1 1
886874823
925045828 0 1 1
860681076
743650055 0 1 2
886874823 185416734
16612714 1 0 3
158431308 756976414 158431308
793749617 1 1 2
756976414 555457621
988892767 1 1 2
886874823 147516404
474680130 0 0 2
886874823 147516404
481131736 0 0 2
756976414 756976414
537614939 0 1 3
158431308 185416734 886874823
503111357 0 1 1
639722196
122006256 0 1 2
756976414 185416734
709344943 1 1 2
158431308 147516404
651863098 0 1 3
886874823 860681076 158431308
167671306 1 1 3
185416734 185416734 639722196
544465138 1 1 2
147516404 158431308
967830999 1 1 3
185416734 756976414 639722196
819739384 0 0 3
860681076 860681076 147516404
129440408 1 1 1
756976414
355456498 0 1 2
860681076 756976414
675417867 0 1 2
886874823 639722196
167778821 1 0 1
756976414
724264393 0 1 1
158431308
443550223 1 1 3
555457621 185416734 860681076
688341796 0 1 2
860681076 886874823
133760144 1 1 3
185416734 756976414 756976414
461525101 1 1 3
158431308 639722196 860681076
791069867 0 1 2
860681076 555457621
99646896 1 0 2
158431308 555457621
887965720 1 1 3
185416734 147516404 756976414
633705671 1 1 3
555457621 555457621 158431308
846542029 1 0 1
147516404
545801729 0 0 1
756976414
135908302 0 1 1
147516404
444548814 1 1 3
185416734 147516404 886874823
837629353 0 1 2
185416734 158431308
22969548 0 1 1
185416734
398459881 1 1 1
860681076
848400180 1 1 1
639722196
141543297 1 1 2
860681076 639722196
19176822 0 1 3
886874823 639722196 147516404
625962359 0 1 2
185416734 860681076
885193351 1 1 2
886874823 886874823
665442791 0 1 1
860681076
467371477 0 1 3
756976414 639722196 639722196
275324641 0 1 3
555457621 185416734 886874823
524637817 0 0 2
185416734 860681076
168554147 0 1 3
185416734 860681076 555457621
589377732 0 1 2
158431308 639722196
984669583 1 1 1
147516404
672933596 1 1 1
185416734
757049037 0 1 3
185416734 860681076 860681076
381651073 1 1 1
860681076
493280946 1 1 2
185416734 639722196
739005797 1 1 1
886874823
737107570 1 1 1
147516404
467371477 0 0 3
756976414 639722196 639722196
168698813 0 1 1
158431308
315786541 1 1 2
147516404 185416734
459446803 0 0 2
185416734 639722196
33174144 1 1 1
147516404
709556960 1 1 2
860681076 185416734
302063036 1 1 2
185416734 639722196
653212883 0 0 1
639722196
108927515 1 0 3
860681076 860681076 555457621
925045828 0 0 1
860681076
347215597 1 1 1
555457621
34544895 0 0 3
147516404 860681076 756976414
353143179 0 1 2
147516404 860681076
42545107 0 1 2
886874823 185416734
71074046 0 0 2
756976414 158431308
980921267 1 1 2
639722196 860681076
489051480 1 1 3
860681076 555457621 185416734
487093920 1 1 1
756976414
818550619 0 1 1
185416734
364537379 1 1 3
886874823 185416734 555457621
224704964 1 0 1
860681076
738070153 1 1 1
158431308
519467150 1 1 3
639722196 860681076 555457621
506080676 1 1 3
639722196 860681076 185416734
609763326 1 1 1
185416734
997945860 1 1 1
756976414
243790378 0 1 1
158431308
275206116 1 1 3
886874823 886874823 886874823
394257491 1 0 1
158431308
465317336 0 1 1
147516404
653710451 1 0 3
158431308 555457621 158431308
492322083 1 0 3
860681076 147516404 756976414
519115019 1 1 3
158431308 185416734 555457621
319664218 1 0 2
639722196 185416734
393563803 1 0 3
886874823 158431308 639722196
296276614 1 1 1
147516404
54695068 0 1 3
639722196 886874823 185416734
356300953 1 1 3
639722196 158431308 756976414
969210209 0 1 1
860681076
664260456 0 1 1
185416734
590468377 0 1 3
639722196 639722196 860681076
462491155 0 1 1
158431308
255782604 1 1 3
860681076 158431308 886874823
313081203 0 0 3
756976414 158431308 756976414
344709826 0 0 3
860681076 886874823 555457621
180092298 1 1 3
555457621 555457621 639722196
483706319 1 1 1
886874823
424085497 1 1 3
860681076 860681076 555457621
4787553 1 0 1
185416734
213266442 0 1 2
886874823 158431308
193263278 0 1 3
158431308 147516404 639722196
726148532 1 1 3
185416734 147516404 158431308
560482038 0 1 2
639722196 886874823
546406456 1 1 3
886874823 756976414 185416734
768693639 0 1 1
555457621
393919656 1 1 3
860681076 185416734 555457621
887974287 0 1 2
860681076 886874823
108303910 0 1 1
185416734
64986626 1 1 2
147516404 147516404
252511666 1 1 3
639722196 158431308 860681076
846374062 0 1 3
147516404 185416734 158431308
161341102 1 0 3
639722196 639722196 555457621
109377977 0 0 2
158431308 860681076
584453776 0 1 1
185416734
611108693 0 1 2
756976414 147516404
456137388 0 1 3
886874823 886874823 185416734
434915987 1 1 3
886874823 756976414 158431308
854899070 0 1 2
639722196 555457621
583859855 0 1 1
860681076
155248994 1 0 1
639722196
900233323 0 1 1
886874823
226530440 1 1 2
185416734 886874823
880136469 1 1 1
158431308
807444742 0 1 3
886874823 860681076 886874823
435347745 1 1 1
756976414
849346677 1 1 1
639722196
324221549 0 1 2
185416734 756976414
25816121 1 1 2
555457621 158431308
164354183 1 1 1
158431308
432520505 0 1 1
555457621
205908419 0 1 3
158431308 147516404 555457621
389594012 1 0 3
185416734 185416734 158431308
648060501 0 1 1
860681076
536660891 0 0 3
860681076 158431308 639722196
856606001 0 1 1
639722196
271691212 0 1 3
555457621 886874823 756976414
693840131 0 1 1
886874823
582754532 1 1 3
147516404 158431308 185416734
832173249 0 1 2
639722196 886874823
92762938 0 1 2
860681076 147516404
203964522 1 1 2
860681076 860681076
78609256 0 1 1
158431308
980737225 1 1 1
555457621
312268432 1 1 1
860681076
143595881 1 1 3
756976414 756976414 147516404
85765242 1 1 2
158431308 158431308
158642493 0 1 2
185416734 147516404
728049656 0 1 3
756976414 555457621 555457621
696873934 1 1 1
639722196
467296232 0 1 1
639722196
15481995 1 1 3
158431308 886874823 756976414
791069867 0 0 2
860681076 555457621
404289355 0 1 1
555457621
274525069 0 0 2
158431308 185416734
51156087 0 1 1
886874823
915715317 1 1 3
158431308 147516404 756976414
630819795 1 1 2
639722196 639722196
931292555 1 1 3
886874823 147516404 639722196
324221549 0 0 2
185416734 756976414
575676410 0 1 1
555457621
981561885 0 0 1
639722196
66167539 0 1 2
886874823 555457621
633155583 1 1 2
185416734 639722196
752414310 0 1 2
147516404 158431308
944500011 0 1 1
555457621
650026118 0 1 3
886874823 756976414 158431308
184934814 1 1 1
756976414
2924781 0 1 3
147516404 860681076 886874823
580395859 0 0 1
756976414
150602970 1 1 2
756976414 147516404
41540814 1 1 1
147516404
274615992 0 1 2
639722196 555457621
478776717 0 0 3
158431308 860681076 756976414
907155563 0 0 3
886874823 555457621 147516404
844443100 0 1 1
860681076
476811698 0 1 1
756976414
106789240 1 1 2
639722196 185416734
937206038 1 1 2
860681076 860681076
83219381 0 0 1
158431308
680776219 0 1 2
639722196 886874823
37914847 0 1 3
756976414 886874823 185416734
917943262 0 1 2
886874823 555457621
993044650 1 1 2
756976414 158431308
181510728 1 1 2
860681076 555457621
3708503 0 1 3
860681076 639722196 639722196
4203495 0 1 3
886874823 555457621 886874823
909560383 0 1 1
185416734
553098788 0 1 1
185416734
471499726 1 1 1
555457621
925042377 0 1 1
185416734
957388142 1 1 1
555457621
213266442 0 0 2
886874823 158431308
375172164 1 1 2
756976414 185416734
129043526 1 0 1
158431308
693274045 0 1 1
886874823
440724288 0 1 3
555457621 886874823 886874823
158981070 0 1 2
639722196 185416734
23729523 0 0 1
639722196
121466806 1 1 2
158431308 886874823
359408178 0 1 3
639722196 147516404 158431308
792136653 0 1 1
555457621
873881116 0 1 3
639722196 860681076 639722196
303908189 1 1 3
147516404 158431308 147516404
503111357 0 0 1
639722196
294679122 1 1 1
639722196
970269157 0 0 3
639722196 886874823 639722196
911332281 0 1 1
639722196
54695068 0 0 3
639722196 886874823 185416734
306832969 0 1 1
158431308
445282091 1 1 2
639722196 158431308
590468377 0 0 3
639722196 639722196 860681076
805389447 0 1 2
886874823 756976414
274353586 0 0 2
886874823 886874823
315967902 0 0 2
158431308 886874823
581448961 1 1 1
639722196
289725191 0 1 1
860681076
134717496 1 1 1
886874823
540754552 0 1 3
147516404 147516404 555457621
79447580 0 1 1
185416734
815493714 0 1 2
555457621 555457621
578669399 1 1 3
639722196 147516404 886874823
997390841 0 1 2
185416734 639722196
661054716 0 1 1
886874823
739005797 1 0 1
886874823
760180126 1 1 3
756976414 886874823 756976414
853615695 1 1 3
185416734 756976414 555457621
517774562 1 1 2
886874823 147516404
522256860 1 1 3
147516404 147516404 555457621
259230834 1 1 1
158431308
989274287 0 1 2
886874823 639722196
299815589 0 1 3
886874823 860681076 886874823
650026118 0 0 3
886874823 756976414 158431308
216618975 0 1 2
147516404 147516404
216962803 1 1 2
555457621 555457621
845605985 0 1 1
185416734
657343263 1 1 3
185416734 886874823 555457621
375943872 0 1 1
860681076
967072791 1 1 2
555457621 639722196
988892767 1 0 2
886874823 147516404
925042377 0 0 1
185416734
4203495 0 0 3
886874823 555457621 886874823
16751440 0 1 2
158431308 886874823
384295492 1 0 2
756976414 185416734
20596876 1 1 2
860681076 147516404
693470258 1 1 2
639722196 555457621
17974879 1 0 3
147516404 756976414 639722196
173175980 1 1 2
886874823 555457621
315275997 1 1 1
147516404
316372228 1 0 3
756976414 158431308 860681076
457318890 1 1 2
555457621 147516404
332525301 0 1 2
639722196 860681076
177312059 0 0 1
185416734
693274045 0 0 1
886874823
20121886 1 0 1
185416734
760558088 1 1 2
639722196 555457621
262708336 0 1 3
886874823 555457621 158431308
913974261 0 1 1
185416734
50283278 1 1 1
756976414
397425831 1 1 3
860681076 886874823 555457621
307245164 1 1 1
886874823
129730857 1 1 3
860681076 185416734 147516404
65435897 1 1 3
185416734 860681076 886874823
738430914 1 1 3
756976414 886874823 185416734
979638049 0 1 2
639722196 147516404
579006964 1 1 1
158431308
351127391 1 1 3
147516404 147516404 756976414
685770095 0 1 3
639722196 147516404 756976414
709344943 1 0 2
158431308 147516404
96781525 0 1 1
158431308
873384251 0 1 1
158431308
945000928 1 1 2
860681076 639722196
938572163 0 1 1
886874823
269477901 0 0 2
756976414 147516404
913974261 0 0 1
185416734
601721551 1 0 2
185416734 860681076
25716191 0 1 2
860681076 756976414
394347993 1 0 2
756976414 886874823
14136254 0 1 1
147516404
155534965 1 1 1
886874823
978970603 1 0 2
756976414 639722196
871322175 1 1 2
886874823 886874823
523995868 1 1 3
555457621 886874823 147516404
531478837 0 1 3
886874823 860681076 639722196
690911317 0 1 1
158431308
393263660 0 1 3
756976414 555457621 756976414
552075712 0 1 1
639722196
236897926 0 1 3
639722196 555457621 555457621
566439639 0 1 3
886874823 886874823 639722196
867351709 1 1 3
147516404 756976414 147516404
694216816 1 1 3
860681076 147516404 886874823
898964939 0 1 1
756976414
480426148 0 1 2
147516404 158431308
809441503 1 1 1
886874823
665455551 0 1 2
555457621 860681076
383225777 0 1 3
147516404 756976414 158431308
59383686 0 1 1
158431308
825217067 0 1 3
639722196 185416734 147516404
365472985 1 1 1
158431308
661054716 0 0 1
886874823
856606001 0 0 1
639722196
121269765 1 0 1
555457621
124819582 1 1 1
158431308
563647980 1 1 1
756976414
197627385 0 1 1
158431308
209403236 1 0 3
860681076 639722196 756976414
703826545 0 1 2
886874823 185416734
914775371 1 1 3
860681076 158431308 158431308
883397479 0 1 3
860681076 756976414 555457621
653124421 0 1 2
756976414 756976414
640675973 1 1 3
147516404 860681076 886874823
805389447 0 0 2
886874823 756976414
455234780 0 0 3
756976414 147516404 185416734
680914758 1 1 3
185416734 886874823 147516404
591696583 1 1 2
886874823 158431308
518908515 0 1 1
158431308
547567363 1 1 1
555457621
397327974 1 0 3
158431308 555457621 886874823
203923683 1 0 2
756976414 147516404
599747900 1 1 2
860681076 886874823
242747041 1 1 3
639722196 555457621 185416734
879372254 1 0 1
158431308
71563231 0 1 3
555457621 860681076 555457621
131226736 1 1 2
158431308 147516404
220355493 1 0 1
639722196
933658358 1 1 2
147516404 147516404
464826890 1 1 2
886874823 886874823
535818799 1 1 1
860681076
23072635 0 1 1
147516404
287273569 0 0 2
158431308 158431308
258163558 1 0 3
756976414 555457621 756976414
883782880 1 1 3
185416734 158431308 639722196
255686859 0 1 3
555457621 639722196 886874823
569805802 1 1 2
639722196 886874823
635264171 0 1 2
756976414 639722196
736113006 0 1 1
158431308
379247305 0 1 1
886874823
153236073 0 1 3
158431308 886874823 555457621
119338782 1 1 3
147516404 185416734 555457621
205908419 0 0 3
158431308 147516404 555457621
438630990 0 1 2
639722196 860681076
102728072 1 0 3
147516404 147516404 185416734
978453139 1 1 1
147516404
337328118 0 1 3
756976414 185416734 886874823
415966923 1 1 2
158431308 555457621
394617471 0 1 3
860681076 158431308 185416734
534955502 0 1 1
555457621
119793467 1 1 3
555457621 185416734 886874823
161909193 0 1 1
639722196
270869332 0 1 1
886874823
919694613 0 0 2
158431308 147516404
625434239 0 1 2
555457621 147516404
802585165 1 1 2
185416734 158431308
951784089 0 1 3
555457621 147516404 158431308
69647173 1 1 3
886874823 158431308 860681076
174010031 1 1 1
756976414
351867804 0 1 1
639722196
669395072 1 1 1
158431308
416757071 0 1 1
756976414
423431034 1 1 2
886874823 860681076
653138159 0 1 2
639722196 756976414
202931780 0 1 1
639722196
740774275 0 1 3
756976414 555457621 756976414
41473310 0 1 3
886874823 185416734 886874823
226004415 0 1 3
886874823 860681076 886874823
624557154 0 1 1
860681076
297160168 1 1 2
860681076 185416734
795810216 1 1 3
185416734 886874823 147516404
112337676 0 1 2
147516404 555457621
836773339 1 0 2
639722196 886874823
885789526 0 1 2
555457621 147516404
27573872 1 1 2
185416734 158431308
624557154 0 0 1
860681076
265573749 0 1 2
860681076 185416734
857644659 0 1 2
860681076 147516404
318721213 1 1 3
860681076 555457621 147516404
359977088 0 0 1
756976414
271813349 1 0 2
756976414 860681076
244026887 0 1 1
886874823
194972777 1 1 3
158431308 185416734 756976414
734688135 0 1 2
860681076 756976414
638644357 0 1 3
860681076 185416734 860681076
729928278 0 1 1
756976414
706997953 0 1 1
555457621
800553549 0 1 3
158431308 886874823 756976414
797610 0 1 1
158431308
961769103 0 0 2
639722196 147516404
332432191 1 1 2
555457621 185416734
625434239 0 0 2
555457621 147516404
455655065 1 1 3
756976414 158431308 555457621
805098050 0 1 3
639722196 639722196 756976414
402079364 0 1 3
886874823 860681076 886874823
688341796 0 0 2
860681076 886874823
629665095 1 1 1
158431308
9482205 1 1 1
185416734
585265949 0 0 1
555457621
71474435 0 1 1
147516404
980737225 1 0 1
555457621
625076306 1 0 3
756976414 860681076 555457621
92762938 0 0 2
860681076 147516404
226004415 0 0 3
886874823 860681076 886874823
849346677 1 0 1
639722196
46422166 0 1 2
555457621 886874823
88093726 0 0 1
886874823
261914192 1 0 2
147516404 555457621
432913238 0 1 2
756976414 860681076
738306501 1 0 3
147516404 886874823 185416734
577128946 0 1 1
555457621
101870297 0 1 3
158431308 639722196 756976414
379513474 1 0 2
886874823 886874823
26203864 0 1 2
639722196 756976414
766584986 1 0 3
147516404 756976414 756976414
618602255 0 1 2
860681076 555457621
327874711 0 1 1
639722196
650761018 0 1 1
886874823
29778098 1 0 1
639722196
704274113 1 0 1
555457621
915762422 0 1 3
860681076 147516404 158431308
976201279 0 1 3
860681076 886874823 860681076
517774562 1 0 2
886874823 147516404
763098693 0 1 1
886874823
171730005 0 0 1
147516404
746570851 1 0 2
860681076 147516404
654068299 0 1 3
886874823 147516404 147516404
752634989 1 0 3
639722196 860681076 185416734
3775150 0 1 2
147516404 756976414
129440408 1 0 1
756976414
28672441 0 1 1
886874823
511712958 0 1 1
860681076
175012715 0 1 2
639722196 639722196
922587680 1 0 1
147516404
613662410 1 0 3
147516404 555457621 158431308
547567363 1 0 1
555457621
125215680 0 1 3
860681076 147516404 756976414
657343263 1 0 3
185416734 886874823 555457621
312480973 1 0 2
147516404 158431308
806847145 0 0 2
756976414 756976414
559202086 0 1 1
860681076
760558088 1 0 2
639722196 555457621
666845505 1 0 3
860681076 555457621 860681076
909700849 0 1 2
756976414 756976414
155534965 1 0 1
886874823
880136469 1 0 1
158431308
616376388 0 1 1
555457621
802585165 1 0 2
185416734 158431308
375172164 1 0 2
756976414 185416734
141646715 0 1 2
860681076 639722196
841266582 1 0 1
860681076
707757621 0 0 1
756976414
616698802 0 1 3
860681076 158431308 886874823
269446289 0 1 1
185416734
933852705 1 0 3
555457621 555457621 639722196
931292555 1 0 3
886874823 147516404 639722196
768693639 0 0 1
555457621
461525101 1 0 3
158431308 639722196 860681076
317354631 1 0 1
555457621
142444324 0 1 2
555457621 147516404
101394716 0 0 2
555457621 185416734
801647344 0 1 3
147516404 860681076 860681076
725101353 0 1 2
860681076 555457621
800058726 0 1 1
639722196
56243059 0 1 2
158431308 158431308
207282800 0 1 3
555457621 639722196 185416734
318721213 1 0 3
860681076 555457621 147516404
257414791 1 0 3
860681076 860681076 185416734
544465138 1 0 2
147516404 158431308
809540930 0 1 1
886874823
127717494 0 1 2
185416734 185416734
106221317 0 1 1
756976414
978453139 1 0 1
147516404
237287791 1 0 1
185416734
23072635 0 0 1
147516404
717513985 1 0 1
639722196
101870297 0 0 3
158431308 639722196 756976414
133760144 1 0 3
185416734 756976414 756976414
685770095 0 0 3
639722196 147516404 756976414
80277575 1 0 3
147516404 158431308 639722196
398459881 1 0 1
860681076
535818799 1 0 1
860681076
147975587 1 0 2
886874823 886874823
262708336 0 0 3
886874823 555457621 158431308
539102615 1 0 1
555457621
767202187 1 0 1
158431308
25716191 0 0 2
860681076 756976414
947746083 0 0 3
860681076 555457621 756976414
614434301 1 0 2
639722196 860681076
307245164 1 0 1
886874823
969210209 0 0 1
860681076
739668807 0 0 1
886874823
216618975 0 0 2
147516404 147516404
680776219 0 0 2
639722196 886874823
231131903 0 0 2
185416734 886874823
314699809 0 0 3
860681076 147516404 886874823
112957072 1 0 1
639722196
914275001 1 0 1
860681076
119338782 1 0 3
147516404 185416734 555457621
620716942 0 0 1
886874823
443550223 1 0 3
555457621 185416734 860681076
2924781 0 0 3
147516404 860681076 886874823
877537422 1 0 1
185416734
562221458 1 0 2
158431308 756976414
393919656 1 0 3
860681076 185416734 555457621
71474435 0 0 1
147516404
347215597 1 0 1
555457621
738430914 1 0 3
756976414 886874823 185416734
579006964 1 0 1
158431308
106789240 1 0 2
639722196 185416734
770252917 1 0 3
639722196 147516404 756976414
106221317 0 0 1
756976414
751267718 1 0 3
756976414 147516404 756976414
95403449 1 0 2
147516404 185416734
74934383 1 0 1
147516404
50283278 1 0 1
756976414
653138159 0 0 2
639722196 756976414
404289355 0 0 1
555457621
489051480 1 0 3
860681076 555457621 185416734
100215596 0 0 2
555457621 555457621
653124421 0 0 2
756976414 756976414
589377732 0 0 2
158431308 639722196
855070517 1 0 2
555457621 158431308
21080593 1 0 3
158431308 555457621 147516404
364537379 1 0 3
886874823 185416734 555457621
226045675 1 0 3
886874823 639722196 555457621
462732854 1 0 3
860681076 158431308 147516404
175012715 0 0 2
639722196 639722196
797610 0 0 1
158431308
669395072 1 0 1
158431308
629665095 1 0 1
158431308
980921267 1 0 2
639722196 860681076
158642493 0 0 2
185416734 147516404
694216816 1 0 3
860681076 147516404 886874823
157853414 0 0 2
555457621 555457621
275324641 0 0 3
555457621 185416734 886874823
12923930 0 0 1
158431308
743650055 0 0 2
886874823 185416734
129618719 0 0 3
555457621 185416734 185416734
599747900 1 0 2
860681076 886874823
119793467 1 0 3
555457621 185416734 886874823
711828494 1 0 2
185416734 639722196
174887993 0 0 3
639722196 860681076 185416734
792136653 0 0 1
555457621
375943872 0 0 1
860681076
64986626 1 0 2
147516404 147516404
65435897 1 0 3
185416734 860681076 886874823
962155414 1 0 1
158431308
275342401 1 0 2
147516404 158431308
218534313 0 0 1
555457621
822011093 0 0 2
886874823 158431308
439390002 1 0 1
860681076
164354183 1 0 1
158431308
680914758 1 0 3
185416734 886874823 147516404
690911317 0 0 1
158431308
506080676 1 0 3
639722196 860681076 185416734
286068117 0 0 2
756976414 147516404
993044650 1 0 2
756976414 158431308
413795068 0 0 2
185416734 860681076
630063577 1 0 3
555457621 147516404 886874823
944500011 0 0 1
555457621
618602255 0 0 2
860681076 555457621
269446289 0 0 1
185416734
434915987 1 0 3
886874823 756976414 158431308
633155583 1 0 2
185416734 639722196
616139280 0 0 2
886874823 886874823
197627385 0 0 1
158431308
874002824 1 0 3
555457621 185416734 158431308
578669399 1 0 3
639722196 147516404 886874823
625962359 0 0 2
185416734 860681076
291356285 1 0 3
639722196 147516404 860681076
709556960 1 0 2
860681076 185416734
333171202 0 0 1
158431308
124819582 1 0 1
158431308
211330588 1 0 1
860681076
359408178 0 0 3
639722196 147516404 158431308
976201279 0 0 3
860681076 886874823 860681076
552075712 0 0 1
639722196
127717494 0 0 2
185416734 185416734
31238772 1 0 1
886874823
464826890 1 0 2
886874823 886874823
153747555 0 0 2
860681076 886874823
970612219 1 0 3
147516404 886874823 756976414
315275997 1 0 1
147516404
584453776 0 0 1
185416734
848260886 0 0 3
756976414 860681076 756976414
669164020 0 0 2
147516404 158431308
376844130 0 0 1
756976414
158981070 0 0 2
639722196 185416734
381651073 1 0 1
860681076
752414310 0 0 2
147516404 158431308
135908302 0 0 1
147516404
383225777 0 0 3
147516404 756976414 158431308
393263660 0 0 3
756976414 555457621 756976414
218713170 1 0 2
185416734 860681076
496576648 0 0 3
639722196 158431308 639722196
102291550 1 0 2
147516404 886874823
600962468 1 0 2
158431308 185416734
424062105 1 0 2
756976414 886874823
780538531 0 0 2
147516404 639722196
45665050 1 0 2
860681076 147516404
231120257 0 0 1
185416734
706997953 0 0 1
555457621
138321267 1 0 1
639722196
563647980 1 0 1
756976414
27573872 1 0 2
185416734 158431308
523995868 1 0 3
555457621 886874823 147516404
5991795 0 0 1
860681076
583859855 0 0 1
860681076
41473310 0 0 3
886874823 185416734 886874823
483706319 1 0 1
886874823
42545107 0 0 2
886874823 185416734
734688135 0 0 2
860681076 756976414
181510728 1 0 2
860681076 555457621
68777314 0 0 3
886874823 639722196 555457621
189627731 0 0 2
639722196 860681076
270869332 0 0 1
886874823
898964939 0 0 1
756976414
2410647 0 0 1
185416734
922808425 0 0 1
555457621
147806228 1 0 1
639722196
151036142 1 0 1
639722196
255782604 1 0 3
860681076 158431308 886874823
315786541 1 0 2
147516404 185416734
462491155 0 0 1
158431308
997945860 1 0 1
756976414
457318890 1 0 2
555457621 147516404
801647344 0 0 3
147516404 860681076 860681076
609763326 1 0 1
185416734
350684970 1 0 1
555457621
303908189 1 0 3
147516404 158431308 147516404
45050258 0 0 1
147516404
108303910 0 0 1
185416734
45254994 0 0 2
756976414 147516404
134717496 1 0 1
886874823
630819795 1 0 2
639722196 639722196
79434378 1 0 1
639722196
577128946 0 0 1
555457621
941482177 0 0 3
860681076 147516404 860681076
519199475 0 0 1
860681076
833307873 1 0 3
147516404 860681076 147516404
800553549 0 0 3
158431308 886874823 756976414
131226736 1 0 2
158431308 147516404
997390841 0 0 2
185416734 639722196
63587702 1 0 2
158431308 158431308
556979399 1 0 1
555457621
616698802 0 0 3
860681076 158431308 886874823
41540814 1 0 1
147516404
71563231 0 0 3
555457621 860681076 555457621
204826970 1 0 1
886874823
252511666 1 0 3
639722196 158431308 860681076
61392894 0 0 2
185416734 555457621
123354813 1 0 1
185416734
275206116 1 0 3
886874823 886874823 886874823
812459027 1 0 3
639722196 860681076 886874823
348421178 1 0 3
756976414 639722196 639722196
566439639 0 0 3
886874823 886874823 639722196
25816121 1 0 2
555457621 158431308
236897926 0 0 3
639722196 555457621 555457621
471499726 1 0 1
555457621
55613751 0 0 1
860681076
529847982 0 0 2
147516404 639722196
967830999 1 0 3
185416734 756976414 639722196
800200881 1 0 2
886874823 158431308
178431930 0 0 3
555457621 886874823 555457621
810873840 0 0 3
756976414 147516404 158431308
184238689 1 0 1
158431308
665442791 0 0 1
860681076
184934814 1 0 1
756976414
112900000 1 0 2
860681076 158431308
827173712 0 0 2
555457621 158431308
753944760 1 0 3
555457621 860681076 147516404
493104161 1 0 3
639722196 555457621 158431308
394617471 0 0 3
860681076 158431308 185416734
300112449 0 0 3
639722196 639722196 860681076
173032676 1 0 3
756976414 860681076 555457621
233131359 0 0 2
158431308 185416734
492501403 0 0 2
756976414 555457621
456137388 0 0 3
886874823 886874823 185416734
805098050 0 0 3
639722196 639722196 756976414
936197660 0 0 2
886874823 886874823
306832969 0 0 1
158431308
872958676 1 0 2
756976414 756976414
193263278 0 0 3
158431308 147516404 639722196
651863098 0 0 3
886874823 860681076 158431308
462135823 0 0 2
860681076 555457621
107427857 0 0 2
185416734 756976414
121466806 1 0 2
158431308 886874823
616376388 0 0 1
555457621
199867343 1 0 3
756976414 185416734 158431308
856845388 1 0 2
639722196 886874823
255686859 0 0 3
555457621 639722196 886874823
969561440 1 0 3
860681076 639722196 555457621
444548814 1 0 3
185416734 147516404 886874823
726148532 1 0 3
185416734 147516404 158431308
840819977 1 0 3
158431308 158431308 860681076
312268432 1 0 1
860681076
130289856 0 0 1
886874823
432913238 0 0 2
756976414 860681076
118573750 0 0 1
886874823
611108693 0 0 2
756976414 147516404
945000928 1 0 2
860681076 639722196
514808654 0 0 1
639722196
941448533 0 0 3
158431308 555457621 639722196
50089456 1 0 1
147516404
356300953 1 0 3
639722196 158431308 756976414
226530440 1 0 2
185416734 886874823
519467150 1 0 3
639722196 860681076 555457621
536599717 1 0 1
158431308
809441503 1 0 1
886874823
440724288 0 0 3
555457621 886874823 886874823
594950456 1 0 1
860681076
28672441 0 0 1
886874823
848400180 1 0 1
639722196
393046500 0 0 3
886874823 147516404 756976414
69266551 0 0 3
860681076 555457621 147516404
903244503 1 0 1
185416734
536338312 1 0 2
860681076 756976414
351127391 1 0 3
147516404 147516404 756976414
142873384 0 0 1
555457621
33174144 1 0 1
147516404
312857056 1 0 2
886874823 147516404
263951940 0 0 2
185416734 158431308
242747041 1 0 3
639722196 555457621 185416734
22793456 0 0 2
639722196 158431308
21659400 0 0 3
555457621 158431308 185416734
78609256 0 0 1
158431308
711083044 1 0 2
147516404 147516404
317182406 1 0 1
147516404
728049656 0 0 3
756976414 555457621 555457621
59383686 0 0 1
158431308
141543297 1 0 2
860681076 639722196
379247305 0 0 1
886874823
713398337 1 0 1
147516404
112337676 0 0 2
147516404 555457621
559202086 0 0 1
860681076
430348976 1 0 2
185416734 185416734
793353361 1 0 1
185416734
50921091 0 0 2
185416734 860681076
591696583 1 0 2
886874823 158431308
108456221 1 0 2
639722196 886874823
800058726 0 0 1
639722196
365472985 1 0 1
158431308
885193351 1 0 2
886874823 886874823
37914847 0 0 3
756976414 886874823 185416734
168698813 0 0 1
158431308
582754532 1 0 3
147516404 158431308 185416734
853615695 1 0 3
185416734 756976414 555457621
455655065 1 0 3
756976414 158431308 555457621
322358931 0 0 2
158431308 158431308
51156087 0 0 1
886874823
696873934 1 0 1
639722196
167671306 1 0 3
185416734 185416734 639722196
150602970 1 0 2
756976414 147516404
912551561 0 0 3
860681076 158431308 147516404
77364801 0 0 2
860681076 185416734
424085497 1 0 3
860681076 860681076 555457621
729928278 0 0 1
756976414
271691212 0 0 3
555457621 886874823 756976414
296276614 1 0 1
147516404
818550619 0 0 1
185416734
743107449 1 0 2
886874823 756976414
20596876 1 0 2
860681076 147516404
793749617 1 0 2
756976414 555457621
581448961 1 0 1
639722196
435347745 1 0 1
756976414
177380048 1 0 2
185416734 756976414
575676410 0 0 1
555457621
477295438 1 0 1
756976414
301689340 0 0 1
886874823
152306222 1 0 3
158431308 639722196 886874823
530038061 0 0 3
860681076 860681076 158431308
527306380 0 0 1
639722196
537614939 0 0 3
158431308 185416734 886874823
738070153 1 0 1
158431308
5626008 1 0 1
147516404
353143179 0 0 2
147516404 860681076
216962803 1 0 2
555457621 555457621
460478842 1 0 3
886874823 185416734 147516404
683365605 0 0 3
147516404 886874823 639722196
260968925 1 0 3
555457621 147516404 756976414
16751440 0 0 2
158431308 886874823
915715317 1 0 3
158431308 147516404 756976414
615727835 1 0 3
860681076 886874823 639722196
648060501 0 0 1
860681076
740774275 0 0 3
756976414 555457621 756976414
467296232 0 0 1
639722196
67533805 1 0 1
158431308
938572163 0 0 1
886874823
124663849 0 0 1
555457621
96359359 0 0 2
555457621 886874823
270308934 1 0 3
147516404 158431308 756976414
507656427 1 0 3
555457621 147516404 555457621
693470258 1 0 2
639722196 555457621
872762978 1 0 2
756976414 886874823
540754552 0 0 3
147516404 147516404 555457621
361563041 0 0 2
639722196 158431308
294679122 1 0 1
639722196
867351709 1 0 3
147516404 756976414 147516404
672933596 1 0 1
185416734
299815589 0 0 3
886874823 860681076 886874823
19176822 0 0 3
886874823 639722196 147516404
427454703 1 0 2
158431308 158431308
757049037 0 0 3
185416734 860681076 860681076
760180126 1 0 3
756976414 886874823 756976414
593719351 0 0 1
756976414
79447580 0 0 1
185416734
79605316 0 0 1
886874823
173175980 1 0 2
886874823 555457621
854899070 0 0 2
639722196 555457621
938105620 1 0 1
147516404
371886455 1 0 1
886874823
129730857 1 0 3
860681076 185416734 147516404
259230834 1 0 1
158431308
295374051 0 0 1
756976414
531478837 0 0 3
886874823 860681076 639722196
811682156 1 0 1
860681076
957388142 1 0 1
555457621
841364783 0 0 2
756976414 555457621
795810216 1 0 3
185416734 886874823 147516404
704066743 1 0 2
555457621 756976414
432520505 0 0 1
555457621
419646180 1 0 2
158431308 158431308
229150779 1 0 1
860681076
933658358 1 0 2
147516404 147516404
900233323 0 0 1
886874823
415966923 1 0 2
158431308 555457621
736113006 0 0 1
158431308
534955502 0 0 1
555457621
648606071 1 0 3
639722196 756976414 555457621
487093920 1 0 1
756976414
142444324 0 0 2
555457621 147516404
664260456 0 0 1
185416734
893026436 0 0 3
158431308 886874823 639722196
96840440 0 0 2
886874823 147516404
513236264 1 0 2
639722196 756976414
900746103 1 0 2
185416734 639722196
297160168 1 0 2
860681076 185416734
31887694 0 0 1
886874823
608887577 1 0 2
555457621 860681076
122006256 0 0 2
756976414 185416734
542222813 1 0 2
555457621 555457621
190637219 0 0 1
860681076
243790378 0 0 1
158431308
66335587 0 0 2
860681076 147516404
586246772 1 0 2
158431308 756976414
846378512 1 0 1
158431308
809540930 0 0 1
886874823
141646715 0 0 2
860681076 639722196
883782880 1 0 3
185416734 158431308 639722196
832173249 0 0 2
639722196 886874823
465317336 0 0 1
147516404
397425831 1 0 3
860681076 886874823 555457621
441108757 0 0 1
555457621
857644659 0 0 2
860681076 147516404
10770827 0 0 1
886874823
153236073 0 0 3
158431308 886874823 555457621
327874711 0 0 1
639722196
201275914 1 0 1
860681076
257266665 1 0 3
147516404 639722196 639722196
871322175 1 0 2
886874823 886874823
763098693 0 0 1
886874823
351867804 0 0 1
639722196
42802412 1 0 3
185416734 555457621 886874823
231512503 1 0 2
158431308 860681076
519115019 1 0 3
158431308 185416734 555457621
793689953 0 0 2
158431308 147516404
569805802 1 0 2
639722196 886874823
187633455 1 0 2
555457621 860681076
207282800 0 0 3
555457621 639722196 185416734
94183322 0 0 3
158431308 756976414 185416734
815493714 0 0 2
555457621 555457621
302063036 1 0 2
185416734 639722196
296468489 0 0 3
860681076 555457621 639722196
531644383 1 0 2
639722196 860681076
754205577 1 0 3
639722196 860681076 555457621
683812713 1 0 1
639722196
989274287 0 0 2
886874823 639722196
46422166 0 0 2
555457621 886874823
845605985 0 0 1
185416734
703826545 0 0 2
886874823 185416734
493280946 1 0 2
185416734 639722196
342647084 1 0 2
756976414 185416734
9482205 1 0 1
185416734
766234447 0 0 2
147516404 639722196
873384251 0 0 1
158431308
846374062 0 0 3
147516404 185416734 158431308
487123530 1 0 1
185416734
159247497 1 0 3
860681076 158431308 886874823
693840131 0 0 1
886874823
203964522 1 0 2
860681076 860681076
725101353 0 0 2
860681076 555457621
85765242 1 0 2
158431308 158431308
174010031 1 0 1
756976414
81834191 1 0 1
886874823
989799116 1 0 2
185416734 756976414
265573749 0 0 2
860681076 185416734
724264393 0 0 1
158431308
114149912 1 0 2
147516404 639722196
21666554 1 0 2
185416734 555457621
181616884 0 0 1
147516404
26203864 0 0 2
639722196 756976414
3775150 0 0 2
147516404 756976414
958475008 0 0 2
555457621 756976414
473286757 0 0 1
147516404
911332281 0 0 1
639722196
848473414 1 0 3
756976414 158431308 555457621
982586640 1 0 1
158431308
937206038 1 0 2
860681076 860681076
808008450 1 0 1
185416734
633705671 1 0 3
555457621 555457621 158431308
202931780 0 0 1
639722196
423431034 1 0 2
886874823 860681076
909700849 0 0 2
756976414 756976414
14136254 0 0 1
147516404
168554147 0 0 3
185416734 860681076 555457621
332432191 1 0 2
555457621 185416734
69647173 1 0 3
886874823 158431308 860681076
579382983 1 0 2
756976414 639722196
56243059 0 0 2
158431308 158431308
289725191 0 0 1
860681076
666805874 0 0 3
555457621 756976414 185416734
883397479 0 0 3
860681076 756976414 555457621
597616457 0 0 1
185416734
864434478 0 0 1
886874823
732620282 1 0 3
756976414 639722196 555457621
57063260 1 0 2
756976414 555457621
588882711 1 0 1
886874823
987592914 1 0 2
185416734 756976414
842507804 1 0 2
185416734 158431308
883662756 0 0 2
147516404 555457621
984669583 1 0 1
147516404
539321024 1 0 3
158431308 147516404 147516404
825217067 0 0 3
639722196 185416734 147516404
15481995 1 0 3
158431308 886874823 756976414
650761018 0 0 1
886874823
885789526 0 0 2
555457621 147516404
711252952 1 0 1
756976414
638644357 0 0 3
860681076 185416734 860681076
843285010 1 0 2
639722196 756976414
476811698 0 0 1
756976414
518908515 0 0 1
158431308
119416092 1 0 1
860681076
553098788 0 0 1
185416734
546406456 1 0 3
886874823 756976414 185416734
510112587 1 0 2
886874823 185416734
161909193 0 0 1
639722196
640675973 1 0 3
147516404 860681076 886874823
180092298 1 0 3
555457621 555457621 639722196
737107570 1 0 1
147516404
445282091 1 0 2
639722196 158431308
101450705 0 0 1
860681076
987750790 1 0 3
886874823 147516404 555457621
837629353 0 0 2
185416734 158431308
742307634 1 0 1
886874823
887965720 1 0 3
185416734 147516404 756976414
194972777 1 0 3
158431308 185416734 756976414
917943262 0 0 2
886874823 555457621
352669729 1 0 3
185416734 886874823 158431308
337328118 0 0 3
756976414 185416734 886874823
522256860 1 0 3
147516404 147516404 555457621
332525301 0 0 2
639722196 860681076
143595881 1 0 3
756976414 756976414 147516404
967072791 1 0 2
555457621 639722196
914775371 1 0 3
860681076 158431308 158431308
96781525 0 0 1
158431308
438630990 0 0 2
639722196 860681076
222596929 0 0 3
555457621 185416734 158431308
909560383 0 0 1
185416734
699501955 0 0 2
886874823 639722196
979638049 0 0 2
639722196 147516404
844443100 0 0 1
860681076
125215680 0 0 3
860681076 147516404 756976414
66167539 0 0 2
886874823 555457621
949861167 0 0 3
639722196 886874823 185416734
280597138 0 0 1
555457621
951647437 0 0 2
158431308 147516404
297055587 0 0 1
185416734
580592368 0 0 3
860681076 886874823 639722196
903060938 0 0 1
860681076
951784089 0 0 3
555457621 147516404 158431308
480426148 0 0 2
147516404 158431308
956174623 0 0 2
886874823 185416734
572198871 0 0 1
639722196
635264171 0 0 2
756976414 639722196
167613223 0 0 3
555457621 158431308 756976414
560482038 0 0 2
639722196 886874823
216505817 0 0 3
756976414 185416734 886874823
675417867 0 0 2
886874823 639722196
665455551 0 0 2
555457621 860681076
990420629 0 0 3
756976414 639722196 639722196
22969548 0 0 1
185416734
511712958 0 0 1
860681076
30102263 0 0 1
555457621
843650621 0 0 3
860681076 886874823 886874823
377765121 0 0 1
185416734
274615992 0 0 2
639722196 555457621
873881116 0 0 3
639722196 860681076 639722196
70206757 0 0 1
860681076
402079364 0 0 3
886874823 860681076 886874823
355456498 0 0 2
860681076 756976414
148751742 0 0 3
555457621 756976414 158431308
216722870 0 0 2
886874823 886874823
807444742 0 0 3
886874823 860681076 886874823
722393033 0 0 3
860681076 158431308 860681076
332323826 0 0 2
639722196 639722196
3708503 0 0 3
860681076 639722196 639722196
244026887 0 0 1
886874823
460683579 0 0 2
555457621 147516404
778758560 0 0 3
860681076 185416734 185416734
474442493 0 0 1
756976414
416757071 0 0 1
756976414
31743114 0 0 1
555457621
654068299 0 0 3
886874823 147516404 147516404
915762422 0 0 3
860681076 147516404 158431308
887974287 0 0 2
860681076 886874823
730066883 0 0 1
860681076
