1030
306948312 1 1 2
134893064 668867459
306948312 1 0 2
134893064 668867459
715422587 0 1 3
613484051 86264876 613484051
715422587 0 0 3
613484051 86264876 613484051
592408039 0 1 2
668867459 668867459
646831990 1 1 1
668867459
592408039 0 0 2
668867459 668867459
452802874 0 1 2
563293297 613484051
667308445 1 1 2
134893064 563293297
589528258 0 1 4
169987156 169987156 169987156 86264876
263555435 1 1 1
86264876
667308445 1 0 2
134893064 563293297
646831990 1 0 1
668867459
75884172 1 1 4
134893064 942962912 942962912 169987156
452802874 0 0 2
563293297 613484051
821722210 0 1 4
134893064 942962912 613484051 169987156
714779426 1 1 1
613484051
885248114 1 1 4
613484051 134893064 169987156 134893064
108782720 1 1 4
134893064 86264876 942962912 613484051
976968405 1 1 2
407975453 563293297
964435110 1 1 2
563293297 86264876
666615391 1 1 5
407975453 169987156 407975453 942962912 668867459
216817654 0 1 5
563293297 563293297 942962912 668867459 86264876
589528258 0 0 4
169987156 169987156 169987156 86264876
256709176 0 1 4
86264876 942962912 563293297 407975453
388878138 1 1 2
613484051 613484051
633303106 0 1 5
613484051 169987156 134893064 86264876 613484051
222541579 0 1 4
86264876 668867459 613484051 169987156
698455383 0 1 2
668867459 563293297
946722077 1 1 3
613484051 942962912 563293297
209950994 0 1 4
86264876 613484051 668867459 86264876
209950994 0 0 4
86264876 613484051 668867459 86264876
164455785 1 1 2
86264876 942962912
468105887 0 1 1
407975453
164455785 1 0 2
86264876 942962912
470442798 1 1 3
134893064 169987156 563293297
108782720 1 0 4
134893064 86264876 942962912 613484051
959935048 1 1 5
668867459 86264876 407975453 169987156 407975453
554370762 0 1 2
169987156 134893064
33736095 0 1 3
668867459 668867459 563293297
129922203 0 1 3
169987156 407975453 563293297
861319073 1 1 3
134893064 563293297 134893064
749158681 1 1 1
169987156
714779426 1 0 1
613484051
722330241 1 1 1
86264876
360667414 1 1 3
86264876 942962912 134893064
54477906 1 1 4
613484051 563293297 407975453 942962912
470442798 1 0 3
134893064 169987156 563293297
54477906 1 0 4
613484051 563293297 407975453 942962912
242155038 0 1 2
407975453 563293297
950195672 1 1 3
668867459 613484051 86264876
263555435 1 0 1
86264876
170549692 1 1 4
86264876 169987156 563293297 613484051
821722210 0 0 4
134893064 942962912 613484051 169987156
318039209 0 1 1
407975453
946722077 1 0 3
613484051 942962912 563293297
771917881 1 1 4
134893064 86264876 563293297 169987156
885329117 1 1 5
563293297 134893064 407975453 942962912 86264876
55803674 1 1 3
407975453 86264876 407975453
733216952 1 1 1
134893064
714813873 1 1 4
563293297 86264876 407975453 407975453
20238783 0 1 2
613484051 613484051
252348694 0 1 3
407975453 134893064 613484051
931631527 0 1 1
668867459
20238783 0 0 2
613484051 613484051
129464311 1 1 4
407975453 668867459 134893064 169987156
75884172 1 0 4
134893064 942962912 942962912 169987156
641226832 0 1 5
134893064 613484051 942962912 613484051 668867459
417450984 1 1 3
668867459 407975453 86264876
204522241 0 1 4
668867459 942962912 942962912 169987156
192198566 1 1 5
613484051 668867459 134893064 134893064 613484051
216689412 0 1 3
668867459 563293297 563293297
414473235 1 1 3
86264876 668867459 407975453
209170702 1 1 1
563293297
684795298 0 1 2
169987156 407975453
884916032 1 1 4
86264876 563293297 613484051 169987156
169105750 1 1 4
407975453 169987156 563293297 86264876
976968405 1 0 2
407975453 563293297
91682411 0 1 5
668867459 134893064 169987156 563293297 169987156
771168478 1 1 4
169987156 668867459 613484051 942962912
151544304 0 1 2
169987156 407975453
953001483 0 1 5
613484051 613484051 942962912 169987156 563293297
372843510 1 1 2
668867459 613484051
873874545 0 1 3
86264876 407975453 613484051
313668897 1 1 4
668867459 134893064 613484051 563293297
427321415 0 1 1
169987156
116029582 1 1 4
942962912 613484051 563293297 134893064
116380920 1 1 5
86264876 942962912 407975453 169987156 668867459
597871106 0 1 4
407975453 668867459 407975453 613484051
33736095 0 0 3
668867459 668867459 563293297
286585142 0 1 5
169987156 407975453 613484051 563293297 942962912
888298800 0 1 4
86264876 668867459 563293297 668867459
335716574 0 1 2
169987156 407975453
342388816 1 1 1
613484051
474032103 0 1 3
407975453 613484051 613484051
50530447 0 1 4
563293297 942962912 134893064 169987156
215143950 1 1 3
86264876 613484051 668867459
554370762 0 0 2
169987156 134893064
216689412 0 0 3
668867459 563293297 563293297
578897149 1 1 3
407975453 407975453 86264876
834678325 1 1 4
613484051 668867459 668867459 86264876
344608260 1 1 5
942962912 563293297 668867459 169987156 668867459
468105887 0 0 1
407975453
72640332 0 1 5
169987156 134893064 134893064 668867459 942962912
104645660 1 1 3
668867459 407975453 942962912
549130501 1 1 4
563293297 563293297 407975453 86264876
216817654 0 0 5
563293297 563293297 942962912 668867459 86264876
372843510 1 0 2
668867459 613484051
264838897 1 1 2
613484051 407975453
173851423 1 1 1
668867459
169105750 1 0 4
407975453 169987156 563293297 86264876
816120087 0 1 1
563293297
209170702 1 0 1
563293297
474009598 1 1 5
169987156 668867459 86264876 942962912 134893064
858646720 1 1 2
169987156 942962912
553552470 0 1 2
563293297 563293297
264838897 1 0 2
613484051 407975453
495631699 1 1 5
86264876 169987156 407975453 942962912 86264876
950329130 0 1 1
407975453
324720948 0 1 1
407975453
647176003 0 1 3
613484051 169987156 668867459
755846964 1 1 1
407975453
697564457 0 1 3
134893064 942962912 134893064
373566899 1 1 2
86264876 86264876
885329117 1 0 5
563293297 134893064 407975453 942962912 86264876
69515860 1 1 4
86264876 563293297 407975453 613484051
977402224 0 1 3
613484051 134893064 86264876
116029582 1 0 4
942962912 613484051 563293297 134893064
342112832 0 1 2
613484051 407975453
38413131 1 1 3
169987156 169987156 86264876
427789681 1 1 3
169987156 134893064 134893064
628697973 0 1 1
169987156
633303106 0 0 5
613484051 169987156 134893064 86264876 613484051
926711930 0 1 5
169987156 169987156 407975453 407975453 668867459
763506255 0 1 2
613484051 613484051
971086788 1 1 4
942962912 169987156 86264876 942962912
253260385 0 1 3
563293297 613484051 668867459
666553053 1 1 4
942962912 613484051 668867459 942962912
252348694 0 0 3
407975453 134893064 613484051
186230738 1 1 2
407975453 613484051
832157533 1 1 2
563293297 563293297
353747729 1 1 3
134893064 169987156 407975453
714813873 1 0 4
563293297 86264876 407975453 407975453
383355349 0 1 2
563293297 563293297
904797864 1 1 2
169987156 613484051
310909740 0 1 4
134893064 613484051 668867459 613484051
932485849 1 1 4
613484051 86264876 169987156 942962912
22153112 0 1 1
86264876
484761162 0 1 1
668867459
601122287 0 1 5
668867459 613484051 134893064 668867459 613484051
348679061 0 1 1
613484051
195924233 1 1 2
563293297 613484051
154674757 0 1 4
169987156 613484051 563293297 613484051
844310760 1 1 4
86264876 134893064 563293297 134893064
553552470 0 0 2
563293297 563293297
146253362 0 1 2
134893064 169987156
373566899 1 0 2
86264876 86264876
331912056 0 1 1
134893064
491486762 1 1 2
407975453 86264876
348679061 0 0 1
613484051
754616677 1 1 4
668867459 407975453 86264876 613484051
29476512 1 1 1
942962912
865053660 1 1 2
134893064 942962912
676648889 1 1 4
563293297 134893064 668867459 563293297
859395087 1 1 4
942962912 668867459 668867459 613484051
59682843 0 1 3
942962912 134893064 407975453
715062019 1 1 1
407975453
287184768 1 1 3
942962912 613484051 668867459
688380815 0 1 3
134893064 134893064 134893064
494290301 0 1 3
169987156 169987156 86264876
754616677 1 0 4
668867459 407975453 86264876 613484051
903207374 0 1 1
942962912
659467603 0 1 2
613484051 134893064
747550685 0 1 1
407975453
422276778 1 1 3
86264876 563293297 86264876
698214692 1 1 2
169987156 86264876
432224569 0 1 1
942962912
776024506 1 1 3
169987156 86264876 613484051
81570040 1 1 5
613484051 169987156 407975453 613484051 134893064
189538784 0 1 5
668867459 668867459 668867459 134893064 169987156
86934245 1 1 4
563293297 86264876 407975453 942962912
866572241 1 1 1
169987156
64208247 0 1 4
942962912 563293297 668867459 169987156
424211758 1 1 2
613484051 613484051
903207374 0 0 1
942962912
467694527 0 1 3
668867459 169987156 169987156
412887307 0 1 1
169987156
620135990 1 1 1
169987156
173851423 1 0 1
668867459
659467603 0 0 2
613484051 134893064
484761162 0 0 1
668867459
763506255 0 0 2
613484051 613484051
29476512 1 0 1
942962912
474885635 0 1 2
942962912 613484051
257198066 1 1 5
86264876 169987156 563293297 942962912 563293297
618905703 0 1 4
86264876 942962912 169987156 86264876
806797690 1 1 1
613484051
601201179 1 1 4
169987156 134893064 942962912 563293297
373522379 1 1 4
613484051 169987156 613484051 942962912
688790554 0 1 4
563293297 668867459 613484051 563293297
318771190 1 1 2
407975453 563293297
688380815 0 0 3
134893064 134893064 134893064
50171267 0 1 1
86264876
151544304 0 0 2
169987156 407975453
50530447 0 0 4
563293297 942962912 134893064 169987156
548185640 0 1 5
613484051 613484051 134893064 613484051 169987156
38413131 1 0 3
169987156 169987156 86264876
378454032 0 1 1
407975453
617749638 1 1 2
668867459 613484051
378454032 0 0 1
407975453
687886759 1 1 3
668867459 613484051 942962912
964435110 1 0 2
563293297 86264876
66834847 1 1 4
942962912 134893064 134893064 407975453
112039938 1 1 3
134893064 86264876 563293297
591094132 1 1 2
86264876 613484051
72640332 0 0 5
169987156 134893064 134893064 668867459 942962912
816120087 0 0 1
563293297
806797690 1 0 1
613484051
950195672 1 0 3
668867459 613484051 86264876
578818801 1 1 5
942962912 86264876 613484051 942962912 613484051
712106974 1 1 1
86264876
13370909 1 1 5
134893064 134893064 86264876 613484051 942962912
277033492 0 1 4
169987156 407975453 942962912 668867459
858646720 1 0 2
169987156 942962912
578818801 1 0 5
942962912 86264876 613484051 942962912 613484051
144331542 0 1 5
668867459 668867459 134893064 169987156 563293297
641911766 1 1 3
942962912 942962912 134893064
211119883 0 1 1
134893064
186386677 0 1 2
169987156 86264876
581362362 1 1 1
134893064
77692123 0 1 2
942962912 942962912
250594923 1 1 1
613484051
5574119 0 1 2
407975453 613484051
129922203 0 0 3
169987156 407975453 563293297
383355349 0 0 2
563293297 563293297
397903002 0 1 4
668867459 942962912 169987156 169987156
687886759 1 0 3
668867459 613484051 942962912
663482229 0 1 4
407975453 169987156 668867459 668867459
478226460 0 1 4
563293297 86264876 668867459 613484051
872788636 0 1 1
942962912
773196647 1 1 2
169987156 169987156
97132162 1 1 2
407975453 134893064
679586326 1 1 5
169987156 169987156 668867459 668867459 563293297
256709176 0 0 4
86264876 942962912 563293297 407975453
491486762 1 0 2
407975453 86264876
374397825 0 1 1
613484051
323170893 0 1 2
407975453 942962912
688790554 0 0 4
563293297 668867459 613484051 563293297
220893231 0 1 1
169987156
693169015 1 1 5
134893064 407975453 668867459 668867459 86264876
225858511 0 1 3
134893064 942962912 407975453
313668897 1 0 4
668867459 134893064 613484051 563293297
769078870 0 1 1
613484051
22153112 0 0 1
86264876
71623046 1 1 1
613484051
843608148 1 1 1
668867459
309481981 0 1 5
169987156 86264876 86264876 942962912 86264876
990974244 0 1 1
134893064
955648085 0 1 4
134893064 86264876 563293297 668867459
900576112 0 1 1
407975453
620135990 1 0 1
169987156
323170893 0 0 2
407975453 942962912
569793044 0 1 3
407975453 613484051 169987156
520271410 0 1 3
86264876 668867459 407975453
766463373 1 1 5
134893064 613484051 86264876 86264876 169987156
699342887 1 1 3
563293297 563293297 613484051
618905703 0 0 4
86264876 942962912 169987156 86264876
517119303 1 1 1
668867459
260891490 0 1 3
169987156 563293297 668867459
910462770 1 1 3
563293297 563293297 169987156
703505979 1 1 4
134893064 407975453 169987156 169987156
694770204 0 1 1
86264876
91682411 0 0 5
668867459 134893064 169987156 563293297 169987156
988154892 1 1 2
86264876 668867459
806617253 1 1 5
169987156 613484051 613484051 668867459 942962912
474032103 0 0 3
407975453 613484051 613484051
552860674 1 1 3
563293297 86264876 86264876
238574245 1 1 1
563293297
322615834 0 1 3
169987156 134893064 942962912
31087134 1 1 2
613484051 169987156
111362881 0 1 2
86264876 613484051
95812480 1 1 2
668867459 86264876
128219295 0 1 4
668867459 407975453 407975453 134893064
643465558 0 1 4
668867459 169987156 169987156 613484051
322726656 0 1 4
134893064 942962912 668867459 169987156
303906539 1 1 4
563293297 407975453 169987156 134893064
864358788 0 1 1
563293297
693169015 1 0 5
134893064 407975453 668867459 668867459 86264876
15895670 1 1 4
407975453 563293297 169987156 86264876
548185640 0 0 5
613484051 613484051 134893064 613484051 169987156
432224569 0 0 1
942962912
529765050 0 1 1
86264876
485954009 1 1 5
86264876 563293297 668867459 563293297 134893064
940035068 1 1 1
407975453
373373197 1 1 4
169987156 613484051 613484051 86264876
795435989 0 1 1
169987156
783525663 1 1 3
86264876 169987156 563293297
181537634 0 1 4
668867459 134893064 407975453 134893064
806617253 1 0 5
169987156 613484051 613484051 668867459 942962912
548528453 0 1 5
613484051 942962912 134893064 169987156 407975453
205835059 1 1 5
613484051 169987156 942962912 134893064 942962912
701809043 1 1 3
86264876 169987156 134893064
167508177 0 1 1
668867459
905177945 0 1 2
613484051 407975453
71444698 0 1 2
86264876 613484051
428399666 1 1 3
942962912 86264876 86264876
815640714 0 1 3
563293297 613484051 563293297
774950676 1 1 3
169987156 668867459 86264876
478226460 0 0 4
563293297 86264876 668867459 613484051
123169869 0 1 5
86264876 668867459 613484051 668867459 563293297
656311958 1 1 3
942962912 134893064 563293297
434084281 1 1 5
563293297 563293297 668867459 169987156 86264876
528546895 0 1 5
613484051 942962912 563293297 86264876 134893064
894886202 0 1 3
407975453 563293297 668867459
170549692 1 0 4
86264876 169987156 563293297 613484051
756700114 0 1 1
134893064
559634028 1 1 2
668867459 407975453
858765434 1 1 3
563293297 563293297 134893064
852512593 0 1 3
942962912 942962912 563293297
540369674 0 1 1
942962912
502230991 0 1 1
407975453
27755600 1 1 4
668867459 169987156 169987156 169987156
844276213 1 1 2
668867459 134893064
219106130 0 1 1
134893064
467694527 0 0 3
668867459 169987156 169987156
43651270 1 1 1
169987156
226557614 1 1 1
407975453
705060139 0 1 5
169987156 613484051 169987156 563293297 407975453
836202689 0 1 3
86264876 86264876 407975453
705060139 0 0 5
169987156 613484051 169987156 563293297 407975453
599930810 0 1 2
613484051 668867459
500496127 1 1 5
613484051 668867459 942962912 169987156 134893064
472244703 1 1 4
134893064 668867459 86264876 169987156
633984795 0 1 3
86264876 668867459 407975453
49024579 0 1 1
134893064
424211758 1 0 2
613484051 613484051
678079761 0 1 3
169987156 169987156 407975453
188310190 0 1 5
169987156 613484051 563293297 668867459 86264876
955648085 0 0 4
134893064 86264876 563293297 668867459
69049107 1 1 3
407975453 613484051 942962912
583257706 0 1 1
613484051
259754887 0 1 5
134893064 169987156 613484051 563293297 169987156
905177945 0 0 2
613484051 407975453
497448773 1 1 5
668867459 134893064 613484051 134893064 563293297
123169869 0 0 5
86264876 668867459 613484051 668867459 563293297
251414771 0 1 2
942962912 613484051
34705562 1 1 5
563293297 942962912 613484051 668867459 942962912
473134993 0 1 4
169987156 407975453 942962912 169987156
760243080 0 1 3
169987156 563293297 169987156
321306194 1 1 3
613484051 134893064 134893064
1681887 0 1 3
134893064 942962912 942962912
507645634 1 1 4
942962912 86264876 942962912 86264876
597871106 0 0 4
407975453 668867459 407975453 613484051
331912056 0 0 1
134893064
78006307 0 1 3
169987156 169987156 613484051
413832266 0 1 5
134893064 942962912 563293297 563293297 407975453
694770204 0 0 1
86264876
50171267 0 0 1
86264876
366411067 0 1 4
668867459 407975453 134893064 613484051
931631527 0 0 1
668867459
783035251 1 1 5
86264876 942962912 942962912 563293297 668867459
806718292 1 1 4
407975453 407975453 613484051 169987156
721158410 1 1 5
942962912 613484051 613484051 668867459 134893064
810790851 1 1 2
613484051 563293297
503510856 1 1 4
169987156 613484051 169987156 942962912
940264539 1 1 4
134893064 668867459 563293297 668867459
71444698 0 0 2
86264876 613484051
617749638 1 0 2
668867459 613484051
706958472 0 1 3
86264876 86264876 942962912
730068469 0 1 1
169987156
645324677 0 1 5
668867459 668867459 563293297 613484051 563293297
395677512 1 1 2
407975453 169987156
182515630 1 1 4
134893064 613484051 668867459 169987156
322615834 0 0 3
169987156 134893064 942962912
998337156 1 1 2
86264876 668867459
867922214 0 1 3
407975453 613484051 563293297
816500425 1 1 1
169987156
374397825 0 0 1
613484051
59682843 0 0 3
942962912 134893064 407975453
899878086 1 1 3
668867459 668867459 613484051
546001975 1 1 5
942962912 134893064 407975453 942962912 86264876
4810614 1 1 3
563293297 613484051 942962912
968927193 0 1 3
134893064 563293297 613484051
981776032 0 1 1
407975453
264565500 0 1 4
407975453 169987156 563293297 86264876
472244703 1 0 4
134893064 668867459 86264876 169987156
318892317 1 1 1
613484051
85707154 1 1 5
563293297 407975453 613484051 668867459 169987156
151787413 0 1 3
563293297 407975453 134893064
792027309 1 1 1
407975453
845950234 0 1 1
942962912
473093607 1 1 5
407975453 134893064 668867459 134893064 134893064
646225548 1 1 4
668867459 613484051 169987156 407975453
353595867 1 1 4
86264876 169987156 613484051 134893064
403616265 1 1 4
668867459 942962912 407975453 613484051
912574165 1 1 3
169987156 942962912 613484051
572523285 0 1 1
134893064
186651516 1 1 1
942962912
434084281 1 0 5
563293297 563293297 668867459 169987156 86264876
719292456 0 1 4
169987156 668867459 942962912 169987156
293681694 1 1 5
407975453 668867459 668867459 942962912 86264876
997442366 1 1 5
563293297 942962912 86264876 942962912 563293297
75319663 1 1 5
613484051 668867459 668867459 86264876 613484051
703505979 1 0 4
134893064 407975453 169987156 169987156
86462585 0 1 3
942962912 407975453 563293297
556917189 0 1 1
942962912
805388131 0 1 4
86264876 407975453 942962912 613484051
731787261 0 1 2
86264876 563293297
952594700 0 1 2
86264876 942962912
520271410 0 0 3
86264876 668867459 407975453
987903761 0 1 2
169987156 668867459
582640768 0 1 5
613484051 563293297 613484051 407975453 942962912
820516913 1 1 5
407975453 613484051 169987156 942962912 134893064
804404185 0 1 2
407975453 407975453
697564457 0 0 3
134893064 942962912 134893064
318039209 0 0 1
407975453
482518854 0 1 5
407975453 86264876 613484051 134893064 563293297
219035239 1 1 3
942962912 613484051 668867459
661731150 1 1 5
407975453 134893064 942962912 169987156 407975453
303962398 1 1 3
169987156 613484051 407975453
53327622 1 1 2
613484051 169987156
926296649 1 1 1
668867459
622854714 0 1 1
563293297
139034776 0 1 3
563293297 613484051 407975453
930600413 1 1 3
86264876 942962912 169987156
267398374 0 1 2
407975453 134893064
984985009 0 1 1
563293297
256210371 0 1 2
668867459 613484051
913623921 0 1 3
942962912 86264876 169987156
191097227 0 1 5
942962912 169987156 169987156 134893064 407975453
900576112 0 0 1
407975453
659826636 1 1 5
942962912 407975453 169987156 613484051 134893064
678714438 0 1 2
563293297 613484051
763620511 1 1 5
613484051 86264876 86264876 134893064 169987156
846478151 1 1 1
613484051
250523245 1 1 3
613484051 134893064 169987156
57302205 0 1 5
169987156 563293297 563293297 134893064 563293297
696436868 0 1 4
668867459 134893064 134893064 668867459
325842908 1 1 5
563293297 668867459 169987156 134893064 134893064
474885635 0 0 2
942962912 613484051
143764789 0 1 2
169987156 942962912
105870408 1 1 4
134893064 613484051 613484051 134893064
219035239 1 0 3
942962912 613484051 668867459
131231038 0 1 2
407975453 613484051
728068401 0 1 5
169987156 563293297 134893064 169987156 563293297
58465107 0 1 5
613484051 86264876 668867459 134893064 668867459
721158410 1 0 5
942962912 613484051 613484051 668867459 134893064
119134798 1 1 5
407975453 407975453 407975453 668867459 86264876
163225521 0 1 3
407975453 668867459 86264876
731498371 0 1 4
942962912 134893064 668867459 169987156
529765050 0 0 1
86264876
885248114 1 0 4
613484051 134893064 169987156 134893064
776055334 1 1 4
942962912 86264876 563293297 668867459
645744374 0 1 1
668867459
950533610 0 1 4
169987156 407975453 563293297 942962912
290302835 1 1 3
942962912 169987156 613484051
949706771 1 1 5
407975453 942962912 563293297 407975453 942962912
749158681 1 0 1
169987156
3861231 0 1 2
169987156 942962912
69115835 0 1 2
134893064 86264876
425077836 0 1 2
563293297 668867459
142896006 0 1 2
613484051 169987156
999716248 1 1 5
942962912 86264876 942962912 169987156 613484051
692476209 1 1 2
942962912 134893064
260891490 0 0 3
169987156 563293297 668867459
318771190 1 0 2
407975453 563293297
980397366 1 1 4
134893064 86264876 134893064 668867459
255926618 0 1 4
613484051 942962912 668867459 668867459
458616482 0 1 2
169987156 563293297
171494592 0 1 4
613484051 134893064 942962912 563293297
915753253 1 1 1
134893064
137330919 1 1 5
407975453 134893064 169987156 407975453 668867459
935115103 1 1 5
613484051 86264876 563293297 407975453 169987156
614747755 1 1 3
407975453 668867459 407975453
959935048 1 0 5
668867459 86264876 407975453 169987156 407975453
387854163 1 1 2
942962912 942962912
844933659 1 1 5
613484051 134893064 942962912 134893064 407975453
163700974 1 1 2
668867459 613484051
713697070 0 1 3
134893064 86264876 563293297
841214799 0 1 3
613484051 134893064 407975453
269571381 1 1 4
942962912 169987156 613484051 407975453
697444460 0 1 1
942962912
421799551 0 1 3
613484051 942962912 668867459
180552839 0 1 5
942962912 613484051 407975453 668867459 169987156
669095609 1 1 3
407975453 407975453 407975453
585025071 0 1 5
942962912 86264876 613484051 169987156 613484051
912051210 1 1 1
668867459
816500425 1 0 1
169987156
297667295 0 1 1
613484051
858765434 1 0 3
563293297 563293297 134893064
83285796 0 1 5
563293297 613484051 668867459 613484051 942962912
715101171 1 1 5
86264876 86264876 169987156 563293297 942962912
968927193 0 0 3
134893064 563293297 613484051
844276213 1 0 2
668867459 134893064
587970129 1 1 2
169987156 407975453
885508918 0 1 1
169987156
571478753 1 1 1
407975453
58465107 0 0 5
613484051 86264876 668867459 134893064 668867459
458616482 0 0 2
169987156 563293297
657085964 0 1 1
407975453
569793044 0 0 3
407975453 613484051 169987156
310586753 0 1 1
668867459
566891111 0 1 1
563293297
656802211 0 1 2
613484051 169987156
3062962 1 1 2
407975453 668867459
547288476 0 1 5
942962912 169987156 942962912 134893064 942962912
765245180 1 1 2
86264876 563293297
314195795 0 1 3
942962912 169987156 169987156
571299420 0 1 1
668867459
533514785 0 1 5
613484051 134893064 563293297 942962912 407975453
451526713 1 1 2
86264876 668867459
358930874 0 1 5
86264876 613484051 169987156 407975453 134893064
778891 1 1 1
563293297
912051210 1 0 1
668867459
691897227 0 1 3
668867459 169987156 942962912
56380884 0 1 2
134893064 407975453
164479865 0 1 2
613484051 86264876
321306194 1 0 3
613484051 134893064 134893064
258110649 1 1 2
942962912 613484051
897595682 0 1 1
668867459
587970129 1 0 2
169987156 407975453
286567597 1 1 3
942962912 407975453 613484051
955555108 0 1 2
134893064 563293297
171911584 0 1 4
668867459 613484051 563293297 613484051
861319073 1 0 3
134893064 563293297 134893064
467120436 0 1 1
86264876
624650716 1 1 1
942962912
609453007 0 1 3
942962912 169987156 668867459
517119303 1 0 1
668867459
379171645 0 1 5
134893064 86264876 563293297 407975453 169987156
922318010 0 1 5
86264876 613484051 407975453 563293297 942962912
692738802 1 1 4
668867459 668867459 563293297 668867459
691897227 0 0 3
668867459 169987156 942962912
94272815 1 1 4
942962912 134893064 169987156 613484051
362804491 1 1 4
613484051 668867459 563293297 613484051
430764072 0 1 3
86264876 668867459 86264876
518267919 1 1 1
407975453
19890454 1 1 4
563293297 169987156 563293297 942962912
741350824 0 1 5
563293297 86264876 613484051 169987156 134893064
85159029 1 1 5
407975453 942962912 407975453 169987156 407975453
529209016 0 1 5
169987156 563293297 169987156 169987156 613484051
596930137 0 1 2
134893064 613484051
484963857 0 1 4
169987156 169987156 668867459 942962912
294454195 0 1 5
613484051 169987156 169987156 86264876 407975453
911125931 0 1 3
86264876 613484051 942962912
815640714 0 0 3
563293297 613484051 563293297
747550685 0 0 1
407975453
56263276 0 1 4
169987156 563293297 407975453 668867459
827968979 1 1 2
613484051 668867459
467120436 0 0 1
86264876
137330919 1 0 5
407975453 134893064 169987156 407975453 668867459
19890454 1 0 4
563293297 169987156 563293297 942962912
215168995 1 1 1
407975453
415194149 1 1 2
86264876 563293297
828747870 0 1 3
668867459 668867459 134893064
907066222 1 1 4
169987156 613484051 563293297 613484051
471575032 1 1 3
86264876 668867459 563293297
845744086 0 1 2
86264876 169987156
17693222 0 1 2
134893064 169987156
221687065 0 1 3
668867459 134893064 86264876
132311682 0 1 5
613484051 86264876 613484051 407975453 407975453
451526713 1 0 2
86264876 668867459
973248329 0 1 5
169987156 86264876 86264876 407975453 407975453
246115000 1 1 1
563293297
599432117 1 1 4
407975453 169987156 563293297 407975453
397903002 0 0 4
668867459 942962912 169987156 169987156
450415396 1 1 4
134893064 169987156 942962912 407975453
855568006 0 1 3
613484051 169987156 407975453
571478753 1 0 1
407975453
831120113 0 1 1
563293297
225249758 0 1 1
942962912
400823160 0 1 3
134893064 86264876 563293297
373373197 1 0 4
169987156 613484051 613484051 86264876
777909279 0 1 1
134893064
588054248 0 1 2
942962912 86264876
56380884 0 0 2
134893064 407975453
831587231 1 1 1
407975453
296177198 0 1 1
613484051
607944701 0 1 3
563293297 668867459 563293297
425454406 1 1 1
169987156
233852578 1 1 5
86264876 86264876 942962912 613484051 668867459
137153716 0 1 4
169987156 407975453 169987156 942962912
22384543 1 1 1
563293297
718816434 1 1 1
942962912
284124262 0 1 5
668867459 563293297 169987156 407975453 86264876
786026825 0 1 2
169987156 563293297
71623046 1 0 1
613484051
775079709 1 1 1
942962912
964609593 0 1 5
407975453 169987156 86264876 613484051 942962912
853712172 1 1 4
169987156 134893064 134893064 613484051
42790209 0 1 4
407975453 668867459 86264876 86264876
645873814 1 1 2
668867459 942962912
613294745 0 1 1
942962912
366881592 1 1 3
563293297 134893064 668867459
491617899 0 1 2
86264876 86264876
630987966 0 1 2
86264876 407975453
588568656 1 1 2
169987156 169987156
476445932 0 1 1
563293297
604236294 0 1 4
407975453 668867459 407975453 563293297
834683656 1 1 5
407975453 668867459 86264876 169987156 169987156
75878049 0 1 3
134893064 668867459 134893064
54651689 1 1 1
668867459
542768013 0 1 4
169987156 407975453 86264876 613484051
759514513 1 1 1
86264876
132417798 0 1 4
563293297 134893064 407975453 134893064
899878086 1 0 3
668867459 668867459 613484051
139034776 0 0 3
563293297 613484051 407975453
943591172 0 1 1
407975453
537423792 0 1 4
134893064 942962912 942962912 169987156
867922214 0 0 3
407975453 613484051 563293297
720472045 1 1 1
134893064
775178402 1 1 2
668867459 668867459
144331542 0 0 5
668867459 668867459 134893064 169987156 563293297
686117341 1 1 4
169987156 942962912 169987156 668867459
180933097 1 1 5
407975453 613484051 942962912 169987156 86264876
53149160 0 1 5
86264876 668867459 942962912 407975453 407975453
919969918 1 1 5
613484051 563293297 134893064 942962912 563293297
170603164 0 1 5
169987156 668867459 86264876 613484051 613484051
75533702 0 1 4
613484051 668867459 942962912 563293297
638786352 0 1 3
407975453 563293297 613484051
454727426 0 1 1
668867459
714076878 1 1 3
86264876 563293297 169987156
266382412 1 1 3
86264876 169987156 613484051
271853370 0 1 3
942962912 86264876 668867459
420305401 0 1 4
942962912 942962912 563293297 169987156
622854714 0 0 1
563293297
31087134 1 0 2
613484051 169987156
161688973 0 1 3
563293297 668867459 169987156
917727183 1 1 1
134893064
33600145 1 1 5
563293297 169987156 407975453 407975453 613484051
528570564 1 1 3
86264876 134893064 613484051
261861433 0 1 2
613484051 563293297
664588110 0 1 2
86264876 613484051
117139220 1 1 1
134893064
738307364 0 1 1
407975453
121340755 0 1 2
613484051 407975453
804339227 0 1 1
134893064
666701764 1 1 4
563293297 86264876 942962912 169987156
633984795 0 0 3
86264876 668867459 407975453
28508796 0 1 4
169987156 563293297 563293297 134893064
199623591 1 1 4
134893064 169987156 563293297 134893064
426216277 1 1 2
86264876 668867459
160926593 1 1 4
134893064 169987156 86264876 86264876
940264539 1 0 4
134893064 668867459 563293297 668867459
250523245 1 0 3
613484051 134893064 169987156
246115000 1 0 1
563293297
915753253 1 0 1
134893064
143214763 0 1 3
942962912 86264876 942962912
253260385 0 0 3
563293297 613484051 668867459
427789681 1 0 3
169987156 134893064 134893064
816156420 0 1 2
563293297 134893064
907066222 1 0 4
169987156 613484051 563293297 613484051
85159029 1 0 5
407975453 942962912 407975453 169987156 407975453
881398638 0 1 1
563293297
718816434 1 0 1
942962912
770909516 0 1 2
169987156 563293297
502273760 0 1 2
134893064 169987156
62331734 0 1 3
613484051 86264876 613484051
679586326 1 0 5
169987156 169987156 668867459 668867459 563293297
692738802 1 0 4
668867459 668867459 563293297 668867459
832157533 1 0 2
563293297 563293297
116380920 1 0 5
86264876 942962912 407975453 169987156 668867459
824058675 0 1 2
942962912 613484051
591094132 1 0 2
86264876 613484051
258110649 1 0 2
942962912 613484051
353747729 1 0 3
134893064 169987156 407975453
274760029 0 1 3
169987156 942962912 563293297
912574165 1 0 3
169987156 942962912 613484051
85451250 0 1 1
134893064
581362362 1 0 1
134893064
771917881 1 0 4
134893064 86264876 563293297 169987156
13370909 1 0 5
134893064 134893064 86264876 613484051 942962912
816156420 0 0 2
563293297 134893064
827968979 1 0 2
613484051 668867459
502273760 0 0 2
134893064 169987156
473093607 1 0 5
407975453 134893064 668867459 134893064 134893064
284124262 0 0 5
668867459 563293297 169987156 407975453 86264876
926296649 1 0 1
668867459
559634028 1 0 2
668867459 407975453
806718292 1 0 4
407975453 407975453 613484051 169987156
669095609 1 0 3
407975453 407975453 407975453
549130501 1 0 4
563293297 563293297 407975453 86264876
412887307 0 0 1
169987156
471575032 1 0 3
86264876 668867459 563293297
865053660 1 0 2
134893064 942962912
28508796 0 0 4
169987156 563293297 563293297 134893064
885508918 0 0 1
169987156
698455383 0 0 2
668867459 563293297
783035251 1 0 5
86264876 942962912 942962912 563293297 668867459
395677512 1 0 2
407975453 169987156
151787413 0 0 3
563293297 407975453 134893064
911125931 0 0 3
86264876 613484051 942962912
417450984 1 0 3
668867459 407975453 86264876
27755600 1 0 4
668867459 169987156 169987156 169987156
571299420 0 0 1
668867459
69515860 1 0 4
86264876 563293297 407975453 613484051
495631699 1 0 5
86264876 169987156 407975453 942962912 86264876
628697973 0 0 1
169987156
494290301 0 0 3
169987156 169987156 86264876
686117341 1 0 4
169987156 942962912 169987156 668867459
78006307 0 0 3
169987156 169987156 613484051
503510856 1 0 4
169987156 613484051 169987156 942962912
62331734 0 0 3
613484051 86264876 613484051
712106974 1 0 1
86264876
266382412 1 0 3
86264876 169987156 613484051
180933097 1 0 5
407975453 613484051 942962912 169987156 86264876
810790851 1 0 2
613484051 563293297
872788636 0 0 1
942962912
199623591 1 0 4
134893064 169987156 563293297 134893064
373522379 1 0 4
613484051 169987156 613484051 942962912
955555108 0 0 2
134893064 563293297
601122287 0 0 5
668867459 613484051 134893064 668867459 613484051
855568006 0 0 3
613484051 169987156 407975453
678079761 0 0 3
169987156 169987156 407975453
528570564 1 0 3
86264876 134893064 613484051
161688973 0 0 3
563293297 668867459 169987156
75319663 1 0 5
613484051 668867459 668867459 86264876 613484051
163225521 0 0 3
407975453 668867459 86264876
881398638 0 0 1
563293297
215143950 1 0 3
86264876 613484051 668867459
296177198 0 0 1
613484051
988154892 1 0 2
86264876 668867459
400823160 0 0 3
134893064 86264876 563293297
831587231 1 0 1
407975453
146253362 0 0 2
134893064 169987156
714076878 1 0 3
86264876 563293297 169987156
182515630 1 0 4
134893064 613484051 668867459 169987156
322726656 0 0 4
134893064 942962912 668867459 169987156
189538784 0 0 5
668867459 668867459 668867459 134893064 169987156
137153716 0 0 4
169987156 407975453 169987156 942962912
421799551 0 0 3
613484051 942962912 668867459
49024579 0 0 1
134893064
66834847 1 0 4
942962912 134893064 134893064 407975453
222541579 0 0 4
86264876 668867459 613484051 169987156
528546895 0 0 5
613484051 942962912 563293297 86264876 134893064
261861433 0 0 2
613484051 563293297
935115103 1 0 5
613484051 86264876 563293297 407975453 169987156
804339227 0 0 1
134893064
884916032 1 0 4
86264876 563293297 613484051 169987156
259754887 0 0 5
134893064 169987156 613484051 563293297 169987156
930600413 1 0 3
86264876 942962912 169987156
142896006 0 0 2
613484051 169987156
420305401 0 0 4
942962912 942962912 563293297 169987156
54651689 1 0 1
668867459
566891111 0 0 1
563293297
713697070 0 0 3
134893064 86264876 563293297
277033492 0 0 4
169987156 407975453 942962912 668867459
578897149 1 0 3
407975453 407975453 86264876
699342887 1 0 3
563293297 563293297 613484051
756700114 0 0 1
134893064
659826636 1 0 5
942962912 407975453 169987156 613484051 134893064
770909516 0 0 2
169987156 563293297
3062962 1 0 2
407975453 668867459
940035068 1 0 1
407975453
426216277 1 0 2
86264876 668867459
294454195 0 0 5
613484051 169987156 169987156 86264876 407975453
778891 1 0 1
563293297
678714438 0 0 2
563293297 613484051
820516913 1 0 5
407975453 613484051 169987156 942962912 134893064
981776032 0 0 1
407975453
485954009 1 0 5
86264876 563293297 668867459 563293297 134893064
34705562 1 0 5
563293297 942962912 613484051 668867459 942962912
834678325 1 0 4
613484051 668867459 668867459 86264876
582640768 0 0 5
613484051 563293297 613484051 407975453 942962912
233852578 1 0 5
86264876 86264876 942962912 613484051 668867459
715062019 1 0 1
407975453
609453007 0 0 3
942962912 169987156 668867459
366881592 1 0 3
563293297 134893064 668867459
15895670 1 0 4
407975453 563293297 169987156 86264876
5574119 0 0 2
407975453 613484051
738307364 0 0 1
407975453
225858511 0 0 3
134893064 942962912 407975453
484963857 0 0 4
169987156 169987156 668867459 942962912
167508177 0 0 1
668867459
661731150 1 0 5
407975453 134893064 942962912 169987156 407975453
97132162 1 0 2
407975453 134893064
552860674 1 0 3
563293297 86264876 86264876
256210371 0 0 2
668867459 613484051
53327622 1 0 2
613484051 169987156
195924233 1 0 2
563293297 613484051
932485849 1 0 4
613484051 86264876 169987156 942962912
776055334 1 0 4
942962912 86264876 563293297 668867459
866572241 1 0 1
169987156
666701764 1 0 4
563293297 86264876 942962912 169987156
873874545 0 0 3
86264876 407975453 613484051
379171645 0 0 5
134893064 86264876 563293297 407975453 169987156
186651516 1 0 1
942962912
128219295 0 0 4
668867459 407975453 407975453 134893064
335716574 0 0 2
169987156 407975453
645324677 0 0 5
668867459 668867459 563293297 613484051 563293297
638786352 0 0 3
407975453 563293297 613484051
473134993 0 0 4
169987156 407975453 942962912 169987156
225249758 0 0 1
942962912
83285796 0 0 5
563293297 613484051 668867459 613484051 942962912
425077836 0 0 2
563293297 668867459
325842908 1 0 5
563293297 668867459 169987156 134893064 134893064
310586753 0 0 1
668867459
129464311 1 0 4
407975453 668867459 134893064 169987156
69115835 0 0 2
134893064 86264876
845744086 0 0 2
86264876 169987156
454727426 0 0 1
668867459
828747870 0 0 3
668867459 668867459 134893064
698214692 1 0 2
169987156 86264876
22384543 1 0 1
563293297
251414771 0 0 2
942962912 613484051
786026825 0 0 2
169987156 563293297
414473235 1 0 3
86264876 668867459 407975453
943591172 0 0 1
407975453
731787261 0 0 2
86264876 563293297
987903761 0 0 2
169987156 668867459
104645660 1 0 3
668867459 407975453 942962912
952594700 0 0 2
86264876 942962912
897595682 0 0 1
668867459
192198566 1 0 5
613484051 668867459 134893064 134893064 613484051
226557614 1 0 1
407975453
491617899 0 0 2
86264876 86264876
353595867 1 0 4
86264876 169987156 613484051 134893064
604236294 0 0 4
407975453 668867459 407975453 563293297
546001975 1 0 5
942962912 134893064 407975453 942962912 86264876
221687065 0 0 3
668867459 134893064 86264876
971086788 1 0 4
942962912 169987156 86264876 942962912
94272815 1 0 4
942962912 134893064 169987156 613484051
171494592 0 0 4
613484051 134893064 942962912 563293297
205835059 1 0 5
613484051 169987156 942962912 134893064 942962912
647176003 0 0 3
613484051 169987156 668867459
706958472 0 0 3
86264876 86264876 942962912
75878049 0 0 3
134893064 668867459 134893064
112039938 1 0 3
134893064 86264876 563293297
314195795 0 0 3
942962912 169987156 169987156
950329130 0 0 1
407975453
656802211 0 0 2
613484051 169987156
585025071 0 0 5
942962912 86264876 613484051 169987156 613484051
180552839 0 0 5
942962912 613484051 407975453 668867459 169987156
630987966 0 0 2
86264876 407975453
143764789 0 0 2
169987156 942962912
888298800 0 0 4
86264876 668867459 563293297 668867459
844933659 1 0 5
613484051 134893064 942962912 134893064 407975453
85451250 0 0 1
134893064
548528453 0 0 5
613484051 942962912 134893064 169987156 407975453
293681694 1 0 5
407975453 668867459 668867459 942962912 86264876
518267919 1 0 1
407975453
75533702 0 0 4
613484051 668867459 942962912 563293297
776024506 1 0 3
169987156 86264876 613484051
143214763 0 0 3
942962912 86264876 942962912
111362881 0 0 2
86264876 613484051
859395087 1 0 4
942962912 668867459 668867459 613484051
362804491 1 0 4
613484051 668867459 563293297 613484051
215168995 1 0 1
407975453
95812480 1 0 2
668867459 86264876
964609593 0 0 5
407975453 169987156 86264876 613484051 942962912
864358788 0 0 1
563293297
220893231 0 0 1
169987156
663482229 0 0 4
407975453 169987156 668867459 668867459
4810614 1 0 3
563293297 613484051 942962912
894886202 0 0 3
407975453 563293297 668867459
188310190 0 0 5
169987156 613484051 563293297 668867459 86264876
755846964 1 0 1
407975453
719292456 0 0 4
169987156 668867459 942962912 169987156
984985009 0 0 1
563293297
85707154 1 0 5
563293297 407975453 613484051 668867459 169987156
599432117 1 0 4
407975453 169987156 563293297 407975453
728068401 0 0 5
169987156 563293297 134893064 169987156 563293297
344608260 1 0 5
942962912 563293297 668867459 169987156 668867459
720472045 1 0 1
134893064
556917189 0 0 1
942962912
910462770 1 0 3
563293297 563293297 169987156
542768013 0 0 4
169987156 407975453 86264876 613484051
303962398 1 0 3
169987156 613484051 407975453
775079709 1 0 1
942962912
450415396 1 0 4
134893064 169987156 942962912 407975453
427321415 0 0 1
169987156
388878138 1 0 2
613484051 613484051
430764072 0 0 3
86264876 668867459 86264876
181537634 0 0 4
668867459 134893064 407975453 134893064
119134798 1 0 5
407975453 407975453 407975453 668867459 86264876
500496127 1 0 5
613484051 668867459 942962912 169987156 134893064
824058675 0 0 2
942962912 613484051
583257706 0 0 1
613484051
257198066 1 0 5
86264876 169987156 563293297 942962912 563293297
53149160 0 0 5
86264876 668867459 942962912 407975453 407975453
117139220 1 0 1
134893064
741350824 0 0 5
563293297 86264876 613484051 169987156 134893064
733216952 1 0 1
134893064
913623921 0 0 3
942962912 86264876 169987156
297667295 0 0 1
613484051
360667414 1 0 3
86264876 942962912 134893064
645873814 1 0 2
668867459 942962912
904797864 1 0 2
169987156 613484051
204522241 0 0 4
668867459 942962912 942962912 169987156
980397366 1 0 4
134893064 86264876 134893064 668867459
318892317 1 0 1
613484051
425454406 1 0 1
169987156
86462585 0 0 3
942962912 407975453 563293297
977402224 0 0 3
613484051 134893064 86264876
831120113 0 0 1
563293297
131231038 0 0 2
407975453 613484051
841214799 0 0 3
613484051 134893064 407975453
919969918 1 0 5
613484051 563293297 134893064 942962912 563293297
641226832 0 0 5
134893064 613484051 942962912 613484051 668867459
645744374 0 0 1
668867459
696436868 0 0 4
668867459 134893064 134893064 668867459
255926618 0 0 4
613484051 942962912 668867459 668867459
219106130 0 0 1
134893064
973248329 0 0 5
169987156 86264876 86264876 407975453 407975453
474009598 1 0 5
169987156 668867459 86264876 942962912 134893064
303906539 1 0 4
563293297 407975453 169987156 134893064
701809043 1 0 3
86264876 169987156 134893064
666615391 1 0 5
407975453 169987156 407975453 942962912 668867459
476445932 0 0 1
563293297
33600145 1 0 5
563293297 169987156 407975453 407975453 613484051
715101171 1 0 5
86264876 86264876 169987156 563293297 942962912
853712172 1 0 4
169987156 134893064 134893064 613484051
949706771 1 0 5
407975453 942962912 563293297 407975453 942962912
641911766 1 0 3
942962912 942962912 134893064
613294745 0 0 1
942962912
269571381 1 0 4
942962912 169987156 613484051 407975453
415194149 1 0 2
86264876 563293297
403616265 1 0 4
668867459 942962912 407975453 613484051
286567597 1 0 3
942962912 407975453 613484051
163700974 1 0 2
668867459 613484051
805388131 0 0 4
86264876 407975453 942962912 613484051
547288476 0 0 5
942962912 169987156 942962912 134893064 942962912
763620511 1 0 5
613484051 86264876 86264876 134893064 169987156
765245180 1 0 2
86264876 563293297
664588110 0 0 2
86264876 613484051
926711930 0 0 5
169987156 169987156 407975453 407975453 668867459
1681887 0 0 3
134893064 942962912 942962912
286585142 0 0 5
169987156 407975453 613484051 563293297 942962912
657085964 0 0 1
407975453
599930810 0 0 2
613484051 668867459
844310760 1 0 4
86264876 134893064 563293297 134893064
666553053 1 0 4
942962912 613484051 668867459 942962912
646225548 1 0 4
668867459 613484051 169987156 407975453
676648889 1 0 4
563293297 134893064 668867459 563293297
917727183 1 0 1
134893064
950533610 0 0 4
169987156 407975453 563293297 942962912
358930874 0 0 5
86264876 613484051 169987156 407975453 134893064
422276778 1 0 3
86264876 563293297 86264876
170603164 0 0 5
169987156 668867459 86264876 613484051 613484051
614747755 1 0 3
407975453 668867459 407975453
783525663 1 0 3
86264876 169987156 563293297
692476209 1 0 2
942962912 134893064
290302835 1 0 3
942962912 169987156 613484051
287184768 1 0 3
942962912 613484051 668867459
191097227 0 0 5
942962912 169987156 169987156 134893064 407975453
731498371 0 0 4
942962912 134893064 668867459 169987156
211119883 0 0 1
134893064
697444460 0 0 1
942962912
601201179 1 0 4
169987156 134893064 942962912 563293297
775178402 1 0 2
668867459 668867459
238574245 1 0 1
563293297
428399666 1 0 3
942962912 86264876 86264876
846478151 1 0 1
613484051
309481981 0 0 5
169987156 86264876 86264876 942962912 86264876
186230738 1 0 2
407975453 613484051
596930137 0 0 2
134893064 613484051
537423792 0 0 4
134893064 942962912 942962912 169987156
572523285 0 0 1
134893064
274760029 0 0 3
169987156 942962912 563293297
845950234 0 0 1
942962912
852512593 0 0 3
942962912 942962912 563293297
55803674 1 0 3
407975453 86264876 407975453
502230991 0 0 1
407975453
43651270 1 0 1
169987156
777909279 0 0 1
134893064
342112832 0 0 2
613484051 407975453
771168478 1 0 4
169987156 668867459 613484051 942962912
722330241 1 0 1
86264876
42790209 0 0 4
407975453 668867459 86264876 86264876
160926593 1 0 4
134893064 169987156 86264876 86264876
760243080 0 0 3
169987156 563293297 169987156
795435989 0 0 1
169987156
186386677 0 0 2
169987156 86264876
105870408 1 0 4
134893064 613484051 613484051 134893064
264565500 0 0 4
407975453 169987156 563293297 86264876
507645634 1 0 4
942962912 86264876 942962912 86264876
773196647 1 0 2
169987156 169987156
17693222 0 0 2
134893064 169987156
121340755 0 0 2
613484051 407975453
310909740 0 0 4
134893064 613484051 668867459 613484051
774950676 1 0 3
169987156 668867459 86264876
766463373 1 0 5
134893064 613484051 86264876 86264876 169987156
132417798 0 0 4
563293297 134893064 407975453 134893064
834683656 1 0 5
407975453 668867459 86264876 169987156 169987156
57302205 0 0 5
169987156 563293297 563293297 134893064 563293297
250594923 1 0 1
613484051
86934245 1 0 4
563293297 86264876 407975453 942962912
482518854 0 0 5
407975453 86264876 613484051 134893064 563293297
624650716 1 0 1
942962912
164479865 0 0 2
613484051 86264876
997442366 1 0 5
563293297 942962912 86264876 942962912 563293297
342388816 1 0 1
613484051
730068469 0 0 1
169987156
154674757 0 0 4
169987156 613484051 563293297 613484051
792027309 1 0 1
407975453
843608148 1 0 1
668867459
999716248 1 0 5
942962912 86264876 942962912 169987156 613484051
998337156 1 0 2
86264876 668867459
533514785 0 0 5
613484051 134893064 563293297 942962912 407975453
769078870 0 0 1
613484051
81570040 1 0 5
613484051 169987156 407975453 613484051 134893064
69049107 1 0 3
407975453 613484051 942962912
990974244 0 0 1
134893064
171911584 0 0 4
668867459 613484051 563293297 613484051
56263276 0 0 4
169987156 563293297 407975453 668867459
64208247 0 0 4
942962912 563293297 668867459 169987156
497448773 1 0 5
668867459 134893064 613484051 134893064 563293297
588568656 1 0 2
169987156 169987156
387854163 1 0 2
942962912 942962912
922318010 0 0 5
86264876 613484051 407975453 563293297 942962912
3861231 0 0 2
169987156 942962912
366411067 0 0 4
668867459 407975453 134893064 613484051
759514513 1 0 1
86264876
656311958 1 0 3
942962912 134893064 563293297
953001483 0 0 5
613484051 613484051 942962912 169987156 563293297
588054248 0 0 2
942962912 86264876
77692123 0 0 2
942962912 942962912
271853370 0 0 3
942962912 86264876 668867459
684795298 0 0 2
169987156 407975453
607944701 0 0 3
563293297 668867459 563293297
836202689 0 0 3
86264876 86264876 407975453
413832266 0 0 5
134893064 942962912 563293297 563293297 407975453
324720948 0 0 1
407975453
540369674 0 0 1
942962912
132311682 0 0 5
613484051 86264876 613484051 407975453 407975453
267398374 0 0 2
407975453 134893064
529209016 0 0 5
169987156 563293297 169987156 169987156 613484051
804404185 0 0 2
407975453 407975453
643465558 0 0 4
668867459 169987156 169987156 613484051
242155038 0 0 2
407975453 563293297
