612
258391671 1 1 1
866081838
515287186 0 1 5
832653047 354961371 832653047 485210584 832653047
515287186 0 0 5
832653047 354961371 832653047 485210584 832653047
70407143 0 1 1
485210584
379619419 0 1 3
832653047 866081838 485210584
401253591 1 1 9
832653047 485210584 253130009 354961371 866081838 73187896 866081838 866081838 253130009
258391671 1 0 1
866081838
691755684 1 1 3
132313069 132313069 333738307
636899056 0 1 10
485210584 132313069 333738307 866081838 333738307 832653047 485210584 485210584 866081838 866081838
61305720 1 1 4
866081838 333738307 132313069 253130009
636899056 0 0 10
485210584 132313069 333738307 866081838 333738307 832653047 485210584 485210584 866081838 866081838
774632564 0 1 2
333738307 253130009
674787514 1 1 9
132313069 132313069 866081838 253130009 333738307 333738307 485210584 253130009 485210584
774632564 0 0 2
333738307 253130009
36288491 1 1 5
253130009 832653047 333738307 866081838 132313069
941133626 0 1 2
832653047 485210584
742262027 0 1 8
866081838 132313069 485210584 354961371 333738307 485210584 253130009 253130009
983149278 0 1 1
485210584
149694051 0 1 9
354961371 333738307 832653047 253130009 485210584 253130009 253130009 253130009 73187896
21451238 1 1 7
832653047 73187896 333738307 485210584 333738307 73187896 333738307
115825186 0 1 3
832653047 485210584 354961371
742262027 0 0 8
866081838 132313069 485210584 354961371 333738307 485210584 253130009 253130009
674787514 1 0 9
132313069 132313069 866081838 253130009 333738307 333738307 485210584 253130009 485210584
270110513 1 1 1
333738307
462467811 0 1 2
132313069 73187896
941133626 0 0 2
832653047 485210584
379619419 0 0 3
832653047 866081838 485210584
398772133 0 1 2
132313069 832653047
21451238 1 0 7
832653047 73187896 333738307 485210584 333738307 73187896 333738307
837424939 0 1 4
354961371 253130009 354961371 832653047
801486272 0 1 10
354961371 354961371 832653047 354961371 832653047 333738307 73187896 354961371 132313069 253130009
255662839 1 1 2
866081838 832653047
192386310 0 1 1
485210584
933799340 1 1 1
832653047
691755684 1 0 3
132313069 132313069 333738307
88315885 1 1 3
354961371 253130009 253130009
401253591 1 0 9
832653047 485210584 253130009 354961371 866081838 73187896 866081838 866081838 253130009
526124616 1 1 5
333738307 485210584 354961371 73187896 132313069
859503587 1 1 6
354961371 333738307 866081838 485210584 73187896 866081838
426042821 1 1 4
253130009 866081838 253130009 485210584
631770976 1 1 6
73187896 354961371 73187896 832653047 333738307 866081838
725585425 1 1 1
485210584
684434491 1 1 4
253130009 354961371 132313069 832653047
147058161 1 1 3
866081838 354961371 485210584
801486272 0 0 10
354961371 354961371 832653047 354961371 832653047 333738307 73187896 354961371 132313069 253130009
795992567 0 1 10
866081838 253130009 485210584 866081838 832653047 354961371 832653047 832653047 485210584 132313069
916570261 0 1 1
73187896
400828103 1 1 3
73187896 73187896 73187896
400828103 1 0 3
73187896 73187896 73187896
340264603 1 1 6
132313069 73187896 485210584 73187896 485210584 485210584
462467811 0 0 2
132313069 73187896
553469316 1 1 10
866081838 354961371 354961371 485210584 832653047 73187896 132313069 253130009 253130009 253130009
795992567 0 0 10
866081838 253130009 485210584 866081838 832653047 354961371 832653047 832653047 485210584 132313069
462133823 1 1 2
354961371 253130009
114897166 0 1 7
866081838 485210584 866081838 73187896 354961371 832653047 132313069
80773181 1 1 5
73187896 485210584 354961371 132313069 354961371
498422313 0 1 7
832653047 132313069 354961371 485210584 333738307 253130009 333738307
983149278 0 0 1
485210584
908547143 0 1 8
132313069 485210584 333738307 253130009 485210584 485210584 866081838 832653047
80773181 1 0 5
73187896 485210584 354961371 132313069 354961371
823035208 0 1 1
354961371
334087942 1 1 3
485210584 73187896 866081838
58241193 1 1 8
253130009 866081838 333738307 354961371 132313069 333738307 333738307 832653047
844486445 1 1 7
253130009 73187896 866081838 132313069 866081838 253130009 866081838
449913127 1 1 2
354961371 354961371
498422313 0 0 7
832653047 132313069 354961371 485210584 333738307 253130009 333738307
180868057 0 1 8
485210584 832653047 866081838 73187896 253130009 866081838 485210584 132313069
159470607 1 1 3
132313069 354961371 132313069
701201612 1 1 9
73187896 253130009 132313069 73187896 73187896 132313069 73187896 73187896 333738307
180868057 0 0 8
485210584 832653047 866081838 73187896 253130009 866081838 485210584 132313069
18292996 0 1 2
832653047 333738307
960956878 0 1 9
132313069 832653047 485210584 132313069 73187896 866081838 832653047 485210584 73187896
956864450 0 1 2
354961371 132313069
63195657 1 1 7
132313069 132313069 485210584 333738307 333738307 866081838 333738307
747272569 1 1 5
832653047 333738307 253130009 73187896 73187896
45180334 0 1 1
485210584
589320272 1 1 3
485210584 832653047 832653047
606776156 0 1 10
333738307 866081838 485210584 73187896 354961371 832653047 354961371 333738307 832653047 333738307
323739506 0 1 8
73187896 73187896 354961371 132313069 354961371 354961371 333738307 253130009
73607600 1 1 7
354961371 132313069 354961371 832653047 354961371 333738307 485210584
184877932 1 1 3
354961371 832653047 73187896
8173996 0 1 7
333738307 354961371 866081838 485210584 73187896 333738307 485210584
220665760 1 1 2
354961371 832653047
833386850 1 1 10
333738307 253130009 132313069 485210584 253130009 73187896 832653047 132313069 253130009 73187896
933799340 1 0 1
832653047
777260608 1 1 4
485210584 253130009 253130009 832653047
621493863 0 1 8
354961371 253130009 73187896 354961371 354961371 866081838 485210584 132313069
114897166 0 0 7
866081838 485210584 866081838 73187896 354961371 832653047 132313069
26167804 1 1 2
132313069 832653047
183246276 0 1 7
253130009 253130009 485210584 73187896 485210584 832653047 832653047
936144037 1 1 8
485210584 333738307 485210584 333738307 354961371 485210584 73187896 866081838
115825186 0 0 3
832653047 485210584 354961371
141064969 1 1 6
253130009 354961371 333738307 132313069 253130009 354961371
264019456 1 1 7
832653047 132313069 333738307 485210584 333738307 866081838 132313069
287082701 0 1 8
485210584 354961371 485210584 333738307 73187896 73187896 485210584 132313069
902128463 0 1 7
354961371 132313069 832653047 333738307 832653047 354961371 333738307
87054663 1 1 5
832653047 485210584 485210584 866081838 132313069
621170642 0 1 4
132313069 485210584 866081838 132313069
812886008 0 1 4
866081838 866081838 253130009 485210584
323739506 0 0 8
73187896 73187896 354961371 132313069 354961371 354961371 333738307 253130009
784057459 0 1 1
253130009
923600120 0 1 7
866081838 253130009 354961371 73187896 333738307 866081838 485210584
993754064 0 1 4
132313069 485210584 253130009 832653047
943528066 1 1 4
253130009 866081838 485210584 73187896
624801731 0 1 6
253130009 354961371 832653047 73187896 333738307 253130009
606776156 0 0 10
333738307 866081838 485210584 73187896 354961371 832653047 354961371 333738307 832653047 333738307
864563411 0 1 2
132313069 73187896
904484943 1 1 2
354961371 253130009
434182532 1 1 6
132313069 132313069 73187896 354961371 866081838 354961371
927759067 0 1 4
354961371 485210584 333738307 485210584
504273864 0 1 4
832653047 485210584 832653047 132313069
331879218 1 1 4
73187896 73187896 354961371 485210584
369595691 0 1 6
354961371 832653047 132313069 73187896 832653047 354961371
183246276 0 0 7
253130009 253130009 485210584 73187896 485210584 832653047 832653047
111050019 1 1 5
132313069 832653047 333738307 832653047 832653047
655618723 1 1 3
253130009 485210584 866081838
443203290 1 1 3
333738307 253130009 253130009
148444302 0 1 7
253130009 866081838 832653047 132313069 866081838 253130009 253130009
504273864 0 0 4
832653047 485210584 832653047 132313069
516309071 0 1 9
132313069 866081838 354961371 866081838 866081838 73187896 485210584 73187896 333738307
663869049 1 1 8
73187896 73187896 253130009 132313069 832653047 73187896 866081838 132313069
981831151 1 1 1
485210584
293569678 0 1 2
832653047 333738307
137879263 0 1 1
253130009
7998955 0 1 4
73187896 132313069 832653047 866081838
476815953 0 1 8
253130009 73187896 485210584 866081838 866081838 132313069 866081838 354961371
74023299 0 1 6
253130009 253130009 485210584 866081838 354961371 354961371
624801731 0 0 6
253130009 354961371 832653047 73187896 333738307 253130009
1580275 0 1 1
132313069
740835409 0 1 4
333738307 333738307 333738307 832653047
369595691 0 0 6
354961371 832653047 132313069 73187896 832653047 354961371
213622351 1 1 6
354961371 866081838 132313069 354961371 354961371 866081838
756225090 0 1 4
253130009 253130009 485210584 253130009
462133823 1 0 2
354961371 253130009
680406423 0 1 5
485210584 253130009 485210584 132313069 132313069
834792992 0 1 6
866081838 73187896 354961371 354961371 485210584 354961371
421627449 0 1 9
132313069 333738307 253130009 354961371 132313069 485210584 485210584 866081838 354961371
464463882 0 1 5
132313069 866081838 832653047 866081838 73187896
610909464 1 1 9
253130009 832653047 73187896 832653047 832653047 73187896 866081838 832653047 253130009
421627449 0 0 9
132313069 333738307 253130009 354961371 132313069 485210584 485210584 866081838 354961371
61305720 1 0 4
866081838 333738307 132313069 253130009
267897864 0 1 5
866081838 866081838 73187896 73187896 333738307
260508299 1 1 4
73187896 354961371 354961371 485210584
88227546 0 1 2
354961371 132313069
936144037 1 0 8
485210584 333738307 485210584 333738307 354961371 485210584 73187896 866081838
132461275 0 1 2
866081838 333738307
17509593 0 1 7
485210584 866081838 832653047 73187896 253130009 253130009 132313069
522410078 1 1 7
866081838 354961371 73187896 866081838 485210584 132313069 253130009
912736693 0 1 4
253130009 253130009 866081838 832653047
521783456 0 1 6
485210584 132313069 132313069 132313069 253130009 354961371
854289295 1 1 1
832653047
282332383 1 1 3
354961371 866081838 253130009
485349826 0 1 1
485210584
509908017 0 1 6
333738307 253130009 485210584 333738307 354961371 866081838
725535672 1 1 10
354961371 333738307 253130009 253130009 333738307 832653047 132313069 832653047 73187896 73187896
633794127 0 1 5
132313069 354961371 132313069 866081838 73187896
192386310 0 0 1
485210584
26217087 1 1 10
333738307 832653047 73187896 832653047 832653047 485210584 866081838 832653047 354961371 253130009
241921073 1 1 9
832653047 253130009 73187896 253130009 354961371 253130009 333738307 132313069 253130009
267897864 0 0 5
866081838 866081838 73187896 73187896 333738307
468141630 0 1 3
354961371 73187896 333738307
172303117 1 1 10
485210584 354961371 485210584 485210584 333738307 485210584 333738307 73187896 132313069 333738307
232316687 0 1 10
73187896 866081838 485210584 866081838 354961371 333738307 333738307 132313069 253130009 253130009
328656936 1 1 1
132313069
501635421 0 1 1
132313069
74023299 0 0 6
253130009 253130009 485210584 866081838 354961371 354961371
158856338 1 1 9
253130009 866081838 485210584 132313069 485210584 485210584 354961371 832653047 73187896
182753562 1 1 10
132313069 485210584 253130009 866081838 333738307 333738307 253130009 132313069 485210584 354961371
94987181 0 1 6
354961371 485210584 354961371 73187896 132313069 73187896
372478688 0 1 4
73187896 253130009 253130009 73187896
791495003 0 1 7
132313069 354961371 333738307 253130009 253130009 832653047 132313069
775393604 1 1 9
253130009 354961371 73187896 333738307 832653047 485210584 132313069 832653047 132313069
59788032 0 1 10
832653047 866081838 866081838 354961371 253130009 73187896 354961371 132313069 253130009 832653047
65638803 1 1 7
866081838 333738307 832653047 354961371 73187896 73187896 866081838
92373837 0 1 5
253130009 253130009 333738307 354961371 866081838
255662839 1 0 2
866081838 832653047
670697495 0 1 7
354961371 73187896 253130009 132313069 485210584 73187896 333738307
333536667 0 1 8
485210584 354961371 485210584 485210584 73187896 832653047 73187896 132313069
352882135 1 1 2
132313069 832653047
758925040 0 1 3
253130009 832653047 354961371
318514293 0 1 5
354961371 832653047 132313069 485210584 253130009
370391727 0 1 2
354961371 354961371
1580275 0 0 1
132313069
281335117 0 1 5
132313069 832653047 132313069 132313069 333738307
83767337 0 1 8
73187896 866081838 253130009 73187896 73187896 832653047 73187896 73187896
892175183 1 1 3
333738307 832653047 485210584
135624411 1 1 9
333738307 354961371 73187896 333738307 866081838 253130009 485210584 832653047 354961371
912736693 0 0 4
253130009 253130009 866081838 832653047
88315885 1 0 3
354961371 253130009 253130009
923600120 0 0 7
866081838 253130009 354961371 73187896 333738307 866081838 485210584
366099720 0 1 1
866081838
377525008 0 1 6
832653047 132313069 253130009 132313069 333738307 73187896
498048780 0 1 5
866081838 333738307 866081838 73187896 485210584
553469316 1 0 10
866081838 354961371 354961371 485210584 832653047 73187896 132313069 253130009 253130009 253130009
944151743 1 1 2
333738307 354961371
670697495 0 0 7
354961371 73187896 253130009 132313069 485210584 73187896 333738307
863835487 0 1 2
832653047 253130009
740835409 0 0 4
333738307 333738307 333738307 832653047
589320272 1 0 3
485210584 832653047 832653047
376782218 1 1 3
253130009 132313069 132313069
38589167 1 1 5
73187896 354961371 354961371 866081838 132313069
184493468 0 1 6
253130009 132313069 73187896 832653047 354961371 485210584
401601686 1 1 3
132313069 485210584 132313069
270905854 1 1 9
354961371 253130009 73187896 132313069 866081838 132313069 866081838 485210584 485210584
270905854 1 0 9
354961371 253130009 73187896 132313069 866081838 132313069 866081838 485210584 485210584
513150403 0 1 7
832653047 354961371 866081838 253130009 832653047 354961371 333738307
903237107 1 1 6
132313069 73187896 73187896 354961371 73187896 333738307
429762191 0 1 2
832653047 132313069
548420316 1 1 9
253130009 354961371 333738307 333738307 354961371 485210584 132313069 832653047 485210584
859503587 1 0 6
354961371 333738307 866081838 485210584 73187896 866081838
998224287 1 1 4
866081838 866081838 354961371 333738307
960956878 0 0 9
132313069 832653047 485210584 132313069 73187896 866081838 832653047 485210584 73187896
802240878 1 1 8
253130009 832653047 832653047 866081838 333738307 354961371 253130009 333738307
339915319 0 1 1
132313069
773617890 0 1 1
333738307
862028909 1 1 1
333738307
405554121 0 1 7
73187896 866081838 253130009 73187896 866081838 485210584 485210584
865991726 0 1 6
333738307 333738307 333738307 333738307 132313069 253130009
532726403 1 1 9
354961371 485210584 132313069 253130009 354961371 354961371 73187896 485210584 333738307
591607139 0 1 4
485210584 354961371 73187896 132313069
331879218 1 0 4
73187896 73187896 354961371 485210584
621493863 0 0 8
354961371 253130009 73187896 354961371 354961371 866081838 485210584 132313069
71390212 1 1 2
253130009 832653047
144167795 1 1 6
832653047 253130009 832653047 333738307 485210584 832653047
63195657 1 0 7
132313069 132313069 485210584 333738307 333738307 866081838 333738307
910121431 0 1 5
333738307 253130009 132313069 866081838 354961371
633794127 0 0 5
132313069 354961371 132313069 866081838 73187896
441781939 0 1 9
333738307 866081838 485210584 832653047 832653047 485210584 354961371 866081838 866081838
425502911 0 1 7
333738307 333738307 485210584 73187896 333738307 333738307 253130009
993888768 1 1 9
73187896 253130009 73187896 485210584 866081838 333738307 485210584 485210584 866081838
333957121 1 1 2
333738307 866081838
413643674 0 1 3
132313069 132313069 866081838
212504839 1 1 3
354961371 132313069 485210584
563998480 1 1 4
132313069 73187896 485210584 866081838
764208805 0 1 5
333738307 354961371 73187896 333738307 132313069
9172933 1 1 7
354961371 832653047 866081838 253130009 333738307 354961371 485210584
427833966 0 1 2
253130009 866081838
802240878 1 0 8
253130009 832653047 832653047 866081838 333738307 354961371 253130009 333738307
140991022 0 1 1
333738307
47762100 0 1 7
354961371 253130009 253130009 73187896 132313069 866081838 485210584
612327433 1 1 4
333738307 832653047 333738307 253130009
395109060 0 1 9
354961371 354961371 832653047 866081838 485210584 333738307 485210584 333738307 253130009
927759067 0 0 4
354961371 485210584 333738307 485210584
318667953 1 1 3
132313069 832653047 485210584
977994187 1 1 1
73187896
298346166 0 1 9
253130009 333738307 253130009 132313069 73187896 333738307 132313069 73187896 485210584
748430143 0 1 4
485210584 73187896 866081838 485210584
526414503 0 1 3
866081838 866081838 832653047
149086804 1 1 2
333738307 866081838
550671020 1 1 8
132313069 253130009 832653047 354961371 866081838 253130009 333738307 354961371
718846173 0 1 3
333738307 132313069 485210584
922704694 1 1 4
832653047 866081838 333738307 132313069
265216281 1 1 9
333738307 832653047 485210584 832653047 73187896 485210584 132313069 485210584 333738307
124400293 0 1 7
832653047 354961371 832653047 485210584 132313069 832653047 354961371
641212771 0 1 1
333738307
797942683 0 1 1
253130009
568523784 1 1 10
485210584 485210584 253130009 333738307 866081838 832653047 354961371 132313069 866081838 333738307
712602983 1 1 8
866081838 485210584 866081838 73187896 253130009 132313069 485210584 132313069
942110477 0 1 3
333738307 866081838 253130009
548420316 1 0 9
253130009 354961371 333738307 333738307 354961371 485210584 132313069 832653047 485210584
485349826 0 0 1
485210584
331161566 0 1 9
73187896 832653047 485210584 73187896 485210584 832653047 132313069 832653047 832653047
6901273 0 1 3
485210584 832653047 333738307
220129740 0 1 3
832653047 253130009 866081838
177566685 0 1 6
354961371 333738307 132313069 485210584 253130009 333738307
340858393 0 1 3
866081838 253130009 333738307
486289765 0 1 5
73187896 253130009 866081838 832653047 333738307
390071523 0 1 4
485210584 253130009 333738307 333738307
513150403 0 0 7
832653047 354961371 866081838 253130009 832653047 354961371 333738307
904856872 1 1 4
354961371 132313069 333738307 73187896
250498569 1 1 3
333738307 73187896 485210584
399244456 1 1 4
132313069 832653047 333738307 333738307
260508299 1 0 4
73187896 354961371 354961371 485210584
185207190 0 1 7
132313069 485210584 253130009 73187896 866081838 485210584 354961371
244005942 0 1 9
354961371 832653047 485210584 253130009 73187896 354961371 832653047 132313069 485210584
447006555 0 1 9
354961371 354961371 832653047 485210584 485210584 333738307 333738307 866081838 333738307
650050974 0 1 2
132313069 333738307
639115001 1 1 2
485210584 333738307
765674507 1 1 6
485210584 333738307 132313069 354961371 73187896 866081838
628045161 0 1 8
866081838 132313069 866081838 73187896 253130009 333738307 354961371 485210584
6901273 0 0 3
485210584 832653047 333738307
789977518 0 1 1
866081838
844486445 1 0 7
253130009 73187896 866081838 132313069 866081838 253130009 866081838
366621001 0 1 2
333738307 132313069
6976015 0 1 10
832653047 73187896 866081838 73187896 132313069 253130009 485210584 132313069 333738307 73187896
939064322 0 1 4
832653047 866081838 333738307 832653047
917292020 1 1 6
73187896 333738307 485210584 253130009 866081838 354961371
725822187 0 1 5
866081838 132313069 132313069 333738307 354961371
714285367 1 1 8
832653047 485210584 832653047 253130009 132313069 485210584 354961371 73187896
429762191 0 0 2
832653047 132313069
35024652 1 1 3
485210584 253130009 485210584
702738831 0 1 3
253130009 485210584 73187896
663869049 1 0 8
73187896 73187896 253130009 132313069 832653047 73187896 866081838 132313069
916570261 0 0 1
73187896
208014489 0 1 2
832653047 866081838
832967335 1 1 1
333738307
123778966 1 1 1
253130009
920617471 0 1 1
354961371
627594163 1 1 3
73187896 132313069 832653047
454940532 1 1 10
866081838 333738307 866081838 485210584 253130009 333738307 333738307 333738307 485210584 832653047
927518743 0 1 2
832653047 354961371
700240254 0 1 3
832653047 132313069 73187896
220129740 0 0 3
832653047 253130009 866081838
632507216 0 1 2
354961371 485210584
120893487 1 1 3
333738307 253130009 832653047
186530018 1 1 6
73187896 866081838 866081838 832653047 354961371 253130009
22578739 0 1 1
485210584
878266711 1 1 3
73187896 333738307 866081838
289544938 0 1 8
485210584 832653047 132313069 485210584 832653047 485210584 354961371 354961371
274339546 1 1 5
73187896 485210584 832653047 73187896 866081838
63473900 0 1 7
333738307 132313069 132313069 333738307 832653047 866081838 866081838
533550880 1 1 6
866081838 832653047 354961371 832653047 333738307 485210584
573862452 0 1 2
73187896 354961371
566041225 0 1 9
333738307 132313069 354961371 333738307 333738307 333738307 866081838 866081838 73187896
148444302 0 0 7
253130009 866081838 832653047 132313069 866081838 253130009 253130009
25182232 1 1 6
253130009 73187896 333738307 354961371 73187896 485210584
192053310 1 1 6
333738307 866081838 485210584 333738307 253130009 73187896
46602737 0 1 8
354961371 73187896 132313069 333738307 333738307 354961371 866081838 333738307
815159750 0 1 2
333738307 132313069
558674310 1 1 3
132313069 333738307 132313069
53578751 0 1 5
866081838 485210584 866081838 333738307 333738307
606740423 0 1 1
132313069
328482681 1 1 5
866081838 73187896 832653047 253130009 354961371
631917289 0 1 2
866081838 485210584
63473900 0 0 7
333738307 132313069 132313069 333738307 832653047 866081838 866081838
321025789 1 1 1
132313069
854289295 1 0 1
832653047
363507333 0 1 2
866081838 866081838
187172472 0 1 8
832653047 485210584 333738307 132313069 132313069 253130009 866081838 132313069
529040277 0 1 9
832653047 354961371 354961371 354961371 132313069 485210584 832653047 333738307 253130009
48991019 0 1 6
253130009 333738307 832653047 253130009 832653047 132313069
310951437 0 1 4
866081838 866081838 73187896 354961371
302174100 1 1 3
866081838 866081838 253130009
676585181 1 1 4
832653047 132313069 73187896 73187896
765891968 0 1 3
73187896 832653047 485210584
82209194 1 1 10
132313069 485210584 485210584 485210584 354961371 73187896 73187896 73187896 73187896 132313069
229341787 0 1 9
866081838 485210584 832653047 253130009 73187896 73187896 866081838 354961371 354961371
864563411 0 0 2
132313069 73187896
398399184 0 1 9
866081838 832653047 866081838 354961371 866081838 73187896 485210584 354961371 354961371
55619033 1 1 3
832653047 73187896 333738307
862028909 1 0 1
333738307
415871804 1 1 1
132313069
273494274 1 1 4
485210584 354961371 354961371 485210584
933885743 1 1 1
866081838
705416742 1 1 8
866081838 832653047 866081838 866081838 73187896 333738307 73187896 253130009
400350171 0 1 10
333738307 866081838 253130009 485210584 333738307 866081838 866081838 866081838 132313069 73187896
849875994 1 1 1
485210584
91483973 0 1 5
132313069 333738307 333738307 132313069 253130009
974212622 0 1 1
253130009
395109060 0 0 9
354961371 354961371 832653047 866081838 485210584 333738307 485210584 333738307 253130009
415917218 1 1 6
832653047 354961371 866081838 485210584 354961371 253130009
116666204 1 1 5
73187896 832653047 73187896 132313069 354961371
166265931 1 1 5
253130009 132313069 333738307 73187896 73187896
462519955 1 1 5
354961371 866081838 354961371 333738307 132313069
784342305 1 1 10
354961371 333738307 132313069 253130009 354961371 832653047 132313069 485210584 485210584 485210584
185207190 0 0 7
132313069 485210584 253130009 73187896 866081838 485210584 354961371
149694051 0 0 9
354961371 333738307 832653047 253130009 485210584 253130009 253130009 253130009 73187896
784057459 0 0 1
253130009
573862452 0 0 2
73187896 354961371
498048780 0 0 5
866081838 333738307 866081838 73187896 485210584
6976015 0 0 10
832653047 73187896 866081838 73187896 132313069 253130009 485210584 132313069 333738307 73187896
141064969 1 0 6
253130009 354961371 333738307 132313069 253130009 354961371
390071523 0 0 4
485210584 253130009 333738307 333738307
293569678 0 0 2
832653047 333738307
724940240 1 1 5
333738307 866081838 832653047 333738307 333738307
368615057 1 1 2
73187896 253130009
243599079 1 1 5
866081838 354961371 132313069 333738307 132313069
53422920 1 1 8
253130009 866081838 73187896 333738307 333738307 866081838 333738307 132313069
70407143 0 0 1
485210584
532346 1 1 4
832653047 333738307 832653047 73187896
564624867 1 1 6
132313069 354961371 866081838 132313069 132313069 832653047
124400293 0 0 7
832653047 354961371 832653047 485210584 132313069 832653047 354961371
269446604 1 1 7
866081838 253130009 253130009 866081838 132313069 866081838 866081838
529040277 0 0 9
832653047 354961371 354961371 354961371 132313069 485210584 832653047 333738307 253130009
318514293 0 0 5
354961371 832653047 132313069 485210584 253130009
241921073 1 0 9
832653047 253130009 73187896 253130009 354961371 253130009 333738307 132313069 253130009
621170642 0 0 4
132313069 485210584 866081838 132313069
111050019 1 0 5
132313069 832653047 333738307 832653047 832653047
187172472 0 0 8
832653047 485210584 333738307 132313069 132313069 253130009 866081838 132313069
908547143 0 0 8
132313069 485210584 333738307 253130009 485210584 485210584 866081838 832653047
281335117 0 0 5
132313069 832653047 132313069 132313069 333738307
187704817 1 1 8
832653047 333738307 354961371 132313069 333738307 333738307 866081838 485210584
993754064 0 0 4
132313069 485210584 253130009 832653047
48991019 0 0 6
253130009 333738307 832653047 253130009 832653047 132313069
946181496 1 1 4
333738307 333738307 132313069 132313069
318437622 1 1 3
832653047 253130009 253130009
498656253 1 1 5
866081838 73187896 333738307 866081838 485210584
100871947 1 1 2
73187896 132313069
454940532 1 0 10
866081838 333738307 866081838 485210584 253130009 333738307 333738307 333738307 485210584 832653047
995022803 1 1 5
832653047 132313069 253130009 485210584 832653047
117064573 1 1 5
132313069 354961371 832653047 354961371 253130009
865991726 0 0 6
333738307 333738307 333738307 333738307 132313069 253130009
920617471 0 0 1
354961371
183081140 1 1 6
832653047 866081838 354961371 866081838 253130009 73187896
76880941 1 1 3
333738307 485210584 73187896
244005942 0 0 9
354961371 832653047 485210584 253130009 73187896 354961371 832653047 132313069 485210584
515463756 1 1 2
866081838 253130009
238700172 1 1 3
485210584 832653047 832653047
492752744 1 1 8
73187896 253130009 832653047 73187896 866081838 832653047 832653047 333738307
641474381 1 1 1
253130009
526124616 1 0 5
333738307 485210584 354961371 73187896 132313069
434182532 1 0 6
132313069 132313069 73187896 354961371 866081838 354961371
522410078 1 0 7
866081838 354961371 73187896 866081838 485210584 132313069 253130009
318437622 1 0 3
832653047 253130009 253130009
289544938 0 0 8
485210584 832653047 132313069 485210584 832653047 485210584 354961371 354961371
363507333 0 0 2
866081838 866081838
331161566 0 0 9
73187896 832653047 485210584 73187896 485210584 832653047 132313069 832653047 832653047
641474381 1 0 1
253130009
212504839 1 0 3
354961371 132313069 485210584
377525008 0 0 6
832653047 132313069 253130009 132313069 333738307 73187896
232316687 0 0 10
73187896 866081838 485210584 866081838 354961371 333738307 333738307 132313069 253130009 253130009
425502911 0 0 7
333738307 333738307 485210584 73187896 333738307 333738307 253130009
956864450 0 0 2
354961371 132313069
159470607 1 0 3
132313069 354961371 132313069
655618723 1 0 3
253130009 485210584 866081838
823035208 0 0 1
354961371
591607139 0 0 4
485210584 354961371 73187896 132313069
627594163 1 0 3
73187896 132313069 832653047
765891968 0 0 3
73187896 832653047 485210584
558674310 1 0 3
132313069 333738307 132313069
172303117 1 0 10
485210584 354961371 485210584 485210584 333738307 485210584 333738307 73187896 132313069 333738307
273494274 1 0 4
485210584 354961371 354961371 485210584
17509593 0 0 7
485210584 866081838 832653047 73187896 253130009 253130009 132313069
370391727 0 0 2
354961371 354961371
815159750 0 0 2
333738307 132313069
88227546 0 0 2
354961371 132313069
775393604 1 0 9
253130009 354961371 73187896 333738307 832653047 485210584 132313069 832653047 132313069
192053310 1 0 6
333738307 866081838 485210584 333738307 253130009 73187896
298346166 0 0 9
253130009 333738307 253130009 132313069 73187896 333738307 132313069 73187896 485210584
977994187 1 0 1
73187896
120893487 1 0 3
333738307 253130009 832653047
328482681 1 0 5
866081838 73187896 832653047 253130009 354961371
366099720 0 0 1
866081838
464463882 0 0 5
132313069 866081838 832653047 866081838 73187896
684434491 1 0 4
253130009 354961371 132313069 832653047
714285367 1 0 8
832653047 485210584 832653047 253130009 132313069 485210584 354961371 73187896
372478688 0 0 4
73187896 253130009 253130009 73187896
628045161 0 0 8
866081838 132313069 866081838 73187896 253130009 333738307 354961371 485210584
725822187 0 0 5
866081838 132313069 132313069 333738307 354961371
449913127 1 0 2
354961371 354961371
725535672 1 0 10
354961371 333738307 253130009 253130009 333738307 832653047 132313069 832653047 73187896 73187896
46602737 0 0 8
354961371 73187896 132313069 333738307 333738307 354961371 866081838 333738307
777260608 1 0 4
485210584 253130009 253130009 832653047
468141630 0 0 3
354961371 73187896 333738307
76880941 1 0 3
333738307 485210584 73187896
147058161 1 0 3
866081838 354961371 485210584
38589167 1 0 5
73187896 354961371 354961371 866081838 132313069
812886008 0 0 4
866081838 866081838 253130009 485210584
82209194 1 0 10
132313069 485210584 485210584 485210584 354961371 73187896 73187896 73187896 73187896 132313069
443203290 1 0 3
333738307 253130009 253130009
183081140 1 0 6
832653047 866081838 354961371 866081838 253130009 73187896
238700172 1 0 3
485210584 832653047 832653047
773617890 0 0 1
333738307
36288491 1 0 5
253130009 832653047 333738307 866081838 132313069
405554121 0 0 7
73187896 866081838 253130009 73187896 866081838 485210584 485210584
933885743 1 0 1
866081838
264019456 1 0 7
832653047 132313069 333738307 485210584 333738307 866081838 132313069
922704694 1 0 4
832653047 866081838 333738307 132313069
47762100 0 0 7
354961371 253130009 253130009 73187896 132313069 866081838 485210584
415917218 1 0 6
832653047 354961371 866081838 485210584 354961371 253130009
310951437 0 0 4
866081838 866081838 73187896 354961371
265216281 1 0 9
333738307 832653047 485210584 832653047 73187896 485210584 132313069 485210584 333738307
117064573 1 0 5
132313069 354961371 832653047 354961371 253130009
243599079 1 0 5
866081838 354961371 132313069 333738307 132313069
892175183 1 0 3
333738307 832653047 485210584
187704817 1 0 8
832653047 333738307 354961371 132313069 333738307 333738307 866081838 485210584
863835487 0 0 2
832653047 253130009
229341787 0 0 9
866081838 485210584 832653047 253130009 73187896 73187896 866081838 354961371 354961371
904856872 1 0 4
354961371 132313069 333738307 73187896
515463756 1 0 2
866081838 253130009
318667953 1 0 3
132313069 832653047 485210584
184877932 1 0 3
354961371 832653047 73187896
220665760 1 0 2
354961371 832653047
18292996 0 0 2
832653047 333738307
486289765 0 0 5
73187896 253130009 866081838 832653047 333738307
974212622 0 0 1
253130009
526414503 0 0 3
866081838 866081838 832653047
441781939 0 0 9
333738307 866081838 485210584 832653047 832653047 485210584 354961371 866081838 866081838
612327433 1 0 4
333738307 832653047 333738307 253130009
566041225 0 0 9
333738307 132313069 354961371 333738307 333738307 333738307 866081838 866081838 73187896
748430143 0 0 4
485210584 73187896 866081838 485210584
837424939 0 0 4
354961371 253130009 354961371 832653047
144167795 1 0 6
832653047 253130009 832653047 333738307 485210584 832653047
334087942 1 0 3
485210584 73187896 866081838
26217087 1 0 10
333738307 832653047 73187896 832653047 832653047 485210584 866081838 832653047 354961371 253130009
568523784 1 0 10
485210584 485210584 253130009 333738307 866081838 832653047 354961371 132313069 866081838 333738307
398399184 0 0 9
866081838 832653047 866081838 354961371 866081838 73187896 485210584 354961371 354961371
516309071 0 0 9
132313069 866081838 354961371 866081838 866081838 73187896 485210584 73187896 333738307
532726403 1 0 9
354961371 485210584 132313069 253130009 354961371 354961371 73187896 485210584 333738307
87054663 1 0 5
832653047 485210584 485210584 866081838 132313069
73607600 1 0 7
354961371 132313069 354961371 832653047 354961371 333738307 485210584
53578751 0 0 5
866081838 485210584 866081838 333738307 333738307
100871947 1 0 2
73187896 132313069
158856338 1 0 9
253130009 866081838 485210584 132313069 485210584 485210584 354961371 832653047 73187896
764208805 0 0 5
333738307 354961371 73187896 333738307 132313069
724940240 1 0 5
333738307 866081838 832653047 333738307 333738307
902128463 0 0 7
354961371 132313069 832653047 333738307 832653047 354961371 333738307
352882135 1 0 2
132313069 832653047
22578739 0 0 1
485210584
944151743 1 0 2
333738307 354961371
83767337 0 0 8
73187896 866081838 253130009 73187896 73187896 832653047 73187896 73187896
132461275 0 0 2
866081838 333738307
832967335 1 0 1
333738307
942110477 0 0 3
333738307 866081838 253130009
946181496 1 0 4
333738307 333738307 132313069 132313069
399244456 1 0 4
132313069 832653047 333738307 333738307
564624867 1 0 6
132313069 354961371 866081838 132313069 132313069 832653047
550671020 1 0 8
132313069 253130009 832653047 354961371 866081838 253130009 333738307 354961371
182753562 1 0 10
132313069 485210584 253130009 866081838 333738307 333738307 253130009 132313069 485210584 354961371
8173996 0 0 7
333738307 354961371 866081838 485210584 73187896 333738307 485210584
208014489 0 0 2
832653047 866081838
903237107 1 0 6
132313069 73187896 73187896 354961371 73187896 333738307
784342305 1 0 10
354961371 333738307 132313069 253130009 354961371 832653047 132313069 485210584 485210584 485210584
509908017 0 0 6
333738307 253130009 485210584 333738307 354961371 866081838
492752744 1 0 8
73187896 253130009 832653047 73187896 866081838 832653047 832653047 333738307
521783456 0 0 6
485210584 132313069 132313069 132313069 253130009 354961371
705416742 1 0 8
866081838 832653047 866081838 866081838 73187896 333738307 73187896 253130009
789977518 0 0 1
866081838
376782218 1 0 3
253130009 132313069 132313069
756225090 0 0 4
253130009 253130009 485210584 253130009
834792992 0 0 6
866081838 73187896 354961371 354961371 485210584 354961371
94987181 0 0 6
354961371 485210584 354961371 73187896 132313069 73187896
401601686 1 0 3
132313069 485210584 132313069
9172933 1 0 7
354961371 832653047 866081838 253130009 333738307 354961371 485210584
250498569 1 0 3
333738307 73187896 485210584
765674507 1 0 6
485210584 333738307 132313069 354961371 73187896 866081838
501635421 0 0 1
132313069
333536667 0 0 8
485210584 354961371 485210584 485210584 73187896 832653047 73187896 132313069
340264603 1 0 6
132313069 73187896 485210584 73187896 485210584 485210584
339915319 0 0 1
132313069
140991022 0 0 1
333738307
274339546 1 0 5
73187896 485210584 832653047 73187896 866081838
177566685 0 0 6
354961371 333738307 132313069 485210584 253130009 333738307
641212771 0 0 1
333738307
476815953 0 0 8
253130009 73187896 485210584 866081838 866081838 132313069 866081838 354961371
55619033 1 0 3
832653047 73187896 333738307
184493468 0 0 6
253130009 132313069 73187896 832653047 354961371 485210584
7998955 0 0 4
73187896 132313069 832653047 866081838
939064322 0 0 4
832653047 866081838 333738307 832653047
712602983 1 0 8
866081838 485210584 866081838 73187896 253130009 132313069 485210584 132313069
533550880 1 0 6
866081838 832653047 354961371 832653047 333738307 485210584
927518743 0 0 2
832653047 354961371
676585181 1 0 4
832653047 132313069 73187896 73187896
878266711 1 0 3
73187896 333738307 866081838
758925040 0 0 3
253130009 832653047 354961371
91483973 0 0 5
132313069 333738307 333738307 132313069 253130009
650050974 0 0 2
132313069 333738307
340858393 0 0 3
866081838 253130009 333738307
910121431 0 0 5
333738307 253130009 132313069 866081838 354961371
366621001 0 0 2
333738307 132313069
700240254 0 0 3
832653047 132313069 73187896
135624411 1 0 9
333738307 354961371 73187896 333738307 866081838 253130009 485210584 832653047 354961371
287082701 0 0 8
485210584 354961371 485210584 333738307 73187896 73187896 485210584 132313069
797942683 0 0 1
253130009
186530018 1 0 6
73187896 866081838 866081838 832653047 354961371 253130009
427833966 0 0 2
253130009 866081838
426042821 1 0 4
253130009 866081838 253130009 485210584
981831151 1 0 1
485210584
400350171 0 0 10
333738307 866081838 253130009 485210584 333738307 866081838 866081838 866081838 132313069 73187896
995022803 1 0 5
832653047 132313069 253130009 485210584 832653047
447006555 0 0 9
354961371 354961371 832653047 485210584 485210584 333738307 333738307 866081838 333738307
149086804 1 0 2
333738307 866081838
498656253 1 0 5
866081838 73187896 333738307 866081838 485210584
137879263 0 0 1
253130009
45180334 0 0 1
485210584
65638803 1 0 7
866081838 333738307 832653047 354961371 73187896 73187896 866081838
632507216 0 0 2
354961371 485210584
413643674 0 0 3
132313069 132313069 866081838
917292020 1 0 6
73187896 333738307 485210584 253130009 866081838 354961371
398772133 0 0 2
132313069 832653047
791495003 0 0 7
132313069 354961371 333738307 253130009 253130009 832653047 132313069
680406423 0 0 5
485210584 253130009 485210584 132313069 132313069
702738831 0 0 3
253130009 485210584 73187896
321025789 1 0 1
132313069
92373837 0 0 5
253130009 253130009 333738307 354961371 866081838
631917289 0 0 2
866081838 485210584
59788032 0 0 10
832653047 866081838 866081838 354961371 253130009 73187896 354961371 132313069 253130009 832653047
718846173 0 0 3
333738307 132313069 485210584
53422920 1 0 8
253130009 866081838 73187896 333738307 333738307 866081838 333738307 132313069
849875994 1 0 1
485210584
943528066 1 0 4
253130009 866081838 485210584 73187896
606740423 0 0 1
132313069
116666204 1 0 5
73187896 832653047 73187896 132313069 354961371
993888768 1 0 9
73187896 253130009 73187896 485210584 866081838 333738307 485210584 485210584 866081838
532346 1 0 4
832653047 333738307 832653047 73187896
333957121 1 0 2
333738307 866081838
747272569 1 0 5
832653047 333738307 253130009 73187896 73187896
166265931 1 0 5
253130009 132313069 333738307 73187896 73187896
725585425 1 0 1
485210584
269446604 1 0 7
866081838 253130009 253130009 866081838 132313069 866081838 866081838
610909464 1 0 9
253130009 832653047 73187896 832653047 832653047 73187896 866081838 832653047 253130009
563998480 1 0 4
132313069 73187896 485210584 866081838
904484943 1 0 2
354961371 253130009
302174100 1 0 3
866081838 866081838 253130009
26167804 1 0 2
132313069 832653047
213622351 1 0 6
354961371 866081838 132313069 354961371 354961371 866081838
282332383 1 0 3
354961371 866081838 253130009
639115001 1 0 2
485210584 333738307
833386850 1 0 10
333738307 253130009 132313069 485210584 253130009 73187896 832653047 132313069 253130009 73187896
415871804 1 0 1
132313069
71390212 1 0 2
253130009 832653047
58241193 1 0 8
253130009 866081838 333738307 354961371 132313069 333738307 333738307 832653047
368615057 1 0 2
73187896 253130009
270110513 1 0 1
333738307
462519955 1 0 5
354961371 866081838 354961371 333738307 132313069
631770976 1 0 6
73187896 354961371 73187896 832653047 333738307 866081838
328656936 1 0 1
132313069
123778966 1 0 1
253130009
25182232 1 0 6
253130009 73187896 333738307 354961371 73187896 485210584
998224287 1 0 4
866081838 866081838 354961371 333738307
701201612 1 0 9
73187896 253130009 132313069 73187896 73187896 132313069 73187896 73187896 333738307
35024652 1 0 3
485210584 253130009 485210584
