130
197809158 0 1 5
123148218 987882027 139947111 987882027 575996669
71051348 1 1 39
462408636 139947111 100791349 575996669 139947111 987882027 575996669 198846692 462408636 139947111 198846692 198846692 123148218 462408636 575996669 987882027 462408636 123148218 98472702 987882027 987882027 100791349 100791349 123148218 100791349 100791349 100791349 98472702 462408636 98472702 100791349 98472702 98472702 462408636 462408636 198846692 139947111 987882027 575996669
588964264 1 1 30
123148218 100791349 98472702 198846692 100791349 198846692 139947111 575996669 198846692 139947111 98472702 987882027 123148218 575996669 198846692 462408636 139947111 123148218 198846692 123148218 987882027 575996669 575996669 139947111 462408636 575996669 987882027 987882027 987882027 575996669
862746860 0 1 16
198846692 987882027 987882027 575996669 139947111 123148218 462408636 139947111 987882027 139947111 123148218 575996669 100791349 575996669 575996669 462408636
766323502 1 1 5
987882027 462408636 462408636 139947111 987882027
519720881 0 1 26
987882027 139947111 198846692 98472702 198846692 198846692 462408636 462408636 198846692 575996669 198846692 198846692 123148218 198846692 139947111 198846692 987882027 575996669 98472702 139947111 987882027 123148218 462408636 987882027 987882027 98472702
495573133 1 1 27
987882027 123148218 462408636 987882027 462408636 198846692 98472702 100791349 100791349 198846692 987882027 98472702 575996669 98472702 139947111 98472702 98472702 198846692 462408636 139947111 123148218 98472702 987882027 198846692 198846692 575996669 98472702
677222257 1 1 11
987882027 123148218 575996669 462408636 100791349 987882027 100791349 575996669 198846692 462408636 462408636
197809158 0 0 5
123148218 987882027 139947111 987882027 575996669
862746860 0 0 16
198846692 987882027 987882027 575996669 139947111 123148218 462408636 139947111 987882027 139947111 123148218 575996669 100791349 575996669 575996669 462408636
473556032 0 1 12
575996669 100791349 123148218 123148218 987882027 139947111 100791349 462408636 123148218 98472702 98472702 123148218
579099519 1 1 47
198846692 987882027 98472702 462408636 98472702 198846692 98472702 100791349 987882027 98472702 139947111 98472702 100791349 575996669 462408636 139947111 100791349 575996669 123148218 462408636 123148218 575996669 123148218 987882027 198846692 987882027 462408636 139947111 575996669 462408636 575996669 462408636 139947111 462408636 98472702 98472702 100791349 123148218 575996669 198846692 987882027 575996669 575996669 100791349 100791349 987882027 100791349
40327803 0 1 2
462408636 198846692
70188950 1 1 47
198846692 575996669 198846692 198846692 123148218 100791349 98472702 575996669 100791349 198846692 462408636 575996669 987882027 575996669 100791349 198846692 123148218 98472702 462408636 462408636 575996669 139947111 123148218 575996669 575996669 987882027 987882027 462408636 575996669 575996669 198846692 462408636 123148218 575996669 123148218 98472702 98472702 987882027 139947111 575996669 98472702 462408636 100791349 462408636 987882027 139947111 100791349
445708862 1 1 28
575996669 139947111 575996669 100791349 575996669 100791349 198846692 123148218 123148218 462408636 100791349 139947111 198846692 462408636 575996669 139947111 198846692 139947111 987882027 198846692 575996669 462408636 123148218 98472702 98472702 100791349 98472702 987882027
677222257 1 0 11
987882027 123148218 575996669 462408636 100791349 987882027 100791349 575996669 198846692 462408636 462408636
865030126 0 1 33
100791349 98472702 575996669 987882027 987882027 198846692 139947111 198846692 198846692 198846692 100791349 462408636 198846692 987882027 462408636 98472702 198846692 987882027 198846692 139947111 462408636 575996669 100791349 198846692 123148218 575996669 987882027 462408636 575996669 198846692 100791349 98472702 123148218
791457458 0 1 40
575996669 462408636 139947111 462408636 123148218 123148218 198846692 139947111 100791349 100791349 198846692 987882027 100791349 575996669 987882027 123148218 100791349 100791349 462408636 462408636 98472702 139947111 198846692 139947111 100791349 987882027 98472702 462408636 462408636 198846692 575996669 987882027 100791349 987882027 462408636 462408636 100791349 100791349 98472702 139947111
473556032 0 0 12
575996669 100791349 123148218 123148218 987882027 139947111 100791349 462408636 123148218 98472702 98472702 123148218
80282725 0 1 8
98472702 139947111 198846692 198846692 462408636 123148218 198846692 100791349
646250604 1 1 24
987882027 462408636 123148218 98472702 987882027 100791349 987882027 575996669 123148218 139947111 98472702 462408636 98472702 198846692 98472702 987882027 198846692 575996669 198846692 98472702 139947111 198846692 575996669 198846692
915643129 0 1 20
462408636 462408636 575996669 100791349 139947111 987882027 462408636 198846692 987882027 575996669 98472702 123148218 198846692 98472702 139947111 123148218 123148218 198846692 987882027 100791349
981372476 0 1 18
139947111 575996669 98472702 575996669 462408636 987882027 98472702 139947111 139947111 198846692 987882027 100791349 198846692 575996669 575996669 575996669 123148218 100791349
973953198 0 1 24
198846692 198846692 100791349 139947111 575996669 198846692 100791349 100791349 462408636 100791349 100791349 987882027 575996669 198846692 139947111 123148218 123148218 462408636 123148218 139947111 139947111 98472702 198846692 575996669
417853441 0 1 43
100791349 98472702 987882027 198846692 123148218 98472702 139947111 123148218 139947111 198846692 98472702 100791349 100791349 575996669 139947111 198846692 100791349 198846692 100791349 98472702 139947111 123148218 987882027 139947111 123148218 462408636 100791349 198846692 462408636 575996669 987882027 123148218 139947111 575996669 462408636 575996669 139947111 462408636 198846692 139947111 100791349 123148218 100791349
277179956 1 1 24
100791349 139947111 139947111 139947111 98472702 462408636 123148218 462408636 462408636 98472702 198846692 123148218 575996669 100791349 198846692 123148218 98472702 100791349 100791349 198846692 98472702 100791349 100791349 123148218
998674085 1 1 40
462408636 462408636 575996669 575996669 575996669 575996669 987882027 575996669 139947111 139947111 100791349 98472702 462408636 575996669 123148218 987882027 100791349 462408636 98472702 98472702 198846692 575996669 575996669 575996669 139947111 98472702 98472702 575996669 987882027 198846692 462408636 462408636 100791349 987882027 987882027 98472702 575996669 575996669 462408636 575996669
410316904 0 1 27
139947111 198846692 123148218 987882027 139947111 987882027 462408636 98472702 98472702 139947111 139947111 462408636 139947111 98472702 198846692 575996669 98472702 575996669 987882027 198846692 198846692 987882027 98472702 123148218 123148218 462408636 575996669
739588592 1 1 2
100791349 987882027
97146786 1 1 39
987882027 139947111 139947111 462408636 198846692 139947111 462408636 100791349 139947111 198846692 987882027 987882027 123148218 575996669 575996669 139947111 462408636 123148218 198846692 575996669 98472702 100791349 123148218 575996669 198846692 139947111 98472702 198846692 987882027 198846692 462408636 575996669 100791349 462408636 987882027 987882027 462408636 139947111 198846692
981372476 0 0 18
139947111 575996669 98472702 575996669 462408636 987882027 98472702 139947111 139947111 198846692 987882027 100791349 198846692 575996669 575996669 575996669 123148218 100791349
609163595 1 1 13
987882027 98472702 462408636 123148218 123148218 139947111 987882027 462408636 123148218 123148218 100791349 123148218 987882027
840379940 1 1 46
462408636 198846692 987882027 98472702 198846692 575996669 100791349 198846692 462408636 575996669 987882027 198846692 987882027 462408636 100791349 575996669 198846692 123148218 198846692 139947111 123148218 198846692 462408636 98472702 139947111 123148218 139947111 139947111 123148218 123148218 198846692 575996669 139947111 98472702 139947111 198846692 139947111 100791349 987882027 462408636 98472702 575996669 100791349 462408636 987882027 139947111
72811356 0 1 35
198846692 98472702 198846692 575996669 198846692 575996669 987882027 462408636 575996669 987882027 575996669 198846692 98472702 100791349 198846692 100791349 100791349 987882027 100791349 462408636 575996669 123148218 198846692 100791349 462408636 123148218 100791349 98472702 123148218 575996669 139947111 139947111 462408636 198846692 987882027
37676615 0 1 27
123148218 987882027 123148218 198846692 98472702 987882027 987882027 575996669 198846692 100791349 123148218 987882027 123148218 198846692 100791349 139947111 987882027 123148218 123148218 198846692 987882027 98472702 98472702 987882027 198846692 198846692 198846692
828261966 0 1 37
139947111 123148218 100791349 123148218 139947111 575996669 100791349 139947111 100791349 987882027 100791349 462408636 575996669 462408636 100791349 98472702 462408636 100791349 987882027 987882027 987882027 987882027 462408636 462408636 575996669 100791349 100791349 462408636 575996669 100791349 575996669 575996669 462408636 98472702 198846692 462408636 139947111
270620513 1 1 2
575996669 123148218
108727963 0 1 39
198846692 575996669 139947111 987882027 575996669 987882027 575996669 123148218 139947111 139947111 198846692 123148218 100791349 123148218 198846692 139947111 198846692 98472702 462408636 123148218 123148218 198846692 123148218 123148218 100791349 98472702 198846692 98472702 462408636 139947111 139947111 100791349 575996669 139947111 198846692 100791349 987882027 462408636 462408636
269742581 0 1 26
123148218 575996669 98472702 139947111 575996669 123148218 98472702 139947111 98472702 139947111 198846692 987882027 123148218 987882027 98472702 139947111 462408636 198846692 139947111 98472702 987882027 987882027 98472702 98472702 198846692 98472702
133367373 1 1 25
123148218 98472702 987882027 198846692 100791349 987882027 462408636 462408636 98472702 462408636 198846692 98472702 100791349 98472702 987882027 100791349 100791349 987882027 123148218 987882027 139947111 987882027 575996669 987882027 98472702
727567816 0 1 23
100791349 987882027 575996669 462408636 462408636 123148218 100791349 123148218 100791349 123148218 575996669 575996669 987882027 462408636 139947111 198846692 100791349 987882027 987882027 139947111 987882027 123148218 139947111
789463462 1 1 35
575996669 575996669 987882027 139947111 98472702 198846692 139947111 139947111 100791349 462408636 123148218 139947111 987882027 98472702 123148218 123148218 139947111 100791349 987882027 462408636 139947111 198846692 139947111 987882027 198846692 987882027 100791349 198846692 575996669 462408636 98472702 100791349 987882027 462408636 123148218
37676615 0 0 27
123148218 987882027 123148218 198846692 98472702 987882027 987882027 575996669 198846692 100791349 123148218 987882027 123148218 198846692 100791349 139947111 987882027 123148218 123148218 198846692 987882027 98472702 98472702 987882027 198846692 198846692 198846692
865030126 0 0 33
100791349 98472702 575996669 987882027 987882027 198846692 139947111 198846692 198846692 198846692 100791349 462408636 198846692 987882027 462408636 98472702 198846692 987882027 198846692 139947111 462408636 575996669 100791349 198846692 123148218 575996669 987882027 462408636 575996669 198846692 100791349 98472702 123148218
481456857 0 1 24
98472702 123148218 198846692 98472702 98472702 98472702 198846692 98472702 123148218 100791349 462408636 139947111 198846692 575996669 100791349 98472702 987882027 575996669 575996669 575996669 987882027 198846692 139947111 198846692
410316904 0 0 27
139947111 198846692 123148218 987882027 139947111 987882027 462408636 98472702 98472702 139947111 139947111 462408636 139947111 98472702 198846692 575996669 98472702 575996669 987882027 198846692 198846692 987882027 98472702 123148218 123148218 462408636 575996669
257306425 1 1 42
100791349 123148218 139947111 987882027 987882027 98472702 462408636 198846692 100791349 575996669 987882027 575996669 987882027 98472702 100791349 198846692 100791349 198846692 462408636 198846692 462408636 139947111 575996669 98472702 198846692 987882027 123148218 575996669 575996669 139947111 462408636 98472702 123148218 462408636 98472702 100791349 100791349 198846692 987882027 139947111 98472702 575996669
115535845 0 1 14
98472702 100791349 123148218 123148218 123148218 139947111 987882027 123148218 987882027 462408636 139947111 575996669 575996669 575996669
60556375 0 1 18
575996669 198846692 139947111 139947111 987882027 100791349 100791349 987882027 123148218 575996669 123148218 198846692 987882027 575996669 575996669 198846692 100791349 198846692
297634227 0 1 47
123148218 198846692 198846692 123148218 462408636 462408636 198846692 123148218 987882027 98472702 100791349 98472702 98472702 100791349 98472702 987882027 139947111 462408636 100791349 575996669 575996669 987882027 123148218 123148218 123148218 139947111 462408636 462408636 139947111 123148218 198846692 123148218 462408636 987882027 98472702 98472702 139947111 123148218 139947111 139947111 987882027 100791349 98472702 98472702 139947111 100791349 462408636
185724795 1 1 22
987882027 100791349 100791349 123148218 462408636 98472702 123148218 98472702 198846692 575996669 987882027 575996669 198846692 139947111 123148218 575996669 198846692 575996669 198846692 198846692 575996669 198846692
358781588 1 1 24
987882027 123148218 575996669 139947111 98472702 198846692 139947111 575996669 987882027 123148218 987882027 462408636 98472702 462408636 100791349 139947111 462408636 198846692 100791349 462408636 139947111 98472702 100791349 575996669
162664352 1 1 45
139947111 575996669 123148218 123148218 575996669 98472702 198846692 575996669 100791349 575996669 575996669 198846692 575996669 198846692 98472702 987882027 575996669 100791349 100791349 575996669 123148218 987882027 98472702 575996669 987882027 100791349 198846692 575996669 98472702 98472702 98472702 98472702 462408636 987882027 139947111 987882027 462408636 198846692 123148218 575996669 98472702 100791349 462408636 139947111 987882027
185724795 1 0 22
987882027 100791349 100791349 123148218 462408636 98472702 123148218 98472702 198846692 575996669 987882027 575996669 198846692 139947111 123148218 575996669 198846692 575996669 198846692 198846692 575996669 198846692
829698604 1 1 49
100791349 98472702 575996669 198846692 98472702 198846692 575996669 139947111 123148218 139947111 98472702 987882027 462408636 98472702 987882027 139947111 198846692 198846692 575996669 462408636 123148218 98472702 98472702 123148218 462408636 575996669 100791349 987882027 123148218 139947111 198846692 98472702 98472702 462408636 123148218 100791349 100791349 198846692 100791349 462408636 198846692 987882027 462408636 123148218 462408636 139947111 123148218 100791349 198846692
291580665 1 1 41
123148218 139947111 123148218 987882027 575996669 98472702 575996669 100791349 98472702 462408636 575996669 100791349 98472702 198846692 462408636 987882027 575996669 123148218 139947111 462408636 100791349 462408636 575996669 123148218 98472702 100791349 98472702 123148218 987882027 139947111 575996669 123148218 139947111 198846692 100791349 987882027 123148218 98472702 198846692 987882027 198846692
808914956 1 1 15
100791349 123148218 100791349 98472702 98472702 123148218 198846692 987882027 575996669 98472702 100791349 139947111 575996669 575996669 575996669
808914956 1 0 15
100791349 123148218 100791349 98472702 98472702 123148218 198846692 987882027 575996669 98472702 100791349 139947111 575996669 575996669 575996669
745341732 0 1 18
575996669 575996669 123148218 139947111 462408636 100791349 198846692 98472702 139947111 462408636 575996669 123148218 123148218 139947111 139947111 98472702 198846692 987882027
646250604 1 0 24
987882027 462408636 123148218 98472702 987882027 100791349 987882027 575996669 123148218 139947111 98472702 462408636 98472702 198846692 98472702 987882027 198846692 575996669 198846692 98472702 139947111 198846692 575996669 198846692
125469492 1 1 19
987882027 462408636 139947111 198846692 198846692 987882027 198846692 98472702 123148218 139947111 98472702 575996669 100791349 575996669 139947111 123148218 987882027 575996669 98472702
481456857 0 0 24
98472702 123148218 198846692 98472702 98472702 98472702 198846692 98472702 123148218 100791349 462408636 139947111 198846692 575996669 100791349 98472702 987882027 575996669 575996669 575996669 987882027 198846692 139947111 198846692
609163595 1 0 13
987882027 98472702 462408636 123148218 123148218 139947111 987882027 462408636 123148218 123148218 100791349 123148218 987882027
635384505 0 1 28
462408636 198846692 987882027 462408636 100791349 987882027 100791349 987882027 987882027 987882027 462408636 100791349 987882027 100791349 198846692 100791349 98472702 198846692 462408636 462408636 98472702 198846692 123148218 139947111 575996669 100791349 98472702 987882027
745341732 0 0 18
575996669 575996669 123148218 139947111 462408636 100791349 198846692 98472702 139947111 462408636 575996669 123148218 123148218 139947111 139947111 98472702 198846692 987882027
15711525 0 1 40
987882027 462408636 198846692 198846692 139947111 98472702 198846692 98472702 575996669 98472702 575996669 462408636 575996669 139947111 123148218 987882027 462408636 987882027 198846692 575996669 987882027 462408636 198846692 98472702 139947111 987882027 100791349 123148218 123148218 462408636 139947111 100791349 98472702 198846692 139947111 98472702 123148218 198846692 100791349 100791349
402649447 1 1 2
100791349 98472702
486574941 0 1 48
462408636 575996669 98472702 462408636 987882027 123148218 198846692 139947111 100791349 987882027 123148218 98472702 139947111 123148218 575996669 98472702 462408636 575996669 100791349 575996669 462408636 462408636 98472702 987882027 198846692 139947111 198846692 575996669 98472702 575996669 462408636 100791349 123148218 198846692 123148218 100791349 139947111 139947111 100791349 123148218 987882027 462408636 987882027 987882027 987882027 123148218 462408636 139947111
915643129 0 0 20
462408636 462408636 575996669 100791349 139947111 987882027 462408636 198846692 987882027 575996669 98472702 123148218 198846692 98472702 139947111 123148218 123148218 198846692 987882027 100791349
426028428 1 1 2
100791349 98472702
402649447 1 0 2
100791349 98472702
257306425 1 0 42
100791349 123148218 139947111 987882027 987882027 98472702 462408636 198846692 100791349 575996669 987882027 575996669 987882027 98472702 100791349 198846692 100791349 198846692 462408636 198846692 462408636 139947111 575996669 98472702 198846692 987882027 123148218 575996669 575996669 139947111 462408636 98472702 123148218 462408636 98472702 100791349 100791349 198846692 987882027 139947111 98472702 575996669
142238038 1 1 1
100791349
583721727 1 1 1
100791349
35192022 0 1 14
462408636 98472702 100791349 987882027 198846692 100791349 198846692 462408636 198846692 139947111 987882027 100791349 123148218 462408636
982617978 1 1 1
139947111
72811356 0 0 35
198846692 98472702 198846692 575996669 198846692 575996669 987882027 462408636 575996669 987882027 575996669 198846692 98472702 100791349 198846692 100791349 100791349 987882027 100791349 462408636 575996669 123148218 198846692 100791349 462408636 123148218 100791349 98472702 123148218 575996669 139947111 139947111 462408636 198846692 987882027
656533082 1 1 1
123148218
72868637 1 1 1
139947111
663396295 0 1 18
987882027 198846692 139947111 98472702 987882027 198846692 198846692 98472702 100791349 198846692 575996669 462408636 100791349 198846692 123148218 575996669 100791349 139947111
358781588 1 0 24
987882027 123148218 575996669 139947111 98472702 198846692 139947111 575996669 987882027 123148218 987882027 462408636 98472702 462408636 100791349 139947111 462408636 198846692 100791349 462408636 139947111 98472702 100791349 575996669
71051348 1 0 39
462408636 139947111 100791349 575996669 139947111 987882027 575996669 198846692 462408636 139947111 198846692 198846692 123148218 462408636 575996669 987882027 462408636 123148218 98472702 987882027 987882027 100791349 100791349 123148218 100791349 100791349 100791349 98472702 462408636 98472702 100791349 98472702 98472702 462408636 462408636 198846692 139947111 987882027 575996669
927153594 0 1 16
575996669 575996669 98472702 139947111 123148218 123148218 139947111 987882027 100791349 100791349 198846692 987882027 139947111 575996669 123148218 462408636
34112951 0 1 3
139947111 123148218 575996669
70188950 1 0 47
198846692 575996669 198846692 198846692 123148218 100791349 98472702 575996669 100791349 198846692 462408636 575996669 987882027 575996669 100791349 198846692 123148218 98472702 462408636 462408636 575996669 139947111 123148218 575996669 575996669 987882027 987882027 462408636 575996669 575996669 198846692 462408636 123148218 575996669 123148218 98472702 98472702 987882027 139947111 575996669 98472702 462408636 100791349 462408636 987882027 139947111 100791349
791457458 0 0 40
575996669 462408636 139947111 462408636 123148218 123148218 198846692 139947111 100791349 100791349 198846692 987882027 100791349 575996669 987882027 123148218 100791349 100791349 462408636 462408636 98472702 139947111 198846692 139947111 100791349 987882027 98472702 462408636 462408636 198846692 575996669 987882027 100791349 987882027 462408636 462408636 100791349 100791349 98472702 139947111
97146786 1 0 39
987882027 139947111 139947111 462408636 198846692 139947111 462408636 100791349 139947111 198846692 987882027 987882027 123148218 575996669 575996669 139947111 462408636 123148218 198846692 575996669 98472702 100791349 123148218 575996669 198846692 139947111 98472702 198846692 987882027 198846692 462408636 575996669 100791349 462408636 987882027 987882027 462408636 139947111 198846692
426028428 1 0 2
100791349 98472702
133367373 1 0 25
123148218 98472702 987882027 198846692 100791349 987882027 462408636 462408636 98472702 462408636 198846692 98472702 100791349 98472702 987882027 100791349 100791349 987882027 123148218 987882027 139947111 987882027 575996669 987882027 98472702
108727963 0 0 39
198846692 575996669 139947111 987882027 575996669 987882027 575996669 123148218 139947111 139947111 198846692 123148218 100791349 123148218 198846692 139947111 198846692 98472702 462408636 123148218 123148218 198846692 123148218 123148218 100791349 98472702 198846692 98472702 462408636 139947111 139947111 100791349 575996669 139947111 198846692 100791349 987882027 462408636 462408636
785655228 0 1 1
100791349
297634227 0 0 47
123148218 198846692 198846692 123148218 462408636 462408636 198846692 123148218 987882027 98472702 100791349 98472702 98472702 100791349 98472702 987882027 139947111 462408636 100791349 575996669 575996669 987882027 123148218 123148218 123148218 139947111 462408636 462408636 139947111 123148218 198846692 123148218 462408636 987882027 98472702 98472702 139947111 123148218 139947111 139947111 987882027 100791349 98472702 98472702 139947111 100791349 462408636
739588592 1 0 2
100791349 987882027
142238038 1 0 1
100791349
445708862 1 0 28
575996669 139947111 575996669 100791349 575996669 100791349 198846692 123148218 123148218 462408636 100791349 139947111 198846692 462408636 575996669 139947111 198846692 139947111 987882027 198846692 575996669 462408636 123148218 98472702 98472702 100791349 98472702 987882027
495573133 1 0 27
987882027 123148218 462408636 987882027 462408636 198846692 98472702 100791349 100791349 198846692 987882027 98472702 575996669 98472702 139947111 98472702 98472702 198846692 462408636 139947111 123148218 98472702 987882027 198846692 198846692 575996669 98472702
486574941 0 0 48
462408636 575996669 98472702 462408636 987882027 123148218 198846692 139947111 100791349 987882027 123148218 98472702 139947111 123148218 575996669 98472702 462408636 575996669 100791349 575996669 462408636 462408636 98472702 987882027 198846692 139947111 198846692 575996669 98472702 575996669 462408636 100791349 123148218 198846692 123148218 100791349 139947111 139947111 100791349 123148218 987882027 462408636 987882027 987882027 987882027 123148218 462408636 139947111
40327803 0 0 2
462408636 198846692
277179956 1 0 24
100791349 139947111 139947111 139947111 98472702 462408636 123148218 462408636 462408636 98472702 198846692 123148218 575996669 100791349 198846692 123148218 98472702 100791349 100791349 198846692 98472702 100791349 100791349 123148218
982617978 1 0 1
139947111
270620513 1 0 2
575996669 123148218
583721727 1 0 1
100791349
973953198 0 0 24
198846692 198846692 100791349 139947111 575996669 198846692 100791349 100791349 462408636 100791349 100791349 987882027 575996669 198846692 139947111 123148218 123148218 462408636 123148218 139947111 139947111 98472702 198846692 575996669
417853441 0 0 43
100791349 98472702 987882027 198846692 123148218 98472702 139947111 123148218 139947111 198846692 98472702 100791349 100791349 575996669 139947111 198846692 100791349 198846692 100791349 98472702 139947111 123148218 987882027 139947111 123148218 462408636 100791349 198846692 462408636 575996669 987882027 123148218 139947111 575996669 462408636 575996669 139947111 462408636 198846692 139947111 100791349 123148218 100791349
269742581 0 0 26
123148218 575996669 98472702 139947111 575996669 123148218 98472702 139947111 98472702 139947111 198846692 987882027 123148218 987882027 98472702 139947111 462408636 198846692 139947111 98472702 987882027 987882027 98472702 98472702 198846692 98472702
663396295 0 0 18
987882027 198846692 139947111 98472702 987882027 198846692 198846692 98472702 100791349 198846692 575996669 462408636 100791349 198846692 123148218 575996669 100791349 139947111
785655228 0 0 1
100791349
656533082 1 0 1
123148218
579099519 1 0 47
198846692 987882027 98472702 462408636 98472702 198846692 98472702 100791349 987882027 98472702 139947111 98472702 100791349 575996669 462408636 139947111 100791349 575996669 123148218 462408636 123148218 575996669 123148218 987882027 198846692 987882027 462408636 139947111 575996669 462408636 575996669 462408636 139947111 462408636 98472702 98472702 100791349 123148218 575996669 198846692 987882027 575996669 575996669 100791349 100791349 987882027 100791349
588964264 1 0 30
123148218 100791349 98472702 198846692 100791349 198846692 139947111 575996669 198846692 139947111 98472702 987882027 123148218 575996669 198846692 462408636 139947111 123148218 198846692 123148218 987882027 575996669 575996669 139947111 462408636 575996669 987882027 987882027 987882027 575996669
727567816 0 0 23
100791349 987882027 575996669 462408636 462408636 123148218 100791349 123148218 100791349 123148218 575996669 575996669 987882027 462408636 139947111 198846692 100791349 987882027 987882027 139947111 987882027 123148218 139947111
291580665 1 0 41
123148218 139947111 123148218 987882027 575996669 98472702 575996669 100791349 98472702 462408636 575996669 100791349 98472702 198846692 462408636 987882027 575996669 123148218 139947111 462408636 100791349 462408636 575996669 123148218 98472702 100791349 98472702 123148218 987882027 139947111 575996669 123148218 139947111 198846692 100791349 987882027 123148218 98472702 198846692 987882027 198846692
125469492 1 0 19
987882027 462408636 139947111 198846692 198846692 987882027 198846692 98472702 123148218 139947111 98472702 575996669 100791349 575996669 139947111 123148218 987882027 575996669 98472702
766323502 1 0 5
987882027 462408636 462408636 139947111 987882027
60556375 0 0 18
575996669 198846692 139947111 139947111 987882027 100791349 100791349 987882027 123148218 575996669 123148218 198846692 987882027 575996669 575996669 198846692 100791349 198846692
998674085 1 0 40
462408636 462408636 575996669 575996669 575996669 575996669 987882027 575996669 139947111 139947111 100791349 98472702 462408636 575996669 123148218 987882027 100791349 462408636 98472702 98472702 198846692 575996669 575996669 575996669 139947111 98472702 98472702 575996669 987882027 198846692 462408636 462408636 100791349 987882027 987882027 98472702 575996669 575996669 462408636 575996669
789463462 1 0 35
575996669 575996669 987882027 139947111 98472702 198846692 139947111 139947111 100791349 462408636 123148218 139947111 987882027 98472702 123148218 123148218 139947111 100791349 987882027 462408636 139947111 198846692 139947111 987882027 198846692 987882027 100791349 198846692 575996669 462408636 98472702 100791349 987882027 462408636 123148218
72868637 1 0 1
139947111
829698604 1 0 49
100791349 98472702 575996669 198846692 98472702 198846692 575996669 139947111 123148218 139947111 98472702 987882027 462408636 98472702 987882027 139947111 198846692 198846692 575996669 462408636 123148218 98472702 98472702 123148218 462408636 575996669 100791349 987882027 123148218 139947111 198846692 98472702 98472702 462408636 123148218 100791349 100791349 198846692 100791349 462408636 198846692 987882027 462408636 123148218 462408636 139947111 123148218 100791349 198846692
840379940 1 0 46
462408636 198846692 987882027 98472702 198846692 575996669 100791349 198846692 462408636 575996669 987882027 198846692 987882027 462408636 100791349 575996669 198846692 123148218 198846692 139947111 123148218 198846692 462408636 98472702 139947111 123148218 139947111 139947111 123148218 123148218 198846692 575996669 139947111 98472702 139947111 198846692 139947111 100791349 987882027 462408636 98472702 575996669 100791349 462408636 987882027 139947111
15711525 0 0 40
987882027 462408636 198846692 198846692 139947111 98472702 198846692 98472702 575996669 98472702 575996669 462408636 575996669 139947111 123148218 987882027 462408636 987882027 198846692 575996669 987882027 462408636 198846692 98472702 139947111 987882027 100791349 123148218 123148218 462408636 139947111 100791349 98472702 198846692 139947111 98472702 123148218 198846692 100791349 100791349
162664352 1 0 45
139947111 575996669 123148218 123148218 575996669 98472702 198846692 575996669 100791349 575996669 575996669 198846692 575996669 198846692 98472702 987882027 575996669 100791349 100791349 575996669 123148218 987882027 98472702 575996669 987882027 100791349 198846692 575996669 98472702 98472702 98472702 98472702 462408636 987882027 139947111 987882027 462408636 198846692 123148218 575996669 98472702 100791349 462408636 139947111 987882027
35192022 0 0 14
462408636 98472702 100791349 987882027 198846692 100791349 198846692 462408636 198846692 139947111 987882027 100791349 123148218 462408636
927153594 0 0 16
575996669 575996669 98472702 139947111 123148218 123148218 139947111 987882027 100791349 100791349 198846692 987882027 139947111 575996669 123148218 462408636
80282725 0 0 8
98472702 139947111 198846692 198846692 462408636 123148218 198846692 100791349
34112951 0 0 3
139947111 123148218 575996669
635384505 0 0 28
462408636 198846692 987882027 462408636 100791349 987882027 100791349 987882027 987882027 987882027 462408636 100791349 987882027 100791349 198846692 100791349 98472702 198846692 462408636 462408636 98472702 198846692 123148218 139947111 575996669 100791349 98472702 987882027
519720881 0 0 26
987882027 139947111 198846692 98472702 198846692 198846692 462408636 462408636 198846692 575996669 198846692 198846692 123148218 198846692 139947111 198846692 987882027 575996669 98472702 139947111 987882027 123148218 462408636 987882027 987882027 98472702
828261966 0 0 37
139947111 123148218 100791349 123148218 139947111 575996669 100791349 139947111 100791349 987882027 100791349 462408636 575996669 462408636 100791349 98472702 462408636 100791349 987882027 987882027 987882027 987882027 462408636 462408636 575996669 100791349 100791349 462408636 575996669 100791349 575996669 575996669 462408636 98472702 198846692 462408636 139947111
115535845 0 0 14
98472702 100791349 123148218 123148218 123148218 139947111 987882027 123148218 987882027 462408636 139947111 575996669 575996669 575996669
