1476
411553524 1 1 3
962335366 340612019 576346546
952790701 1 1 3
369338400 576346546 465978408
729401424 0 1 1
419488154
643334002 0 1 2
419488154 94007939
690117995 1 1 1
340612019
729401424 0 0 1
419488154
397155613 0 1 1
94007939
397155613 0 0 1
94007939
935462643 1 1 2
94007939 962335366
75280835 0 1 2
340612019 911058219
521929945 1 1 1
340612019
88674652 0 1 1
911058219
833785204 1 1 1
340612019
851481146 0 1 3
576346546 258662308 576346546
973426252 1 1 3
465978408 465978408 576346546
384015927 1 1 3
340612019 576346546 340612019
384015927 1 0 3
340612019 576346546 340612019
197275342 1 1 1
576346546
439107417 1 1 1
419488154
545708457 0 1 1
258662308
843981938 0 1 1
465978408
85046613 0 1 1
465978408
297256153 1 1 1
911058219
700032696 0 1 2
465978408 576346546
781973918 1 1 3
962335366 465978408 94007939
763234560 0 1 1
962335366
958695003 1 1 3
576346546 419488154 962335366
122585936 0 1 3
369338400 94007939 369338400
339581105 1 1 1
258662308
230699508 1 1 3
576346546 94007939 465978408
344440687 1 1 3
94007939 258662308 258662308
103155675 0 1 3
576346546 911058219 576346546
45551226 1 1 3
94007939 576346546 419488154
438448626 1 1 2
911058219 911058219
514709198 1 1 1
576346546
998341926 1 1 1
369338400
20366401 1 1 2
465978408 465978408
10559551 1 1 1
258662308
540976272 1 1 2
911058219 419488154
270038365 1 1 3
962335366 94007939 369338400
946022194 0 1 1
258662308
468773458 1 1 3
962335366 576346546 911058219
75280835 0 0 2
340612019 911058219
791968309 0 1 3
94007939 94007939 911058219
887213197 0 1 1
340612019
302558662 1 1 3
465978408 369338400 258662308
643449454 1 1 2
340612019 465978408
438448626 1 0 2
911058219 911058219
713155801 1 1 1
911058219
686574588 1 1 3
94007939 340612019 465978408
840724795 1 1 1
419488154
4779569 0 1 2
94007939 962335366
411553524 1 0 3
962335366 340612019 576346546
84799396 1 1 1
962335366
537223085 1 1 3
340612019 962335366 340612019
89826181 1 1 3
911058219 962335366 911058219
382055548 0 1 1
94007939
89772132 0 1 1
419488154
887213197 0 0 1
340612019
851481146 0 0 3
576346546 258662308 576346546
871800098 0 1 3
576346546 340612019 576346546
145290108 0 1 1
576346546
900983486 1 1 1
369338400
846902386 1 1 1
911058219
791968309 0 0 3
94007939 94007939 911058219
337387564 0 1 3
258662308 962335366 94007939
468773458 1 0 3
962335366 576346546 911058219
131682994 0 1 2
258662308 419488154
230699508 1 0 3
576346546 94007939 465978408
43859424 0 1 2
911058219 576346546
293059591 1 1 3
465978408 465978408 465978408
29750571 1 1 3
576346546 340612019 340612019
482308049 1 1 3
369338400 258662308 94007939
807768788 0 1 2
962335366 962335366
28092496 1 1 2
911058219 576346546
355190801 1 1 2
340612019 258662308
818328339 1 1 2
962335366 465978408
421585119 0 1 2
94007939 340612019
625229165 0 1 2
911058219 911058219
840724795 1 0 1
419488154
616866884 0 1 2
911058219 94007939
890358577 1 1 1
94007939
700032696 0 0 2
465978408 576346546
417197473 1 1 3
911058219 465978408 576346546
356596432 0 1 3
962335366 419488154 94007939
45433590 1 1 2
94007939 340612019
913163279 1 1 1
962335366
69752232 1 1 1
962335366
732008177 1 1 2
94007939 419488154
103155675 0 0 3
576346546 911058219 576346546
606404425 1 1 1
911058219
74531800 0 1 1
369338400
669323924 1 1 1
369338400
143627509 1 1 2
465978408 962335366
16874333 0 1 3
962335366 576346546 576346546
51379471 0 1 3
911058219 576346546 911058219
29750571 1 0 3
576346546 340612019 340612019
85915992 0 1 3
419488154 465978408 369338400
888674430 0 1 2
369338400 576346546
49185930 0 1 3
340612019 369338400 94007939
986899478 0 1 1
94007939
588093167 1 1 3
340612019 340612019 340612019
239089846 0 1 3
369338400 962335366 340612019
197275342 1 0 1
576346546
888674430 0 0 2
369338400 576346546
971098823 0 1 1
962335366
846902386 1 0 1
911058219
946022194 0 0 1
258662308
890358577 1 0 1
94007939
45551226 1 0 3
94007939 576346546 419488154
843981938 0 0 1
465978408
631952591 0 1 3
465978408 911058219 340612019
532149436 0 1 3
340612019 369338400 258662308
849393 1 1 3
340612019 340612019 576346546
966776991 1 1 2
369338400 369338400
192434575 0 1 1
576346546
881458240 1 1 1
369338400
321967792 0 1 3
94007939 419488154 962335366
863279265 0 1 1
962335366
155559710 0 1 2
962335366 419488154
947196956 0 1 3
911058219 911058219 962335366
332662500 0 1 2
911058219 576346546
45918286 0 1 2
369338400 340612019
216910781 1 1 2
94007939 911058219
689258932 1 1 2
419488154 369338400
91351875 1 1 3
465978408 369338400 419488154
130074059 1 1 3
576346546 465978408 94007939
807768788 0 0 2
962335366 962335366
611527515 1 1 1
258662308
675876403 0 1 2
962335366 340612019
973426252 1 0 3
465978408 465978408 576346546
302558662 1 0 3
465978408 369338400 258662308
588994835 0 1 2
94007939 369338400
538575667 0 1 3
465978408 465978408 576346546
345200326 0 1 1
962335366
585138696 1 1 1
911058219
521929945 1 0 1
340612019
555449999 1 1 3
258662308 94007939 94007939
249096149 1 1 3
369338400 576346546 258662308
671054687 0 1 1
419488154
296640780 1 1 3
419488154 911058219 340612019
971098823 0 0 1
962335366
150798430 0 1 3
94007939 962335366 576346546
510470516 0 1 3
465978408 94007939 419488154
737250299 1 1 3
340612019 258662308 258662308
242404627 1 1 2
465978408 911058219
334085690 1 1 2
340612019 911058219
221719241 0 1 3
962335366 419488154 576346546
774554062 1 1 1
911058219
187451434 1 1 1
369338400
188496231 0 1 1
962335366
143627509 1 0 2
465978408 962335366
819504989 0 1 3
94007939 369338400 419488154
355190801 1 0 2
340612019 258662308
921426025 1 1 3
465978408 340612019 258662308
713155801 1 0 1
911058219
344440687 1 0 3
94007939 258662308 258662308
362980374 0 1 2
419488154 340612019
682784253 1 1 3
465978408 911058219 340612019
76985735 1 1 3
340612019 962335366 465978408
737250299 1 0 3
340612019 258662308 258662308
162693682 1 1 1
340612019
15446753 0 1 1
94007939
122904020 0 1 2
369338400 419488154
379604462 0 1 2
962335366 962335366
557222036 1 1 3
465978408 340612019 911058219
66772247 1 1 3
962335366 576346546 576346546
362194872 1 1 3
258662308 419488154 258662308
122904020 0 0 2
369338400 419488154
21265902 0 1 1
94007939
742648649 0 1 1
576346546
951189706 1 1 3
911058219 369338400 465978408
412357920 0 1 2
340612019 340612019
940365327 0 1 3
94007939 419488154 911058219
388844753 1 1 3
94007939 576346546 258662308
362980374 0 0 2
419488154 340612019
967807918 0 1 1
962335366
41977827 0 1 1
419488154
514709198 1 0 1
576346546
59899440 0 1 2
258662308 911058219
116965050 0 1 1
340612019
51379471 0 0 3
911058219 576346546 911058219
192776256 0 1 1
369338400
422886307 1 1 3
576346546 258662308 911058219
854215348 1 1 1
911058219
435180883 1 1 3
258662308 369338400 962335366
609488349 0 1 1
465978408
75934588 1 1 1
419488154
921426025 1 0 3
465978408 340612019 258662308
270038365 1 0 3
962335366 94007939 369338400
62251296 0 1 3
962335366 419488154 369338400
796939782 1 1 2
576346546 962335366
116947170 0 1 1
340612019
881756284 0 1 2
962335366 94007939
570882159 1 1 3
369338400 258662308 465978408
479927544 0 1 3
576346546 258662308 962335366
192776256 0 0 1
369338400
417056889 1 1 1
94007939
647867893 1 1 1
340612019
642621225 1 1 2
911058219 419488154
285019993 0 1 3
369338400 340612019 962335366
623288264 0 1 3
94007939 962335366 340612019
216910781 1 0 2
94007939 911058219
874742038 1 1 1
962335366
694758380 0 1 2
258662308 962335366
542576862 1 1 3
340612019 369338400 465978408
89453261 1 1 1
911058219
716024281 1 1 1
94007939
137741863 0 1 2
576346546 94007939
321967792 0 0 3
94007939 419488154 962335366
40642966 1 1 2
911058219 465978408
16874333 0 0 3
962335366 576346546 576346546
128382201 1 1 1
576346546
78107189 1 1 3
911058219 258662308 369338400
242404627 1 0 2
465978408 911058219
282004071 0 1 1
340612019
948706470 0 1 2
962335366 576346546
120085015 0 1 1
419488154
194419862 0 1 2
465978408 258662308
918187871 0 1 3
419488154 258662308 94007939
165377622 0 1 2
465978408 369338400
617306168 0 1 2
258662308 962335366
624919570 1 1 1
962335366
600558504 0 1 1
419488154
79310868 0 1 1
465978408
553370509 1 1 2
419488154 419488154
515326152 1 1 1
258662308
876250650 1 1 3
576346546 576346546 369338400
670317679 1 1 3
369338400 465978408 962335366
249598787 0 1 3
419488154 340612019 258662308
299649160 0 1 2
94007939 576346546
2761574 1 1 2
94007939 340612019
666655675 1 1 2
962335366 258662308
947517052 1 1 3
419488154 94007939 258662308
497899150 1 1 2
369338400 340612019
804192019 0 1 2
962335366 576346546
423321667 0 1 3
576346546 258662308 258662308
372641187 0 1 1
340612019
498950398 0 1 2
576346546 465978408
965898529 0 1 3
962335366 465978408 419488154
462094447 1 1 1
340612019
67491031 1 1 2
911058219 911058219
103640391 1 1 2
465978408 576346546
297256153 1 0 1
911058219
355253764 0 1 3
94007939 258662308 258662308
48389583 0 1 2
465978408 340612019
62251296 0 0 3
962335366 419488154 369338400
34263931 1 1 3
369338400 369338400 340612019
637257834 0 1 1
419488154
545708457 0 0 1
258662308
849612404 0 1 1
962335366
6865297 1 1 2
576346546 258662308
831677695 0 1 2
962335366 340612019
767800275 1 1 1
576346546
952790701 1 0 3
369338400 576346546 465978408
172242918 1 1 1
576346546
417197473 1 0 3
911058219 465978408 576346546
301500215 1 1 3
962335366 465978408 94007939
245236196 1 1 1
258662308
772801422 1 1 3
340612019 962335366 258662308
380811082 0 1 2
576346546 465978408
617306168 0 0 2
258662308 962335366
900983486 1 0 1
369338400
798606705 1 1 3
911058219 962335366 911058219
690117995 1 0 1
340612019
140643925 1 1 2
911058219 340612019
109578083 1 1 3
576346546 258662308 962335366
321440735 1 1 3
911058219 576346546 258662308
390242711 0 1 3
94007939 576346546 576346546
409227242 1 1 3
962335366 465978408 258662308
600558504 0 0 1
419488154
324202308 0 1 1
576346546
510470516 0 0 3
465978408 94007939 419488154
56898386 1 1 3
576346546 258662308 94007939
209260645 1 1 3
94007939 465978408 258662308
822101457 1 1 3
962335366 419488154 258662308
515326152 1 0 1
258662308
713606756 1 1 2
419488154 576346546
485098664 1 1 1
962335366
47258995 0 1 1
465978408
128382201 1 0 1
576346546
65073506 0 1 3
465978408 419488154 911058219
303513544 1 1 2
340612019 258662308
361869793 0 1 1
369338400
65073506 0 0 3
465978408 419488154 911058219
132564536 0 1 2
465978408 419488154
259670286 1 1 1
576346546
150798430 0 0 3
94007939 962335366 576346546
717123556 0 1 2
369338400 962335366
33470470 0 1 3
962335366 962335366 576346546
293934216 1 1 2
576346546 94007939
206897742 0 1 1
911058219
883082873 0 1 2
576346546 94007939
300799512 0 1 1
94007939
891091788 0 1 3
419488154 962335366 419488154
6865297 1 0 2
576346546 258662308
503399499 1 1 3
911058219 911058219 340612019
285019993 0 0 3
369338400 340612019 962335366
473042429 0 1 2
576346546 911058219
45108354 1 1 2
465978408 369338400
748635695 1 1 3
369338400 465978408 258662308
98360202 1 1 1
962335366
425919436 0 1 3
576346546 576346546 576346546
547242399 1 1 3
465978408 911058219 340612019
239004126 1 1 3
258662308 576346546 258662308
388013870 1 1 2
962335366 911058219
75934588 1 0 1
419488154
412357920 0 0 2
340612019 340612019
259670286 1 0 1
576346546
868683133 1 1 1
911058219
629246837 1 1 3
340612019 340612019 94007939
797241112 0 1 3
962335366 369338400 340612019
45401792 0 1 2
340612019 962335366
89772132 0 0 1
419488154
538661574 1 1 2
911058219 419488154
859018108 1 1 2
576346546 94007939
671054687 0 0 1
419488154
479927544 0 0 3
576346546 258662308 962335366
682784253 1 0 3
465978408 911058219 340612019
720019600 1 1 2
576346546 258662308
104784681 1 1 2
419488154 419488154
344116771 0 1 1
962335366
85046613 0 0 1
465978408
165377622 0 0 2
465978408 369338400
767278594 1 1 3
419488154 576346546 911058219
169858186 1 1 2
962335366 419488154
647630314 0 1 1
962335366
129148386 1 1 2
576346546 258662308
293059591 1 0 3
465978408 465978408 465978408
299649160 0 0 2
94007939 576346546
302422721 0 1 2
962335366 258662308
907300599 0 1 3
962335366 576346546 94007939
698788293 1 1 2
94007939 962335366
335893190 0 1 3
94007939 94007939 340612019
53751166 1 1 2
340612019 911058219
758202386 1 1 1
911058219
831677695 0 0 2
962335366 340612019
71492415 0 1 3
465978408 419488154 465978408
207067029 1 1 2
369338400 465978408
649294174 1 1 1
369338400
574891913 1 1 2
465978408 962335366
194419862 0 0 2
465978408 258662308
913163279 1 0 1
962335366
425919436 0 0 3
576346546 576346546 576346546
45401792 0 0 2
340612019 962335366
680109458 1 1 3
258662308 576346546 258662308
694402527 1 1 2
419488154 258662308
647630314 0 0 1
962335366
871800098 0 0 3
576346546 340612019 576346546
323527607 0 1 3
962335366 465978408 911058219
355253764 0 0 3
94007939 258662308 258662308
630986011 1 1 3
962335366 576346546 576346546
998341926 1 0 1
369338400
972838314 0 1 2
911058219 911058219
723286357 1 1 1
340612019
869990137 1 1 3
419488154 258662308 419488154
360852184 0 1 2
340612019 369338400
462094447 1 0 1
340612019
444485841 1 1 3
94007939 465978408 911058219
207067029 1 0 2
369338400 465978408
351753325 0 1 1
94007939
10609647 1 1 1
576346546
489887632 0 1 1
258662308
742931250 1 1 2
94007939 419488154
869627754 1 1 3
962335366 419488154 419488154
379604462 0 0 2
962335366 962335366
62423583 0 1 3
576346546 369338400 419488154
847715930 0 1 2
962335366 340612019
66260877 0 1 3
340612019 911058219 94007939
829702176 1 1 2
576346546 576346546
17574116 0 1 1
576346546
566407542 1 1 3
94007939 369338400 911058219
811366913 0 1 2
94007939 465978408
172513188 0 1 2
94007939 465978408
326224493 1 1 1
419488154
362671558 1 1 3
419488154 962335366 340612019
508406378 1 1 2
911058219 419488154
300799512 0 0 1
94007939
854215348 1 0 1
911058219
379975658 1 1 1
419488154
120873943 0 1 3
465978408 258662308 465978408
579898792 1 1 2
419488154 369338400
587042687 1 1 1
465978408
622684468 1 1 1
94007939
7307056 1 1 2
94007939 576346546
119668496 1 1 1
911058219
169603347 1 1 2
419488154 419488154
967807918 0 0 1
962335366
330834663 0 1 2
465978408 94007939
750654506 0 1 1
94007939
142441660 0 1 2
258662308 962335366
54121019 1 1 1
94007939
473160994 1 1 3
419488154 369338400 340612019
355810195 0 1 1
340612019
351123212 0 1 1
465978408
677430670 0 1 2
465978408 94007939
218936193 1 1 2
258662308 962335366
767278594 1 0 3
419488154 576346546 911058219
841010843 0 1 1
369338400
17574116 0 0 1
576346546
420361919 1 1 2
369338400 962335366
88563947 1 1 3
465978408 576346546 911058219
903434426 1 1 3
94007939 340612019 419488154
249598787 0 0 3
419488154 340612019 258662308
797241112 0 0 3
962335366 369338400 340612019
647867893 1 0 1
340612019
120594201 0 1 3
465978408 465978408 962335366
7341175 0 1 1
94007939
585652953 1 1 1
911058219
138168316 1 1 3
419488154 576346546 419488154
573748716 1 1 3
465978408 94007939 419488154
249536218 1 1 2
911058219 962335366
310681503 0 1 2
576346546 340612019
899973208 1 1 1
465978408
464724127 0 1 2
962335366 465978408
671604232 0 1 1
258662308
132465218 1 1 3
465978408 258662308 911058219
742931250 1 0 2
94007939 419488154
537223085 1 0 3
340612019 962335366 340612019
438114421 0 1 2
465978408 576346546
104019375 0 1 2
419488154 369338400
572024256 1 1 2
962335366 911058219
60798889 0 1 1
340612019
485098664 1 0 1
962335366
111326431 0 1 2
419488154 419488154
691692751 1 1 2
369338400 258662308
883082873 0 0 2
576346546 94007939
82918587 1 1 1
419488154
442161093 0 1 3
962335366 419488154 258662308
579898792 1 0 2
419488154 369338400
74531800 0 0 1
369338400
294863608 0 1 3
94007939 94007939 962335366
77876598 1 1 2
94007939 340612019
348798463 1 1 2
94007939 258662308
620540954 0 1 1
258662308
82918587 1 0 1
419488154
286203145 1 1 3
465978408 419488154 962335366
951189706 1 0 3
911058219 369338400 465978408
699921674 0 1 3
465978408 369338400 465978408
297971623 0 1 1
962335366
505139337 0 1 3
962335366 419488154 962335366
393448869 1 1 1
962335366
570849894 1 1 2
962335366 419488154
446219635 0 1 1
962335366
303513544 1 0 2
340612019 258662308
344116771 0 0 1
962335366
149399646 1 1 1
419488154
691444094 1 1 1
576346546
351753325 0 0 1
94007939
453560809 1 1 2
258662308 962335366
587568950 1 1 1
465978408
829612409 0 1 2
94007939 258662308
879825877 1 1 2
258662308 419488154
837105167 1 1 3
911058219 962335366 911058219
680109458 1 0 3
258662308 576346546 258662308
15446753 0 0 1
94007939
992810263 1 1 1
340612019
239089846 0 0 3
369338400 962335366 340612019
632315436 1 1 3
94007939 962335366 258662308
154345645 1 1 1
962335366
664414495 0 1 3
258662308 340612019 94007939
764780653 1 1 3
94007939 94007939 465978408
592460066 1 1 3
419488154 576346546 94007939
768433869 0 1 1
576346546
189321260 0 1 3
94007939 962335366 258662308
505775306 0 1 3
911058219 911058219 94007939
879760299 0 1 1
419488154
881014010 1 1 2
962335366 962335366
588693892 0 1 1
258662308
174437743 1 1 2
94007939 465978408
28393970 0 1 2
340612019 94007939
519086841 0 1 3
340612019 576346546 465978408
375752558 1 1 2
94007939 911058219
648934923 0 1 1
340612019
805289985 0 1 2
911058219 94007939
75674231 0 1 3
962335366 962335366 576346546
799422897 1 1 3
465978408 911058219 962335366
282004071 0 0 1
340612019
310429322 0 1 2
369338400 911058219
10609647 1 0 1
576346546
321639451 1 1 3
576346546 258662308 911058219
370272790 0 1 3
962335366 576346546 258662308
756648956 0 1 1
258662308
435180883 1 0 3
258662308 369338400 962335366
632315436 1 0 3
94007939 962335366 258662308
104784681 1 0 2
419488154 419488154
323555448 0 1 2
911058219 465978408
61716883 0 1 1
340612019
62726117 0 1 3
419488154 369338400 340612019
911124398 0 1 3
911058219 340612019 94007939
743845643 1 1 2
419488154 465978408
942551993 1 1 1
465978408
519086841 0 0 3
340612019 576346546 465978408
600745916 0 1 2
340612019 419488154
589172258 1 1 2
962335366 94007939
427383780 1 1 1
911058219
755091561 1 1 2
340612019 94007939
106103104 0 1 2
94007939 576346546
505139337 0 0 3
962335366 419488154 962335366
44680785 1 1 1
369338400
321639451 1 0 3
576346546 258662308 911058219
347551626 1 1 2
962335366 576346546
874536972 1 1 2
419488154 419488154
234002044 0 1 2
576346546 962335366
853326931 1 1 3
911058219 465978408 258662308
606813623 0 1 3
258662308 258662308 369338400
446219635 0 0 1
962335366
115016054 1 1 2
258662308 576346546
294537174 1 1 3
911058219 419488154 258662308
633767717 1 1 1
340612019
995926375 1 1 2
419488154 576346546
813624014 1 1 3
911058219 94007939 94007939
9520274 0 1 1
258662308
497377649 1 1 2
911058219 94007939
471430351 1 1 2
465978408 258662308
937710857 1 1 2
340612019 419488154
296800545 1 1 2
465978408 962335366
781859672 1 1 2
258662308 369338400
965898529 0 0 3
962335366 465978408 419488154
111866659 1 1 2
340612019 419488154
519589687 0 1 2
94007939 258662308
362671558 1 0 3
419488154 962335366 340612019
588693892 0 0 1
258662308
391024979 1 1 3
419488154 465978408 911058219
435422107 1 1 3
258662308 911058219 465978408
742648649 0 0 1
576346546
433822921 1 1 3
911058219 340612019 911058219
306267447 0 1 3
340612019 962335366 465978408
346546504 1 1 3
258662308 576346546 419488154
169603347 1 0 2
419488154 419488154
30184916 1 1 1
94007939
101335791 0 1 3
94007939 465978408 94007939
947292419 1 1 1
911058219
619357173 1 1 3
369338400 911058219 258662308
528719571 0 1 3
962335366 340612019 576346546
554900331 0 1 2
419488154 258662308
725460276 1 1 3
419488154 369338400 419488154
972838314 0 0 2
911058219 911058219
473042429 0 0 2
576346546 911058219
573400355 1 1 2
94007939 94007939
149399646 1 0 1
419488154
902451956 0 1 2
419488154 258662308
452513599 0 1 1
258662308
807402398 0 1 1
419488154
608295238 1 1 1
94007939
59327221 0 1 1
94007939
774934803 0 1 2
340612019 419488154
755348763 1 1 2
419488154 94007939
545611290 0 1 2
576346546 911058219
770861177 1 1 2
94007939 576346546
421489129 1 1 2
576346546 465978408
555131563 1 1 2
911058219 419488154
120755177 0 1 2
258662308 340612019
570849894 1 0 2
962335366 419488154
294863608 0 0 3
94007939 94007939 962335366
892919479 0 1 1
576346546
345358771 0 1 1
911058219
417555722 1 1 1
369338400
527295502 0 1 1
340612019
457225430 0 1 2
576346546 258662308
937145408 0 1 3
94007939 465978408 340612019
918320480 1 1 2
465978408 465978408
7341175 0 0 1
94007939
892647536 0 1 3
94007939 94007939 258662308
223484680 1 1 2
962335366 369338400
77104279 0 1 3
576346546 911058219 962335366
91710391 1 1 1
962335366
253669595 0 1 2
419488154 94007939
178440069 1 1 3
258662308 911058219 94007939
39002809 0 1 2
911058219 962335366
873026767 0 1 3
419488154 576346546 340612019
707159639 0 1 3
576346546 962335366 419488154
446419492 0 1 2
465978408 369338400
89453261 1 0 1
911058219
598487042 0 1 2
369338400 340612019
280559993 1 1 3
369338400 94007939 962335366
201387799 1 1 2
419488154 962335366
51000641 1 1 2
369338400 419488154
87962391 1 1 2
258662308 94007939
809683037 1 1 2
962335366 465978408
962844213 0 1 3
419488154 419488154 911058219
715413545 1 1 1
419488154
417548151 0 1 2
258662308 369338400
873026767 0 0 3
419488154 576346546 340612019
360971854 1 1 1
962335366
338791074 0 1 1
911058219
839037279 0 1 3
962335366 94007939 576346546
916103417 1 1 3
962335366 340612019 576346546
459546250 0 1 2
465978408 340612019
731956757 1 1 3
576346546 576346546 258662308
113978539 0 1 2
576346546 911058219
877101971 1 1 2
576346546 340612019
111768610 0 1 2
576346546 576346546
571203968 1 1 3
962335366 419488154 962335366
666763730 0 1 2
94007939 465978408
30089090 0 1 1
258662308
463851503 0 1 2
340612019 258662308
890248410 0 1 1
369338400
107193368 0 1 2
369338400 94007939
555561893 0 1 2
465978408 576346546
143918004 1 1 2
340612019 962335366
138149788 0 1 3
962335366 369338400 94007939
940365327 0 0 3
94007939 419488154 911058219
447081054 1 1 1
576346546
869461123 0 1 1
369338400
296800545 1 0 2
465978408 962335366
845309427 1 1 3
911058219 911058219 94007939
893500545 0 1 2
465978408 911058219
320464516 0 1 3
419488154 576346546 465978408
125869419 0 1 2
340612019 465978408
767800275 1 0 1
576346546
94888343 1 1 3
962335366 465978408 419488154
223981508 0 1 1
911058219
66348161 1 1 1
340612019
61716883 0 0 1
340612019
757087731 0 1 3
465978408 94007939 340612019
39342073 1 1 2
340612019 94007939
634278058 1 1 1
465978408
27152234 1 1 3
962335366 419488154 911058219
400313926 0 1 1
340612019
973069131 0 1 3
962335366 340612019 465978408
866189512 1 1 3
465978408 369338400 340612019
168933694 0 1 1
576346546
432615380 0 1 1
962335366
168933694 0 0 1
576346546
450662621 1 1 3
576346546 419488154 911058219
694758380 0 0 2
258662308 962335366
282912233 1 1 1
911058219
162233703 0 1 1
369338400
562431230 0 1 3
369338400 576346546 258662308
854116200 0 1 3
962335366 465978408 340612019
681513784 0 1 3
962335366 465978408 340612019
445036671 1 1 1
369338400
170484055 0 1 1
340612019
424278545 0 1 2
465978408 340612019
404746390 1 1 2
258662308 962335366
726045947 0 1 1
465978408
420712901 0 1 1
465978408
542896178 0 1 3
576346546 962335366 369338400
25643352 1 1 1
369338400
290174023 0 1 3
94007939 369338400 962335366
758202386 1 0 1
911058219
388205604 1 1 1
258662308
771660248 1 1 2
911058219 465978408
610638538 1 1 2
419488154 576346546
366591374 0 1 2
962335366 576346546
532149436 0 0 3
340612019 369338400 258662308
719064943 1 1 1
94007939
834620046 1 1 1
369338400
285455887 1 1 3
465978408 340612019 419488154
781859672 1 0 2
258662308 369338400
328669025 0 1 2
962335366 369338400
873962118 0 1 2
465978408 911058219
919733944 0 1 2
369338400 258662308
355821258 0 1 2
962335366 962335366
868683133 1 0 1
911058219
320464516 0 0 3
419488154 576346546 465978408
126792395 1 1 3
419488154 258662308 258662308
745319426 1 1 3
340612019 369338400 94007939
222010770 0 1 3
465978408 369338400 94007939
295726089 1 1 1
340612019
30451157 1 1 2
962335366 369338400
672673390 1 1 3
962335366 419488154 340612019
370272790 0 0 3
962335366 576346546 258662308
578638321 1 1 3
94007939 369338400 340612019
192684859 0 1 2
94007939 465978408
87620971 1 1 3
911058219 369338400 419488154
432754520 0 1 3
465978408 419488154 258662308
874198643 0 1 1
576346546
532657642 1 1 1
258662308
603238574 0 1 2
258662308 911058219
150993539 0 1 1
369338400
937404031 1 1 3
340612019 962335366 258662308
119668496 1 0 1
911058219
833785204 1 0 1
340612019
181800873 0 1 1
369338400
571706439 0 1 2
576346546 94007939
131682994 0 0 2
258662308 419488154
480300208 1 1 1
465978408
59960576 1 1 3
419488154 94007939 94007939
861880461 1 1 1
340612019
457225430 0 0 2
576346546 258662308
721022163 1 1 2
94007939 340612019
831620824 1 1 2
576346546 465978408
891091788 0 0 3
419488154 962335366 419488154
372641187 0 0 1
340612019
325035351 0 1 1
369338400
87613537 0 1 2
94007939 576346546
550685766 0 1 1
576346546
911124398 0 0 3
911058219 340612019 94007939
12171748 1 1 2
340612019 419488154
225585775 0 1 3
258662308 369338400 962335366
879354790 0 1 2
465978408 962335366
738650217 0 1 2
911058219 258662308
997836070 0 1 2
419488154 340612019
87692400 1 1 2
465978408 369338400
865442611 0 1 3
911058219 911058219 369338400
743155495 0 1 1
419488154
309703169 0 1 3
258662308 576346546 465978408
161168699 1 1 3
369338400 419488154 465978408
773606651 0 1 2
340612019 911058219
834892910 0 1 2
962335366 369338400
739807019 0 1 1
576346546
818328339 1 0 2
962335366 465978408
743155495 0 0 1
419488154
818807862 0 1 3
340612019 576346546 911058219
922513880 0 1 3
962335366 419488154 465978408
25077891 1 1 3
258662308 94007939 419488154
545522856 1 1 2
258662308 419488154
59327221 0 0 1
94007939
455171521 0 1 1
465978408
480832816 1 1 1
258662308
335893190 0 0 3
94007939 94007939 340612019
30089090 0 0 1
258662308
696516394 0 1 1
94007939
245091904 1 1 2
340612019 340612019
662633688 1 1 1
419488154
268222833 1 1 3
419488154 419488154 465978408
375752558 1 0 2
94007939 911058219
725392111 0 1 2
94007939 576346546
722594264 1 1 3
94007939 94007939 94007939
982619645 0 1 3
911058219 911058219 340612019
298930626 0 1 3
962335366 258662308 465978408
406731439 1 1 3
94007939 369338400 962335366
160171347 1 1 2
962335366 258662308
239060514 0 1 2
465978408 465978408
957417204 0 1 3
911058219 369338400 94007939
172343094 0 1 2
258662308 94007939
464646288 0 1 3
962335366 419488154 369338400
689288345 1 1 3
369338400 258662308 962335366
910993310 0 1 2
369338400 419488154
314998709 1 1 2
911058219 465978408
776980744 0 1 3
962335366 340612019 369338400
628952273 0 1 3
419488154 340612019 340612019
592460066 1 0 3
419488154 576346546 94007939
58154203 0 1 2
419488154 369338400
939200264 1 1 1
94007939
790120971 1 1 3
465978408 576346546 465978408
684277205 1 1 2
419488154 258662308
774093173 1 1 2
911058219 258662308
382444342 1 1 1
576346546
355601418 0 1 3
419488154 369338400 419488154
549123405 1 1 2
576346546 911058219
260038584 0 1 1
419488154
901124273 1 1 3
576346546 465978408 911058219
4294925 0 1 1
258662308
740871399 1 1 3
962335366 94007939 576346546
597640667 0 1 1
340612019
643334002 0 0 2
419488154 94007939
129148386 1 0 2
576346546 258662308
154345645 1 0 1
962335366
101903180 1 1 1
962335366
256021439 0 1 2
340612019 962335366
722594264 1 0 3
94007939 94007939 94007939
718379851 0 1 3
94007939 962335366 340612019
827295291 1 1 2
962335366 94007939
566407542 1 0 3
94007939 369338400 911058219
978615702 0 1 3
911058219 576346546 369338400
473160994 1 0 3
419488154 369338400 340612019
700999495 1 1 3
465978408 419488154 340612019
126225916 1 1 1
576346546
137741863 0 0 2
576346546 94007939
573748716 1 0 3
465978408 94007939 419488154
237863492 1 1 2
369338400 258662308
111768610 0 0 2
576346546 576346546
861170842 0 1 2
419488154 340612019
725392111 0 0 2
94007939 576346546
217802781 1 1 2
962335366 369338400
47797047 1 1 3
576346546 962335366 94007939
886030287 0 1 3
369338400 465978408 369338400
682449068 1 1 1
576346546
737085391 0 1 3
94007939 369338400 369338400
649539949 1 1 3
94007939 94007939 340612019
997447776 0 1 3
962335366 340612019 369338400
366582487 0 1 1
465978408
278492221 0 1 3
340612019 340612019 419488154
908118330 0 1 3
911058219 258662308 369338400
158299102 1 1 2
419488154 258662308
921129543 0 1 1
258662308
444911886 1 1 1
911058219
681513784 0 0 3
962335366 465978408 340612019
756648956 0 0 1
258662308
355601418 0 0 3
419488154 369338400 419488154
932392275 1 1 2
576346546 576346546
156090236 1 1 2
369338400 419488154
800513304 1 1 1
465978408
334032031 0 1 2
369338400 340612019
739807019 0 0 1
576346546
416128819 0 1 2
369338400 911058219
554153928 0 1 2
340612019 340612019
190843307 1 1 1
94007939
157000218 1 1 1
258662308
4310946 0 1 2
962335366 962335366
292746487 1 1 1
340612019
413021656 0 1 1
369338400
722690796 1 1 1
419488154
120041777 0 1 2
94007939 340612019
244153709 0 1 1
258662308
276206643 1 1 2
419488154 258662308
98784044 0 1 3
94007939 465978408 340612019
482017200 0 1 3
419488154 962335366 465978408
137377484 1 1 1
911058219
169103176 0 1 2
340612019 258662308
529814246 1 1 1
576346546
125869419 0 0 2
340612019 465978408
875924122 0 1 2
962335366 369338400
851552243 0 1 2
465978408 94007939
119415988 1 1 2
419488154 258662308
525464070 1 1 3
465978408 94007939 419488154
701516370 0 1 1
258662308
338514826 1 1 3
911058219 94007939 911058219
656472642 1 1 3
465978408 94007939 962335366
462151051 1 1 3
419488154 465978408 911058219
496813928 0 1 3
340612019 340612019 94007939
577602185 0 1 2
419488154 962335366
759579288 0 1 2
94007939 369338400
698788293 1 0 2
94007939 962335366
281722554 0 1 1
258662308
733692420 1 1 2
911058219 258662308
992810263 1 0 1
340612019
412608943 0 1 3
419488154 962335366 94007939
615754584 0 1 2
94007939 369338400
2337591 1 1 1
911058219
314998709 1 0 2
911058219 465978408
966762871 1 1 1
419488154
806597890 0 1 1
911058219
159337808 1 1 3
94007939 369338400 419488154
971073816 0 1 3
258662308 369338400 258662308
99344376 0 1 1
419488154
424875815 0 1 3
911058219 369338400 340612019
693764612 1 1 1
962335366
71902504 1 1 2
340612019 419488154
126792395 1 0 3
419488154 258662308 258662308
669029523 1 1 3
94007939 465978408 962335366
969971254 1 1 1
962335366
23202899 0 1 3
94007939 419488154 258662308
3563074 1 1 3
576346546 94007939 94007939
959865089 1 1 2
419488154 419488154
143918004 1 0 2
340612019 962335366
391024979 1 0 3
419488154 465978408 911058219
192306074 0 1 1
94007939
385893671 1 1 3
911058219 369338400 340612019
688305562 1 1 2
369338400 258662308
896374668 1 1 1
340612019
348798463 1 0 2
94007939 258662308
505309658 0 1 3
258662308 369338400 962335366
66285984 1 1 2
465978408 369338400
450407389 0 1 3
369338400 369338400 911058219
843824484 0 1 2
419488154 94007939
722758625 0 1 2
576346546 962335366
356596432 0 0 3
962335366 419488154 94007939
642621225 1 0 2
911058219 419488154
776980744 0 0 3
962335366 340612019 369338400
912558439 1 1 2
576346546 419488154
193154763 0 1 3
258662308 962335366 369338400
152877161 1 1 1
465978408
524654079 0 1 3
911058219 340612019 911058219
474877316 0 1 1
576346546
737085391 0 0 3
94007939 369338400 369338400
598487042 0 0 2
369338400 340612019
896374668 1 0 1
340612019
886569581 1 1 1
258662308
937263021 1 1 3
962335366 340612019 911058219
90631899 1 1 1
369338400
888907171 1 1 3
465978408 962335366 911058219
904025891 0 1 2
369338400 419488154
897229788 0 1 3
419488154 465978408 962335366
900761330 1 1 3
369338400 94007939 94007939
727616059 1 1 2
911058219 465978408
849090516 0 1 1
419488154
325637144 1 1 1
340612019
273897022 1 1 3
258662308 258662308 419488154
920993019 1 1 1
258662308
847183018 0 1 3
576346546 369338400 258662308
39002809 0 0 2
911058219 962335366
96384627 0 1 2
369338400 576346546
796712270 0 1 1
465978408
850746091 1 1 3
962335366 369338400 465978408
56249715 1 1 2
369338400 258662308
989018343 1 1 2
962335366 258662308
89156113 1 1 3
340612019 911058219 369338400
597071628 0 1 2
576346546 340612019
737909363 0 1 1
962335366
903434426 1 0 3
94007939 340612019 419488154
137377484 1 0 1
911058219
594465770 0 1 3
911058219 911058219 94007939
663357611 0 1 1
369338400
935462643 1 0 2
94007939 962335366
188316751 0 1 1
258662308
834620046 1 0 1
369338400
290806605 0 1 3
340612019 465978408 419488154
827295291 1 0 2
962335366 94007939
444485841 1 0 3
94007939 465978408 911058219
386116236 0 1 1
369338400
953391542 0 1 3
576346546 911058219 465978408
483961367 0 1 2
369338400 465978408
538993396 0 1 3
911058219 576346546 369338400
56249715 1 0 2
369338400 258662308
90631899 1 0 1
369338400
691692751 1 0 2
369338400 258662308
478045620 0 1 1
258662308
54121019 1 0 1
94007939
874742038 1 0 1
962335366
700999495 1 0 3
465978408 419488154 340612019
34263931 1 0 3
369338400 369338400 340612019
553370509 1 0 2
419488154 419488154
663357611 0 0 1
369338400
958838682 0 1 1
962335366
217802781 1 0 2
962335366 369338400
733692420 1 0 2
911058219 258662308
278079328 0 1 3
465978408 962335366 419488154
267824992 0 1 1
419488154
587568950 1 0 1
465978408
989018343 1 0 2
962335366 258662308
901986932 0 1 2
419488154 576346546
19502850 0 1 2
340612019 369338400
671604232 0 0 1
258662308
24367235 0 1 1
465978408
651733072 0 1 3
576346546 94007939 340612019
525464070 1 0 3
465978408 94007939 419488154
920264179 0 1 1
576346546
450662621 1 0 3
576346546 419488154 911058219
751983293 0 1 1
94007939
573400355 1 0 2
94007939 94007939
831620824 1 0 2
576346546 465978408
239004126 1 0 3
258662308 576346546 258662308
406731439 1 0 3
94007939 369338400 962335366
500823587 0 1 3
340612019 576346546 258662308
66285984 1 0 2
465978408 369338400
464646288 0 0 3
962335366 419488154 369338400
98417674 0 1 2
911058219 340612019
282912233 1 0 1
911058219
693764612 1 0 1
962335366
881014010 1 0 2
962335366 962335366
725460276 1 0 3
419488154 369338400 419488154
505309658 0 0 3
258662308 369338400 962335366
25880314 0 1 2
576346546 962335366
274332957 0 1 2
340612019 419488154
945600691 0 1 3
340612019 94007939 258662308
122264940 0 1 1
911058219
71045226 0 1 2
962335366 962335366
169858186 1 0 2
962335366 419488154
209260645 1 0 3
94007939 465978408 258662308
585652953 1 0 1
911058219
686574588 1 0 3
94007939 340612019 465978408
588093167 1 0 3
340612019 340612019 340612019
2337591 1 0 1
911058219
126225916 1 0 1
576346546
648863133 0 1 1
911058219
31031006 0 1 3
369338400 94007939 369338400
482308049 1 0 3
369338400 258662308 94007939
912579921 0 1 2
369338400 465978408
738019245 0 1 2
419488154 258662308
628102633 0 1 3
962335366 340612019 419488154
480832816 1 0 1
258662308
62423583 0 0 3
576346546 369338400 419488154
138168316 1 0 3
419488154 576346546 419488154
570882159 1 0 3
369338400 258662308 465978408
286203145 1 0 3
465978408 419488154 962335366
813624014 1 0 3
911058219 94007939 94007939
187451434 1 0 1
369338400
669323924 1 0 1
369338400
280559993 1 0 3
369338400 94007939 962335366
25643352 1 0 1
369338400
409227242 1 0 3
962335366 465978408 258662308
41977827 0 0 1
419488154
503005635 0 1 2
419488154 340612019
185001367 0 1 1
576346546
597640667 0 0 1
340612019
624919570 1 0 1
962335366
143976596 0 1 2
576346546 911058219
691322385 0 1 2
419488154 962335366
89826181 1 0 3
911058219 962335366 911058219
771660248 1 0 2
911058219 465978408
542576862 1 0 3
340612019 369338400 465978408
666655675 1 0 2
962335366 258662308
295726089 1 0 1
340612019
328324323 0 1 3
911058219 340612019 94007939
530092831 0 1 2
258662308 465978408
920993019 1 0 1
258662308
809683037 1 0 2
962335366 465978408
863279265 0 0 1
962335366
85915992 0 0 3
419488154 465978408 369338400
249096149 1 0 3
369338400 576346546 258662308
908118330 0 0 3
911058219 258662308 369338400
528719571 0 0 3
962335366 340612019 576346546
995926375 1 0 2
419488154 576346546
20366401 1 0 2
465978408 465978408
937710857 1 0 2
340612019 419488154
578638321 1 0 3
94007939 369338400 340612019
597071628 0 0 2
576346546 340612019
404746390 1 0 2
258662308 962335366
45108354 1 0 2
465978408 369338400
628952273 0 0 3
419488154 340612019 340612019
427383780 1 0 1
911058219
696516394 0 0 1
94007939
699921674 0 0 3
465978408 369338400 465978408
189321260 0 0 3
94007939 962335366 258662308
23202899 0 0 3
94007939 419488154 258662308
722758625 0 0 2
576346546 962335366
489887632 0 0 1
258662308
306267447 0 0 3
340612019 962335366 465978408
273897022 1 0 3
258662308 258662308 419488154
904025891 0 0 2
369338400 419488154
861880461 1 0 1
340612019
719064943 1 0 1
94007939
774554062 1 0 1
911058219
890248410 0 0 1
369338400
47797047 1 0 3
576346546 962335366 94007939
879825877 1 0 2
258662308 419488154
53751166 1 0 2
340612019 911058219
120755177 0 0 2
258662308 340612019
382055548 0 0 1
94007939
66260877 0 0 3
340612019 911058219 94007939
555561893 0 0 2
465978408 576346546
421585119 0 0 2
94007939 340612019
603238574 0 0 2
258662308 911058219
338514826 1 0 3
911058219 94007939 911058219
109578083 1 0 3
576346546 258662308 962335366
19502850 0 0 2
340612019 369338400
966776991 1 0 2
369338400 369338400
594465770 0 0 3
911058219 911058219 94007939
881756284 0 0 2
962335366 94007939
324202308 0 0 1
576346546
529814246 1 0 1
576346546
545522856 1 0 2
258662308 419488154
796712270 0 0 1
465978408
910993310 0 0 2
369338400 419488154
682449068 1 0 1
576346546
459546250 0 0 2
465978408 340612019
56898386 1 0 3
576346546 258662308 94007939
310681503 0 0 2
576346546 340612019
945600691 0 0 3
340612019 94007939 258662308
103640391 1 0 2
465978408 576346546
174437743 1 0 2
94007939 465978408
847183018 0 0 3
576346546 369338400 258662308
2761574 1 0 2
94007939 340612019
958838682 0 0 1
962335366
249536218 1 0 2
911058219 962335366
684277205 1 0 2
419488154 258662308
120594201 0 0 3
465978408 465978408 962335366
138149788 0 0 3
962335366 369338400 94007939
115016054 1 0 2
258662308 576346546
445036671 1 0 1
369338400
334032031 0 0 2
369338400 340612019
547242399 1 0 3
465978408 911058219 340612019
379975658 1 0 1
419488154
416128819 0 0 2
369338400 911058219
555131563 1 0 2
911058219 419488154
532657642 1 0 1
258662308
400313926 0 0 1
340612019
9520274 0 0 1
258662308
24367235 0 0 1
465978408
84799396 1 0 1
962335366
296640780 1 0 3
419488154 911058219 340612019
91710391 1 0 1
962335366
675876403 0 0 2
962335366 340612019
874198643 0 0 1
576346546
937404031 1 0 3
340612019 962335366 258662308
937263021 1 0 3
962335366 340612019 911058219
28393970 0 0 2
340612019 94007939
345200326 0 0 1
962335366
572024256 1 0 2
962335366 911058219
497899150 1 0 2
369338400 340612019
508406378 1 0 2
911058219 419488154
859018108 1 0 2
576346546 94007939
413021656 0 0 1
369338400
77876598 1 0 2
94007939 340612019
886030287 0 0 3
369338400 465978408 369338400
542896178 0 0 3
576346546 962335366 369338400
649539949 1 0 3
94007939 94007939 340612019
669029523 1 0 3
94007939 465978408 962335366
606813623 0 0 3
258662308 258662308 369338400
98784044 0 0 3
94007939 465978408 340612019
497377649 1 0 2
911058219 94007939
417555722 1 0 1
369338400
122264940 0 0 1
911058219
339581105 1 0 1
258662308
237863492 1 0 2
369338400 258662308
424278545 0 0 2
465978408 340612019
850746091 1 0 3
962335366 369338400 465978408
757087731 0 0 3
465978408 94007939 340612019
662633688 1 0 1
419488154
260038584 0 0 1
419488154
879354790 0 0 2
465978408 962335366
345358771 0 0 1
911058219
388205604 1 0 1
258662308
958695003 1 0 3
576346546 419488154 962335366
390242711 0 0 3
94007939 576346546 576346546
464724127 0 0 2
962335366 465978408
877101971 1 0 2
576346546 340612019
619357173 1 0 3
369338400 911058219 258662308
420361919 1 0 2
369338400 962335366
328324323 0 0 3
911058219 340612019 94007939
723286357 1 0 1
340612019
837105167 1 0 3
911058219 962335366 911058219
66348161 1 0 1
340612019
87692400 1 0 2
465978408 369338400
71045226 0 0 2
962335366 962335366
732008177 1 0 2
94007939 419488154
738019245 0 0 2
419488154 258662308
162693682 1 0 1
340612019
439107417 1 0 1
419488154
726045947 0 0 1
465978408
432615380 0 0 1
962335366
47258995 0 0 1
465978408
132564536 0 0 2
465978408 419488154
334085690 1 0 2
340612019 911058219
60798889 0 0 1
340612019
609488349 0 0 1
465978408
545611290 0 0 2
576346546 911058219
939200264 1 0 1
94007939
796939782 1 0 2
576346546 962335366
234002044 0 0 2
576346546 962335366
790120971 1 0 3
465978408 576346546 465978408
412608943 0 0 3
419488154 962335366 94007939
172242918 1 0 1
576346546
62726117 0 0 3
419488154 369338400 340612019
731956757 1 0 3
576346546 576346546 258662308
986899478 0 0 1
94007939
715413545 1 0 1
419488154
309703169 0 0 3
258662308 576346546 465978408
162233703 0 0 1
369338400
120873943 0 0 3
465978408 258662308 465978408
616866884 0 0 2
911058219 94007939
634278058 1 0 1
465978408
942551993 1 0 1
465978408
78107189 1 0 3
911058219 258662308 369338400
947292419 1 0 1
911058219
798606705 1 0 3
911058219 962335366 911058219
869627754 1 0 3
962335366 419488154 419488154
362194872 1 0 3
258662308 419488154 258662308
538661574 1 0 2
911058219 419488154
853326931 1 0 3
911058219 465978408 258662308
689288345 1 0 3
369338400 258662308 962335366
268222833 1 0 3
419488154 419488154 465978408
902451956 0 0 2
419488154 258662308
294537174 1 0 3
911058219 419488154 258662308
290806605 0 0 3
340612019 465978408 419488154
71902504 1 0 2
340612019 419488154
670317679 1 0 3
369338400 465978408 962335366
869461123 0 0 1
369338400
58154203 0 0 2
419488154 369338400
549123405 1 0 2
576346546 911058219
59960576 1 0 3
419488154 94007939 94007939
500823587 0 0 3
340612019 576346546 258662308
720019600 1 0 2
576346546 258662308
325637144 1 0 1
340612019
540976272 1 0 2
911058219 419488154
106103104 0 0 2
94007939 576346546
888907171 1 0 3
465978408 962335366 911058219
519589687 0 0 2
94007939 258662308
978615702 0 0 3
911058219 576346546 369338400
158299102 1 0 2
419488154 258662308
10559551 1 0 1
258662308
907300599 0 0 3
962335366 576346546 94007939
435422107 1 0 3
258662308 911058219 465978408
799422897 1 0 3
465978408 911058219 962335366
433822921 1 0 3
911058219 340612019 911058219
101903180 1 0 1
962335366
223484680 1 0 2
962335366 369338400
239060514 0 0 2
465978408 465978408
557222036 1 0 3
465978408 340612019 911058219
292746487 1 0 1
340612019
727616059 1 0 2
911058219 465978408
843824484 0 0 2
419488154 94007939
361869793 0 0 1
369338400
120041777 0 0 2
94007939 340612019
630986011 1 0 3
962335366 576346546 576346546
244153709 0 0 1
258662308
997836070 0 0 2
419488154 340612019
886569581 1 0 1
258662308
337387564 0 0 3
258662308 962335366 94007939
916103417 1 0 3
962335366 340612019 576346546
172513188 0 0 2
94007939 465978408
104019375 0 0 2
419488154 369338400
45918286 0 0 2
369338400 340612019
822101457 1 0 3
962335366 419488154 258662308
326224493 1 0 1
419488154
28092496 1 0 2
911058219 576346546
829702176 1 0 2
576346546 576346546
338791074 0 0 1
911058219
278492221 0 0 3
340612019 340612019 419488154
643449454 1 0 2
340612019 465978408
4294925 0 0 1
258662308
360971854 1 0 1
962335366
388844753 1 0 3
94007939 576346546 258662308
847715930 0 0 2
962335366 340612019
633767717 1 0 1
340612019
432754520 0 0 3
465978408 419488154 258662308
474877316 0 0 1
576346546
694402527 1 0 2
419488154 258662308
155559710 0 0 2
962335366 419488154
892919479 0 0 1
576346546
854116200 0 0 3
962335366 465978408 340612019
947517052 1 0 3
419488154 94007939 258662308
330834663 0 0 2
465978408 94007939
688305562 1 0 2
369338400 258662308
27152234 1 0 3
962335366 419488154 911058219
218936193 1 0 2
258662308 962335366
901986932 0 0 2
419488154 576346546
152877161 1 0 1
465978408
716024281 1 0 1
94007939
444911886 1 0 1
911058219
31031006 0 0 3
369338400 94007939 369338400
876250650 1 0 3
576346546 576346546 369338400
953391542 0 0 3
576346546 911058219 465978408
59899440 0 0 2
258662308 911058219
722690796 1 0 1
419488154
245091904 1 0 2
340612019 340612019
159337808 1 0 3
94007939 369338400 419488154
524654079 0 0 3
911058219 340612019 911058219
422886307 1 0 3
576346546 258662308 911058219
587042687 1 0 1
465978408
88563947 1 0 3
465978408 576346546 911058219
721022163 1 0 2
94007939 340612019
875924122 0 0 2
962335366 369338400
157000218 1 0 1
258662308
615754584 0 0 2
94007939 369338400
651733072 0 0 3
576346546 94007939 340612019
874536972 1 0 2
419488154 419488154
770861177 1 0 2
94007939 576346546
764780653 1 0 3
94007939 94007939 465978408
285455887 1 0 3
465978408 340612019 419488154
713606756 1 0 2
419488154 576346546
169103176 0 0 2
340612019 258662308
380811082 0 0 2
576346546 465978408
25077891 1 0 3
258662308 94007939 419488154
773606651 0 0 2
340612019 911058219
87620971 1 0 3
911058219 369338400 419488154
267824992 0 0 1
419488154
94888343 1 0 3
962335366 465978408 419488154
480300208 1 0 1
465978408
253669595 0 0 2
419488154 94007939
691444094 1 0 1
576346546
119415988 1 0 2
419488154 258662308
918320480 1 0 2
465978408 465978408
321440735 1 0 3
911058219 576346546 258662308
966762871 1 0 1
419488154
116965050 0 0 1
340612019
44680785 1 0 1
369338400
538575667 0 0 3
465978408 465978408 576346546
628102633 0 0 3
962335366 340612019 419488154
912579921 0 0 2
369338400 465978408
256021439 0 0 2
340612019 962335366
574891913 1 0 2
465978408 962335366
366591374 0 0 2
962335366 576346546
707159639 0 0 3
576346546 962335366 419488154
89156113 1 0 3
340612019 911058219 369338400
446419492 0 0 2
465978408 369338400
571203968 1 0 3
962335366 419488154 962335366
69752232 1 0 1
962335366
623288264 0 0 3
94007939 962335366 340612019
973069131 0 0 3
962335366 340612019 465978408
648863133 0 0 1
911058219
30184916 1 0 1
94007939
748635695 1 0 3
369338400 465978408 258662308
143976596 0 0 2
576346546 911058219
328669025 0 0 2
962335366 369338400
869990137 1 0 3
419488154 258662308 419488154
7307056 1 0 2
94007939 576346546
849090516 0 0 1
419488154
937145408 0 0 3
94007939 465978408 340612019
503399499 1 0 3
911058219 911058219 340612019
3563074 1 0 3
576346546 94007939 94007939
839037279 0 0 3
962335366 94007939 576346546
781973918 1 0 3
962335366 465978408 94007939
918187871 0 0 3
419488154 258662308 94007939
12171748 1 0 2
340612019 419488154
190843307 1 0 1
94007939
278079328 0 0 3
465978408 962335366 419488154
691322385 0 0 2
419488154 962335366
450407389 0 0 3
369338400 369338400 911058219
113978539 0 0 2
576346546 911058219
21265902 0 0 1
94007939
471430351 1 0 2
465978408 258662308
689258932 1 0 2
419488154 369338400
865442611 0 0 3
911058219 911058219 369338400
969971254 1 0 1
962335366
912558439 1 0 2
576346546 419488154
959865089 1 0 2
419488154 419488154
51000641 1 0 2
369338400 419488154
738650217 0 0 2
911058219 258662308
48389583 0 0 2
465978408 340612019
140643925 1 0 2
911058219 340612019
606404425 1 0 1
911058219
997447776 0 0 3
962335366 340612019 369338400
743845643 1 0 2
419488154 465978408
223981508 0 0 1
911058219
393448869 1 0 1
962335366
804192019 0 0 2
962335366 576346546
849393 1 0 3
340612019 340612019 576346546
921129543 0 0 1
258662308
98360202 1 0 1
962335366
346546504 1 0 3
258662308 576346546 419488154
851552243 0 0 2
465978408 94007939
385893671 1 0 3
911058219 369338400 340612019
417056889 1 0 1
94007939
932392275 1 0 2
576346546 576346546
438114421 0 0 2
465978408 576346546
79310868 0 0 1
465978408
88674652 0 0 1
911058219
298930626 0 0 3
962335366 258662308 465978408
423321667 0 0 3
576346546 258662308 258662308
962844213 0 0 3
419488154 419488154 911058219
505775306 0 0 3
911058219 911058219 94007939
33470470 0 0 3
962335366 962335366 576346546
881458240 1 0 1
369338400
901124273 1 0 3
576346546 465978408 911058219
98417674 0 0 2
911058219 340612019
347551626 1 0 2
962335366 576346546
588994835 0 0 2
94007939 369338400
892647536 0 0 3
94007939 94007939 258662308
664414495 0 0 3
258662308 340612019 94007939
323555448 0 0 2
911058219 465978408
281722554 0 0 1
258662308
755091561 1 0 2
340612019 94007939
805289985 0 0 2
911058219 94007939
40642966 1 0 2
911058219 465978408
4779569 0 0 2
94007939 962335366
718379851 0 0 3
94007939 962335366 340612019
66772247 1 0 3
962335366 576346546 576346546
740871399 1 0 3
962335366 94007939 576346546
900761330 1 0 3
369338400 94007939 94007939
555449999 1 0 3
258662308 94007939 94007939
87613537 0 0 2
94007939 576346546
351123212 0 0 1
465978408
920264179 0 0 1
576346546
585138696 1 0 1
911058219
360852184 0 0 2
340612019 369338400
325035351 0 0 1
369338400
39342073 1 0 2
340612019 94007939
201387799 1 0 2
419488154 962335366
577602185 0 0 2
419488154 962335366
600745916 0 0 2
340612019 419488154
178440069 1 0 3
258662308 911058219 94007939
589172258 1 0 2
962335366 94007939
982619645 0 0 3
911058219 911058219 340612019
192306074 0 0 1
94007939
672673390 1 0 3
962335366 419488154 340612019
845309427 1 0 3
911058219 911058219 94007939
30451157 1 0 2
962335366 369338400
530092831 0 0 2
258662308 465978408
355810195 0 0 1
340612019
4310946 0 0 2
962335366 962335366
111326431 0 0 2
419488154 419488154
382444342 1 0 1
576346546
611527515 1 0 1
258662308
971073816 0 0 3
258662308 369338400 258662308
873962118 0 0 2
465978408 911058219
562431230 0 0 3
369338400 576346546 258662308
893500545 0 0 2
465978408 911058219
301500215 1 0 3
962335366 465978408 94007939
290174023 0 0 3
94007939 369338400 962335366
120085015 0 0 1
419488154
355821258 0 0 2
962335366 962335366
807402398 0 0 1
419488154
759579288 0 0 2
94007939 369338400
101335791 0 0 3
94007939 465978408 94007939
550685766 0 0 1
576346546
957417204 0 0 3
911058219 369338400 94007939
161168699 1 0 3
369338400 419488154 465978408
701516370 0 0 1
258662308
922513880 0 0 3
962335366 419488154 465978408
185001367 0 0 1
576346546
622684468 1 0 1
94007939
116947170 0 0 1
340612019
717123556 0 0 2
369338400 962335366
49185930 0 0 3
340612019 369338400 94007939
111866659 1 0 2
340612019 419488154
737909363 0 0 1
962335366
861170842 0 0 2
419488154 340612019
677430670 0 0 2
465978408 94007939
452513599 0 0 1
258662308
388013870 1 0 2
962335366 911058219
463851503 0 0 2
340612019 258662308
130074059 1 0 3
576346546 465978408 94007939
274332957 0 0 2
340612019 419488154
625229165 0 0 2
911058219 911058219
649294174 1 0 1
369338400
453560809 1 0 2
258662308 962335366
221719241 0 0 3
962335366 419488154 576346546
610638538 1 0 2
419488154 576346546
170484055 0 0 1
340612019
538993396 0 0 3
911058219 576346546 369338400
755348763 1 0 2
419488154 94007939
656472642 1 0 3
465978408 94007939 962335366
45433590 1 0 2
94007939 340612019
629246837 1 0 3
340612019 340612019 94007939
772801422 1 0 3
340612019 962335366 258662308
899973208 1 0 1
465978408
478045620 0 0 1
258662308
496813928 0 0 3
340612019 340612019 94007939
774093173 1 0 2
911058219 258662308
866189512 1 0 3
465978408 369338400 340612019
483961367 0 0 2
369338400 465978408
297971623 0 0 1
962335366
503005635 0 0 2
419488154 340612019
498950398 0 0 2
576346546 465978408
225585775 0 0 3
258662308 369338400 962335366
302422721 0 0 2
962335366 258662308
608295238 1 0 1
94007939
800513304 1 0 1
465978408
25880314 0 0 2
576346546 962335366
245236196 1 0 1
258662308
447081054 1 0 1
576346546
293934216 1 0 2
576346546 94007939
76985735 1 0 3
340612019 962335366 465978408
91351875 1 0 3
465978408 369338400 419488154
87962391 1 0 2
258662308 94007939
67491031 1 0 2
911058219 911058219
421489129 1 0 2
576346546 465978408
156090236 1 0 2
369338400 419488154
132465218 1 0 3
465978408 258662308 911058219
276206643 1 0 2
419488154 258662308
188496231 0 0 1
962335366
745319426 1 0 3
340612019 369338400 94007939
462151051 1 0 3
419488154 465978408 911058219
206897742 0 0 1
911058219
806597890 0 0 1
911058219
222010770 0 0 3
465978408 369338400 94007939
160171347 1 0 2
962335366 258662308
620540954 0 0 1
258662308
172343094 0 0 2
258662308 94007939
829612409 0 0 2
94007939 258662308
879760299 0 0 1
419488154
310429322 0 0 2
369338400 911058219
332662500 0 0 2
911058219 576346546
631952591 0 0 3
465978408 911058219 340612019
811366913 0 0 2
94007939 465978408
554153928 0 0 2
340612019 340612019
482017200 0 0 3
419488154 962335366 465978408
192434575 0 0 1
576346546
193154763 0 0 3
258662308 962335366 369338400
919733944 0 0 2
369338400 258662308
99344376 0 0 1
419488154
150993539 0 0 1
369338400
455171521 0 0 1
465978408
774934803 0 0 2
340612019 419488154
818807862 0 0 3
340612019 576346546 911058219
43859424 0 0 2
911058219 576346546
142441660 0 0 2
258662308 962335366
424875815 0 0 3
911058219 369338400 340612019
768433869 0 0 1
576346546
571706439 0 0 2
576346546 94007939
75674231 0 0 3
962335366 962335366 576346546
897229788 0 0 3
419488154 465978408 962335366
948706470 0 0 2
962335366 576346546
107193368 0 0 2
369338400 94007939
750654506 0 0 1
94007939
554900331 0 0 2
419488154 258662308
834892910 0 0 2
962335366 369338400
145290108 0 0 1
576346546
420712901 0 0 1
465978408
122585936 0 0 3
369338400 94007939 369338400
666763730 0 0 2
94007939 465978408
366582487 0 0 1
465978408
841010843 0 0 1
369338400
819504989 0 0 3
94007939 369338400 419488154
71492415 0 0 3
465978408 419488154 465978408
323527607 0 0 3
962335366 465978408 911058219
527295502 0 0 1
340612019
188316751 0 0 1
258662308
96384627 0 0 2
369338400 576346546
648934923 0 0 1
340612019
386116236 0 0 1
369338400
947196956 0 0 3
911058219 911058219 962335366
442161093 0 0 3
962335366 419488154 258662308
751983293 0 0 1
94007939
181800873 0 0 1
369338400
637257834 0 0 1
419488154
192684859 0 0 2
94007939 465978408
77104279 0 0 3
576346546 911058219 962335366
763234560 0 0 1
962335366
849612404 0 0 1
962335366
417548151 0 0 2
258662308 369338400
