1020
647979424 1 1 1
808519073
862157554 0 1 4
808519073 571773198 571773198 244715905
62055755 0 1 3
222305581 796650446 571773198
183105532 1 1 1
576041310
677183247 0 1 5
571773198 796650446 222305581 796650446 169565324
151735910 1 1 4
169565324 222305581 796650446 576041310
211103192 1 1 3
571773198 244715905 169565324
972746992 0 1 1
222305581
53105100 1 1 5
571773198 576041310 169565324 796650446 222305581
91574023 0 1 3
576041310 244715905 169565324
349319623 0 1 3
477182610 571773198 222305581
100210102 0 1 4
808519073 222305581 309466056 309466056
151735910 1 0 4
169565324 222305581 796650446 576041310
598661426 1 1 3
309466056 796650446 169565324
598661426 1 0 3
309466056 796650446 169565324
647979424 1 0 1
808519073
116157245 0 1 4
808519073 222305581 244715905 796650446
211103192 1 0 3
571773198 244715905 169565324
277930228 1 1 5
309466056 571773198 244715905 576041310 169565324
5071972 0 1 4
576041310 222305581 244715905 169565324
183105532 1 0 1
576041310
76709203 0 1 5
796650446 571773198 222305581 244715905 576041310
5804332 0 1 2
222305581 244715905
107139748 1 1 4
169565324 571773198 477182610 576041310
21707430 0 1 2
244715905 169565324
599025701 1 1 3
808519073 796650446 309466056
59784848 1 1 3
477182610 244715905 571773198
43789105 0 1 3
222305581 796650446 796650446
696257958 0 1 1
309466056
635826157 1 1 2
576041310 576041310
692955902 1 1 3
222305581 309466056 244715905
5724013 0 1 4
576041310 571773198 169565324 222305581
60115706 1 1 1
808519073
353991326 1 1 4
571773198 222305581 796650446 309466056
335422974 0 1 2
808519073 222305581
282421287 1 1 3
571773198 477182610 309466056
1970749 0 1 1
244715905
50096879 0 1 2
244715905 169565324
196993393 1 1 5
576041310 796650446 244715905 808519073 808519073
37592633 1 1 3
477182610 808519073 808519073
727280125 0 1 2
222305581 244715905
348729302 1 1 5
477182610 571773198 808519073 222305581 808519073
5071972 0 0 4
576041310 222305581 244715905 169565324
248695824 1 1 1
576041310
552543468 1 1 3
571773198 571773198 576041310
254350753 0 1 4
244715905 576041310 796650446 309466056
340269846 1 1 2
309466056 169565324
901863090 0 1 3
796650446 222305581 222305581
354560854 1 1 1
169565324
938931271 0 1 4
309466056 222305581 796650446 222305581
18020334 0 1 4
169565324 576041310 576041310 576041310
632491082 0 1 1
571773198
944003243 0 1 2
222305581 244715905
94729536 1 1 1
576041310
638295413 1 1 5
576041310 576041310 309466056 576041310 571773198
903659342 0 1 5
808519073 571773198 796650446 808519073 571773198
968953317 1 1 4
576041310 576041310 796650446 576041310
89837466 1 1 1
796650446
815960541 1 1 4
576041310 571773198 808519073 571773198
12742422 0 1 3
808519073 244715905 576041310
786095423 0 1 5
309466056 808519073 309466056 222305581 576041310
304303050 0 1 2
576041310 244715905
304303050 0 0 2
576041310 244715905
558214675 0 1 2
222305581 808519073
644335787 0 1 1
796650446
364418755 1 1 3
309466056 222305581 571773198
912206001 0 1 5
808519073 309466056 309466056 571773198 808519073
832275112 1 1 4
477182610 796650446 244715905 576041310
282421287 1 0 3
571773198 477182610 309466056
499356393 1 1 2
576041310 796650446
914176749 0 1 3
576041310 808519073 309466056
882371990 0 1 1
222305581
696349785 0 1 5
477182610 808519073 477182610 244715905 571773198
951769381 1 1 4
571773198 222305581 808519073 169565324
462168467 1 1 2
222305581 576041310
89837466 1 0 1
796650446
45079086 1 1 5
244715905 309466056 309466056 477182610 244715905
52981556 1 1 3
576041310 796650446 576041310
14711934 0 1 5
576041310 808519073 169565324 222305581 244715905
299429839 0 1 3
169565324 309466056 576041310
393251402 1 1 4
576041310 222305581 244715905 796650446
916575024 0 1 2
576041310 477182610
506507044 1 1 3
222305581 808519073 796650446
184699024 1 1 2
571773198 222305581
787111709 1 1 1
808519073
138998125 1 1 4
808519073 576041310 571773198 796650446
59784848 1 0 3
477182610 244715905 571773198
128702266 1 1 1
309466056
677183247 0 0 5
571773198 796650446 222305581 796650446 169565324
881841245 1 1 3
169565324 571773198 222305581
629809890 0 1 2
808519073 244715905
884877960 0 1 1
244715905
703310913 1 1 4
222305581 309466056 576041310 576041310
832275112 1 0 4
477182610 796650446 244715905 576041310
462168467 1 0 2
222305581 576041310
572163707 1 1 2
477182610 808519073
116157245 0 0 4
808519073 222305581 244715905 796650446
553354852 1 1 5
796650446 222305581 576041310 477182610 244715905
568569686 1 1 3
808519073 571773198 222305581
696257958 0 0 1
309466056
210775481 1 1 5
796650446 576041310 477182610 808519073 571773198
857657901 0 1 5
576041310 477182610 244715905 796650446 169565324
914176749 0 0 3
576041310 808519073 309466056
126784361 1 1 1
222305581
348729302 1 0 5
477182610 571773198 808519073 222305581 808519073
855111267 1 1 5
576041310 808519073 796650446 309466056 244715905
74593008 1 1 1
244715905
38990361 1 1 2
222305581 244715905
539902730 0 1 2
169565324 222305581
573949400 1 1 1
808519073
805683461 1 1 4
808519073 244715905 169565324 576041310
422274719 1 1 4
808519073 309466056 222305581 576041310
270299185 0 1 4
571773198 309466056 571773198 309466056
609969194 0 1 5
477182610 309466056 169565324 309466056 576041310
884443185 1 1 5
571773198 808519073 309466056 808519073 808519073
167894622 1 1 1
576041310
662950749 0 1 2
477182610 477182610
751671471 0 1 1
222305581
467324460 0 1 4
169565324 477182610 576041310 796650446
56202150 1 1 2
571773198 808519073
520762846 1 1 5
477182610 571773198 808519073 796650446 309466056
857657901 0 0 5
576041310 477182610 244715905 796650446 169565324
973831504 1 1 2
796650446 477182610
93417526 1 1 2
169565324 169565324
307874554 0 1 2
796650446 576041310
965345980 0 1 1
169565324
74636143 0 1 2
309466056 571773198
42232150 0 1 2
576041310 796650446
447672221 0 1 1
309466056
787111709 1 0 1
808519073
959514102 0 1 3
576041310 796650446 244715905
745543063 0 1 2
244715905 309466056
19835927 0 1 5
244715905 309466056 309466056 796650446 222305581
365385306 1 1 2
796650446 571773198
166629100 1 1 2
244715905 244715905
83127759 1 1 1
222305581
223043206 0 1 2
244715905 576041310
293413460 0 1 4
571773198 576041310 477182610 244715905
938239025 0 1 4
309466056 477182610 808519073 309466056
297636213 1 1 3
244715905 169565324 808519073
184920172 1 1 1
576041310
330658106 1 1 1
808519073
871585613 0 1 2
808519073 309466056
843119985 1 1 2
571773198 244715905
752932825 1 1 5
477182610 576041310 222305581 169565324 808519073
994401149 1 1 1
571773198
644335787 0 0 1
796650446
305605530 1 1 4
576041310 571773198 796650446 571773198
489892361 0 1 4
169565324 169565324 169565324 576041310
162295770 1 1 2
244715905 309466056
968556278 0 1 1
796650446
128702266 1 0 1
309466056
94080183 1 1 1
571773198
727280125 0 0 2
222305581 244715905
786095423 0 0 5
309466056 808519073 309466056 222305581 576041310
482136582 0 1 3
244715905 477182610 477182610
877274780 1 1 1
808519073
901863090 0 0 3
796650446 222305581 222305581
614843028 1 1 3
244715905 576041310 571773198
308484437 1 1 1
571773198
970692305 1 1 1
309466056
922717582 1 1 4
169565324 477182610 796650446 222305581
126784361 1 0 1
222305581
126346768 0 1 5
571773198 576041310 309466056 222305581 576041310
45079086 1 0 5
244715905 309466056 309466056 477182610 244715905
45328447 1 1 2
309466056 808519073
817466083 1 1 5
222305581 244715905 309466056 309466056 808519073
38990361 1 0 2
222305581 244715905
574018989 0 1 1
222305581
857358901 0 1 2
222305581 309466056
415525497 0 1 1
808519073
446371267 0 1 5
808519073 796650446 576041310 796650446 796650446
75260558 0 1 2
222305581 244715905
582154597 0 1 4
571773198 576041310 571773198 796650446
582154597 0 0 4
571773198 576041310 571773198 796650446
529499026 0 1 2
309466056 244715905
298303763 0 1 2
169565324 796650446
875568056 1 1 2
477182610 222305581
320254402 1 1 5
576041310 796650446 169565324 571773198 477182610
448456328 1 1 3
222305581 796650446 222305581
913004580 0 1 4
571773198 808519073 796650446 309466056
558214675 0 0 2
222305581 808519073
650912508 1 1 4
477182610 244715905 571773198 309466056
415525497 0 0 1
808519073
172558292 1 1 2
477182610 169565324
756124564 1 1 4
222305581 222305581 477182610 222305581
256361684 1 1 2
571773198 169565324
166959440 1 1 3
222305581 808519073 222305581
61730093 0 1 4
244715905 808519073 222305581 244715905
598770396 1 1 5
477182610 808519073 796650446 477182610 309466056
181771561 1 1 4
169565324 796650446 169565324 808519073
882802722 0 1 5
309466056 169565324 169565324 244715905 808519073
692850579 1 1 1
309466056
663908142 0 1 3
477182610 576041310 571773198
612593853 0 1 3
309466056 571773198 309466056
307693606 1 1 4
576041310 309466056 808519073 222305581
972392578 0 1 4
796650446 169565324 576041310 309466056
435802509 1 1 1
796650446
82927539 0 1 3
571773198 808519073 169565324
98739346 0 1 5
222305581 244715905 576041310 796650446 808519073
333647308 1 1 4
477182610 309466056 808519073 477182610
900393622 0 1 4
796650446 222305581 309466056 477182610
525274686 0 1 4
808519073 796650446 808519073 796650446
871585613 0 0 2
808519073 309466056
43522560 1 1 5
222305581 571773198 796650446 796650446 222305581
61730093 0 0 4
244715905 808519073 222305581 244715905
168435470 0 1 3
808519073 244715905 309466056
971645952 1 1 4
796650446 571773198 244715905 796650446
118783117 0 1 5
309466056 169565324 571773198 309466056 477182610
750590066 0 1 5
309466056 808519073 571773198 244715905 477182610
353661329 1 1 4
808519073 222305581 309466056 477182610
269603231 1 1 4
477182610 796650446 576041310 808519073
478674474 0 1 3
309466056 477182610 169565324
526432083 1 1 2
477182610 477182610
718059558 1 1 2
571773198 576041310
391679053 0 1 5
222305581 571773198 477182610 796650446 576041310
29860942 0 1 3
477182610 309466056 244715905
890617849 0 1 2
309466056 576041310
319968 0 1 5
309466056 477182610 808519073 796650446 477182610
938239025 0 0 4
309466056 477182610 808519073 309466056
286222625 1 1 2
477182610 796650446
57577288 1 1 3
808519073 808519073 571773198
914566412 0 1 1
477182610
884993020 0 1 1
244715905
599025701 1 0 3
808519073 796650446 309466056
91865201 0 1 5
796650446 222305581 477182610 169565324 309466056
649885485 1 1 3
244715905 571773198 244715905
430359950 0 1 5
796650446 808519073 576041310 808519073 169565324
755773342 0 1 5
222305581 796650446 808519073 309466056 808519073
114995690 0 1 2
244715905 309466056
738053556 1 1 4
796650446 222305581 169565324 244715905
728165920 0 1 2
309466056 808519073
550798198 1 1 1
477182610
805683461 1 0 4
808519073 244715905 169565324 576041310
673497446 0 1 3
222305581 571773198 244715905
679421617 1 1 4
571773198 796650446 309466056 808519073
972392578 0 0 4
796650446 169565324 576041310 309466056
736961857 0 1 4
477182610 576041310 244715905 576041310
426407419 0 1 4
244715905 571773198 796650446 244715905
204696302 1 1 4
169565324 477182610 796650446 244715905
45328447 1 0 2
309466056 808519073
780484416 0 1 5
796650446 222305581 169565324 576041310 222305581
594842889 1 1 2
169565324 169565324
28858605 0 1 1
222305581
751783884 1 1 5
244715905 477182610 244715905 222305581 477182610
594842889 1 0 2
169565324 169565324
345432954 0 1 1
571773198
76709203 0 0 5
796650446 571773198 222305581 244715905 576041310
235036286 0 1 1
796650446
21387115 1 1 4
808519073 808519073 222305581 309466056
824107427 1 1 4
808519073 571773198 576041310 796650446
297636213 1 0 3
244715905 169565324 808519073
761468368 1 1 1
222305581
739446672 0 1 5
244715905 576041310 222305581 571773198 576041310
68302831 0 1 2
796650446 571773198
791329309 0 1 5
222305581 576041310 222305581 244715905 477182610
482580873 0 1 1
477182610
12742422 0 0 3
808519073 244715905 576041310
68622798 0 1 2
477182610 571773198
256361684 1 0 2
571773198 169565324
77551933 1 1 3
571773198 222305581 571773198
392674512 0 1 3
309466056 477182610 169565324
835705561 0 1 3
796650446 222305581 244715905
815061304 1 1 4
169565324 309466056 576041310 571773198
484539712 0 1 3
309466056 571773198 309466056
890617849 0 0 2
309466056 576041310
485591046 0 1 3
571773198 576041310 222305581
97937606 0 1 1
309466056
240313054 0 1 1
309466056
600586735 1 1 2
477182610 477182610
635826157 1 0 2
576041310 576041310
835991161 1 1 5
244715905 576041310 309466056 576041310 244715905
467324460 0 0 4
169565324 477182610 576041310 796650446
100210102 0 0 4
808519073 222305581 309466056 309466056
820995325 1 1 4
477182610 808519073 309466056 796650446
3901284 1 1 3
169565324 222305581 169565324
362004958 1 1 5
169565324 576041310 571773198 222305581 244715905
500416941 0 1 3
477182610 808519073 244715905
740863141 1 1 4
796650446 169565324 477182610 244715905
788412377 0 1 5
169565324 571773198 244715905 222305581 808519073
557629594 1 1 5
244715905 571773198 796650446 244715905 169565324
373863908 0 1 2
576041310 309466056
383255265 0 1 3
808519073 808519073 222305581
994401149 1 0 1
571773198
485591046 0 0 3
571773198 576041310 222305581
922717582 1 0 4
169565324 477182610 796650446 222305581
600586735 1 0 2
477182610 477182610
586488198 1 1 4
222305581 309466056 309466056 244715905
125647792 1 1 3
222305581 309466056 796650446
581204570 0 1 5
477182610 477182610 309466056 571773198 796650446
638295413 1 0 5
576041310 576041310 309466056 576041310 571773198
973831504 1 0 2
796650446 477182610
68622798 0 0 2
477182610 571773198
821524483 1 1 5
571773198 309466056 571773198 169565324 571773198
999551258 0 1 5
309466056 571773198 808519073 571773198 808519073
257828349 0 1 1
169565324
126346768 0 0 5
571773198 576041310 309466056 222305581 576041310
43789105 0 0 3
222305581 796650446 796650446
788412377 0 0 5
169565324 571773198 244715905 222305581 808519073
435509202 1 1 3
244715905 222305581 808519073
591514281 1 1 4
169565324 222305581 571773198 796650446
326131179 1 1 1
169565324
226838510 1 1 1
222305581
74095153 0 1 4
222305581 571773198 796650446 477182610
247270329 0 1 2
808519073 309466056
156906794 0 1 1
222305581
466769665 1 1 2
222305581 576041310
598770396 1 0 5
477182610 808519073 796650446 477182610 309466056
82975889 0 1 4
576041310 309466056 571773198 169565324
824484450 1 1 2
576041310 244715905
43522560 1 0 5
222305581 571773198 796650446 796650446 222305581
951309376 0 1 3
309466056 169565324 309466056
421083286 1 1 4
222305581 576041310 796650446 169565324
922422055 1 1 5
309466056 309466056 222305581 309466056 808519073
44138781 0 1 2
169565324 222305581
874186372 1 1 1
808519073
610929567 1 1 2
169565324 477182610
865134105 0 1 2
808519073 808519073
878087656 0 1 3
222305581 309466056 222305581
500416941 0 0 3
477182610 808519073 244715905
972934524 1 1 3
576041310 309466056 576041310
53105100 1 0 5
571773198 576041310 169565324 796650446 222305581
435802509 1 0 1
796650446
218067397 1 1 2
576041310 309466056
471467148 1 1 1
571773198
761346900 1 1 5
477182610 169565324 309466056 808519073 244715905
775696990 0 1 1
244715905
308484437 1 0 1
571773198
697847407 1 1 4
808519073 571773198 808519073 222305581
997118516 0 1 3
576041310 222305581 222305581
214701540 0 1 1
571773198
676011550 0 1 3
808519073 169565324 222305581
578323086 0 1 2
808519073 244715905
888742374 1 1 1
796650446
675562807 1 1 2
808519073 571773198
836151434 0 1 1
309466056
324251576 0 1 4
244715905 169565324 571773198 309466056
119593440 0 1 1
222305581
14798964 0 1 5
576041310 222305581 222305581 244715905 309466056
403606437 0 1 5
571773198 309466056 576041310 576041310 169565324
193688592 1 1 5
808519073 576041310 309466056 477182610 796650446
114585644 1 1 3
808519073 244715905 576041310
421083286 1 0 4
222305581 576041310 796650446 169565324
560513231 1 1 5
222305581 576041310 477182610 309466056 477182610
512974608 0 1 2
796650446 244715905
50077885 0 1 1
808519073
237514032 0 1 4
576041310 244715905 309466056 576041310
316800336 0 1 5
477182610 477182610 571773198 309466056 808519073
471161170 0 1 2
477182610 571773198
159936086 1 1 2
808519073 309466056
360939116 1 1 4
571773198 796650446 169565324 222305581
197863894 1 1 1
796650446
780484416 0 0 5
796650446 222305581 169565324 576041310 222305581
770865652 1 1 1
796650446
78589573 1 1 5
796650446 477182610 576041310 244715905 796650446
75951549 1 1 3
576041310 477182610 808519073
596316527 1 1 4
576041310 222305581 169565324 309466056
149173321 0 1 3
796650446 808519073 796650446
399935048 1 1 5
576041310 808519073 222305581 244715905 169565324
210179779 1 1 2
169565324 222305581
924870311 1 1 5
244715905 571773198 169565324 169565324 571773198
184920172 1 0 1
576041310
97782454 1 1 4
244715905 571773198 571773198 309466056
207298294 1 1 3
796650446 576041310 576041310
18020334 0 0 4
169565324 576041310 576041310 576041310
992088202 0 1 2
309466056 244715905
626310356 0 1 3
571773198 477182610 477182610
638137731 1 1 4
796650446 796650446 477182610 576041310
880830575 1 1 1
222305581
675562807 1 0 2
808519073 571773198
154389514 1 1 1
576041310
326805516 1 1 5
477182610 796650446 222305581 477182610 571773198
57598502 1 1 4
222305581 309466056 169565324 477182610
273982953 0 1 3
477182610 309466056 796650446
320254402 1 0 5
576041310 796650446 169565324 571773198 477182610
56202150 1 0 2
571773198 808519073
662950749 0 0 2
477182610 477182610
663908142 0 0 3
477182610 576041310 571773198
362004958 1 0 5
169565324 576041310 571773198 222305581 244715905
341604480 0 1 2
796650446 309466056
461204939 1 1 2
571773198 477182610
467671545 0 1 2
571773198 169565324
456190123 0 1 1
169565324
1970749 0 0 1
244715905
874234521 1 1 2
169565324 571773198
980646152 1 1 2
808519073 477182610
506268007 0 1 4
796650446 808519073 222305581 169565324
111748552 0 1 4
222305581 576041310 571773198 222305581
992088202 0 0 2
309466056 244715905
149962839 1 1 3
576041310 309466056 576041310
60115706 1 0 1
808519073
829945529 1 1 5
576041310 571773198 244715905 796650446 576041310
972934524 1 0 3
576041310 309466056 576041310
124200989 0 1 1
244715905
349319623 0 0 3
477182610 571773198 222305581
510901955 1 1 3
477182610 244715905 576041310
27809422 1 1 1
808519073
895066640 1 1 4
808519073 571773198 222305581 477182610
442007879 0 1 5
576041310 222305581 477182610 576041310 576041310
57577288 1 0 3
808519073 808519073 571773198
956277322 1 1 3
571773198 796650446 222305581
343899518 1 1 1
244715905
591181199 1 1 3
808519073 169565324 169565324
208728721 1 1 5
169565324 576041310 309466056 222305581 576041310
815061304 1 0 4
169565324 309466056 576041310 571773198
554079296 0 1 1
309466056
368567861 0 1 1
169565324
159027526 1 1 3
169565324 571773198 576041310
207298294 1 0 3
796650446 576041310 576041310
761377590 1 1 3
576041310 222305581 571773198
360656062 1 1 5
576041310 169565324 576041310 477182610 796650446
307874554 0 0 2
796650446 576041310
815960541 1 0 4
576041310 571773198 808519073 571773198
785337881 1 1 5
576041310 576041310 244715905 477182610 576041310
489892361 0 0 4
169565324 169565324 169565324 576041310
857358901 0 0 2
222305581 309466056
252031672 0 1 3
244715905 169565324 169565324
94002989 0 1 5
222305581 244715905 796650446 477182610 571773198
939727395 0 1 1
477182610
578837188 0 1 4
169565324 477182610 808519073 796650446
4117842 0 1 1
244715905
213710347 0 1 3
796650446 169565324 576041310
980646152 1 0 2
808519073 477182610
920441667 1 1 4
796650446 309466056 808519073 808519073
465322780 1 1 3
169565324 309466056 244715905
533898243 0 1 2
796650446 477182610
229148141 1 1 2
796650446 571773198
192073652 0 1 1
477182610
609969194 0 0 5
477182610 309466056 169565324 309466056 576041310
367060747 1 1 3
571773198 796650446 808519073
587932500 0 1 1
808519073
303822203 1 1 3
244715905 309466056 309466056
572163707 1 0 2
477182610 808519073
517023585 0 1 5
477182610 808519073 309466056 244715905 808519073
417878028 1 1 1
571773198
428023191 1 1 3
309466056 222305581 571773198
27925539 0 1 5
576041310 477182610 244715905 222305581 222305581
446371267 0 0 5
808519073 796650446 576041310 796650446 796650446
298203801 1 1 1
244715905
175606182 1 1 1
576041310
322449769 0 1 2
244715905 477182610
254481122 1 1 1
309466056
751671471 0 0 1
222305581
519505700 0 1 5
222305581 796650446 244715905 222305581 576041310
913630968 0 1 1
571773198
463209842 0 1 1
477182610
73584995 1 1 3
169565324 309466056 222305581
282198828 1 1 5
244715905 576041310 571773198 796650446 796650446
622237367 0 1 4
796650446 169565324 309466056 576041310
687478936 0 1 2
571773198 796650446
495371242 1 1 2
808519073 244715905
260091600 1 1 1
571773198
939510608 1 1 2
796650446 808519073
589374230 1 1 3
244715905 169565324 571773198
303822203 1 0 3
244715905 309466056 309466056
199818994 0 1 4
477182610 571773198 796650446 796650446
370864147 1 1 4
309466056 796650446 222305581 244715905
593492071 1 1 1
796650446
266045692 1 1 5
309466056 571773198 576041310 571773198 309466056
143822165 1 1 2
222305581 808519073
911331203 1 1 3
309466056 571773198 477182610
799943935 0 1 5
796650446 222305581 796650446 169565324 169565324
372970305 0 1 5
477182610 244715905 796650446 796650446 808519073
103404854 1 1 2
244715905 244715905
167004681 0 1 3
808519073 576041310 477182610
960902804 0 1 4
808519073 796650446 571773198 222305581
259743409 0 1 3
309466056 576041310 309466056
684028265 0 1 3
169565324 309466056 576041310
27809422 1 0 1
808519073
231297183 1 1 3
571773198 477182610 309466056
687766599 0 1 1
222305581
564470156 1 1 3
571773198 808519073 244715905
529500983 0 1 3
571773198 576041310 808519073
715889133 0 1 2
169565324 477182610
886919924 0 1 2
576041310 222305581
636498456 1 1 1
309466056
87911184 1 1 2
244715905 222305581
673497446 0 0 3
222305581 571773198 244715905
653067243 0 1 3
576041310 477182610 571773198
99708297 0 1 5
477182610 244715905 571773198 222305581 808519073
14012530 1 1 3
808519073 222305581 576041310
935266071 1 1 2
309466056 222305581
574462016 0 1 3
309466056 477182610 477182610
701491466 0 1 5
309466056 796650446 571773198 244715905 222305581
75260558 0 0 2
222305581 244715905
283153664 1 1 1
576041310
834553615 0 1 2
576041310 169565324
493518425 0 1 4
309466056 169565324 796650446 222305581
872527893 0 1 3
309466056 169565324 576041310
886888960 1 1 4
169565324 571773198 169565324 571773198
864382571 1 1 3
309466056 244715905 309466056
318536315 1 1 3
244715905 222305581 169565324
152934651 0 1 1
244715905
8204735 1 1 2
244715905 808519073
204696302 1 0 4
169565324 477182610 796650446 244715905
82383869 0 1 5
309466056 169565324 222305581 477182610 244715905
952878585 0 1 3
808519073 309466056 571773198
233691391 0 1 2
571773198 796650446
185788723 0 1 5
169565324 309466056 222305581 571773198 571773198
972399617 0 1 2
796650446 169565324
47110547 0 1 3
169565324 477182610 576041310
445532131 0 1 3
808519073 222305581 576041310
508944234 1 1 2
309466056 808519073
208728721 1 0 5
169565324 576041310 309466056 222305581 576041310
319968 0 0 5
309466056 477182610 808519073 796650446 477182610
130924081 0 1 1
477182610
985815081 0 1 3
477182610 808519073 222305581
73414389 0 1 5
169565324 309466056 222305581 169565324 222305581
660425064 0 1 5
576041310 477182610 576041310 808519073 808519073
877274780 1 0 1
808519073
701704213 0 1 3
309466056 477182610 244715905
812850664 1 1 1
477182610
149439871 0 1 1
244715905
789615396 1 1 5
796650446 571773198 796650446 169565324 477182610
318434259 1 1 4
244715905 808519073 244715905 309466056
101664520 0 1 4
796650446 808519073 808519073 222305581
803627926 1 1 4
808519073 309466056 477182610 796650446
106216681 1 1 4
477182610 571773198 477182610 796650446
676126535 0 1 3
222305581 309466056 796650446
357635743 1 1 3
576041310 571773198 477182610
389370344 1 1 3
244715905 571773198 244715905
363196501 0 1 5
576041310 576041310 808519073 576041310 576041310
703670519 0 1 5
222305581 244715905 796650446 309466056 169565324
114414588 0 1 4
169565324 222305581 571773198 169565324
102601812 1 1 4
169565324 571773198 796650446 571773198
420569441 0 1 2
477182610 222305581
432950902 1 1 4
796650446 808519073 222305581 477182610
255536462 1 1 1
477182610
281290527 0 1 3
222305581 169565324 309466056
515334771 0 1 1
571773198
60931399 1 1 2
571773198 244715905
514981917 1 1 2
169565324 576041310
553639845 0 1 3
796650446 576041310 222305581
33331015 1 1 2
169565324 309466056
414608815 0 1 3
169565324 244715905 576041310
525274686 0 0 4
808519073 796650446 808519073 796650446
999171975 0 1 2
796650446 222305581
394791600 1 1 4
244715905 796650446 576041310 169565324
545532896 0 1 1
477182610
837503407 0 1 5
477182610 244715905 808519073 222305581 244715905
320722340 0 1 3
808519073 477182610 576041310
58474311 1 1 3
477182610 571773198 796650446
391723972 0 1 3
576041310 169565324 477182610
94729536 1 0 1
576041310
133573004 0 1 2
796650446 309466056
207914181 1 1 4
571773198 571773198 796650446 796650446
33855719 1 1 1
222305581
304523614 0 1 1
169565324
309578700 0 1 2
244715905 796650446
837483644 1 1 4
244715905 571773198 169565324 796650446
410740294 0 1 5
169565324 808519073 222305581 808519073 169565324
985705234 1 1 2
169565324 477182610
515334771 0 0 1
571773198
47635738 1 1 4
309466056 244715905 222305581 808519073
800110637 0 1 2
169565324 477182610
201418086 1 1 4
808519073 808519073 808519073 309466056
751306256 1 1 1
244715905
914525224 1 1 4
571773198 808519073 169565324 576041310
304019897 1 1 5
309466056 796650446 576041310 244715905 169565324
24392048 0 1 5
796650446 808519073 576041310 576041310 808519073
199992477 0 1 5
576041310 477182610 808519073 576041310 222305581
412072711 1 1 5
169565324 808519073 808519073 169565324 244715905
305682574 0 1 1
222305581
715327247 0 1 4
169565324 576041310 222305581 309466056
884877960 0 0 1
244715905
473004109 0 1 1
309466056
820664491 0 1 5
222305581 477182610 796650446 808519073 309466056
121483443 1 1 1
222305581
358851475 1 1 2
571773198 244715905
87789657 1 1 3
222305581 222305581 309466056
874234521 1 0 2
169565324 571773198
120655417 1 1 4
222305581 477182610 169565324 477182610
753643075 0 1 1
477182610
633322552 0 1 1
477182610
810675176 0 1 4
309466056 477182610 796650446 309466056
74365414 1 1 1
309466056
691796862 1 1 1
576041310
888742374 1 0 1
796650446
202399147 0 1 2
222305581 169565324
920441667 1 0 4
796650446 309466056 808519073 808519073
60454769 0 1 5
222305581 477182610 169565324 796650446 571773198
899711043 1 1 1
808519073
236254865 1 1 4
244715905 571773198 244715905 808519073
103404854 1 0 2
244715905 244715905
143822165 1 0 2
222305581 808519073
217494734 0 1 5
796650446 309466056 477182610 309466056 796650446
209289742 1 1 2
169565324 808519073
926254861 1 1 1
222305581
628235027 0 1 1
571773198
149173321 0 0 3
796650446 808519073 796650446
47511328 0 1 4
808519073 169565324 796650446 796650446
973890598 1 1 1
309466056
428345663 0 1 5
808519073 808519073 244715905 796650446 309466056
101445765 0 1 4
571773198 796650446 309466056 808519073
577713206 1 1 4
244715905 796650446 477182610 808519073
864382571 1 0 3
309466056 244715905 309466056
195387238 0 1 4
222305581 796650446 576041310 576041310
614843028 1 0 3
244715905 576041310 571773198
405465662 1 1 2
808519073 477182610
602105253 0 1 2
222305581 796650446
395379715 1 1 4
808519073 477182610 309466056 571773198
817538372 1 1 3
244715905 244715905 576041310
907787827 0 1 2
477182610 576041310
691796862 1 0 1
576041310
110706961 0 1 1
222305581
143058832 1 1 5
571773198 244715905 244715905 244715905 169565324
466769665 1 0 2
222305581 576041310
580968669 1 1 3
571773198 477182610 244715905
84706756 1 1 5
808519073 169565324 796650446 477182610 222305581
354426658 0 1 4
576041310 576041310 477182610 808519073
668758325 0 1 4
808519073 808519073 244715905 571773198
57878524 1 1 2
169565324 169565324
108069732 0 1 3
796650446 576041310 808519073
154597229 0 1 1
244715905
868553699 1 1 3
477182610 571773198 244715905
913630968 0 0 1
571773198
519505700 0 0 5
222305581 796650446 244715905 222305581 576041310
34951498 1 1 4
309466056 477182610 244715905 808519073
846394090 1 1 3
309466056 222305581 169565324
70952845 1 1 1
796650446
482136582 0 0 3
244715905 477182610 477182610
947922618 0 1 4
222305581 309466056 244715905 576041310
973890598 1 0 1
309466056
448456328 1 0 3
222305581 796650446 222305581
746105132 0 1 4
309466056 796650446 808519073 309466056
740863141 1 0 4
796650446 169565324 477182610 244715905
159724062 0 1 2
477182610 808519073
508944234 1 0 2
309466056 808519073
935266071 1 0 2
309466056 222305581
482580873 0 0 1
477182610
612593853 0 0 3
309466056 571773198 309466056
506507044 1 0 3
222305581 808519073 796650446
510901955 1 0 3
477182610 244715905 576041310
589374230 1 0 3
244715905 169565324 571773198
985705234 1 0 2
169565324 477182610
270299185 0 0 4
571773198 309466056 571773198 309466056
800110637 0 0 2
169565324 477182610
649885485 1 0 3
244715905 571773198 244715905
74095153 0 0 4
222305581 571773198 796650446 477182610
499356393 1 0 2
576041310 796650446
751306256 1 0 1
244715905
130924081 0 0 1
477182610
878087656 0 0 3
222305581 309466056 222305581
364418755 1 0 3
309466056 222305581 571773198
107139748 1 0 4
169565324 571773198 477182610 576041310
353991326 1 0 4
571773198 222305581 796650446 309466056
345432954 0 0 1
571773198
236254865 1 0 4
244715905 571773198 244715905 808519073
622237367 0 0 4
796650446 169565324 309466056 576041310
159724062 0 0 2
477182610 808519073
593492071 1 0 1
796650446
199992477 0 0 5
576041310 477182610 808519073 576041310 222305581
193688592 1 0 5
808519073 576041310 309466056 477182610 796650446
316800336 0 0 5
477182610 477182610 571773198 309466056 808519073
581204570 0 0 5
477182610 477182610 309466056 571773198 796650446
94080183 1 0 1
571773198
60931399 1 0 2
571773198 244715905
432950902 1 0 4
796650446 808519073 222305581 477182610
914566412 0 0 1
477182610
761346900 1 0 5
477182610 169565324 309466056 808519073 244715905
632491082 0 0 1
571773198
514981917 1 0 2
169565324 576041310
333647308 1 0 4
477182610 309466056 808519073 477182610
181771561 1 0 4
169565324 796650446 169565324 808519073
120655417 1 0 4
222305581 477182610 169565324 477182610
970692305 1 0 1
309466056
93417526 1 0 2
169565324 169565324
383255265 0 0 3
808519073 808519073 222305581
692955902 1 0 3
222305581 309466056 244715905
785337881 1 0 5
576041310 576041310 244715905 477182610 576041310
214701540 0 0 1
571773198
568569686 1 0 3
808519073 571773198 222305581
591514281 1 0 4
169565324 222305581 571773198 796650446
420569441 0 0 2
477182610 222305581
985815081 0 0 3
477182610 808519073 222305581
389370344 1 0 3
244715905 571773198 244715905
478674474 0 0 3
309466056 477182610 169565324
965345980 0 0 1
169565324
50096879 0 0 2
244715905 169565324
360939116 1 0 4
571773198 796650446 169565324 222305581
360656062 1 0 5
576041310 169565324 576041310 477182610 796650446
745543063 0 0 2
244715905 309466056
358851475 1 0 2
571773198 244715905
422274719 1 0 4
808519073 309466056 222305581 576041310
209289742 1 0 2
169565324 808519073
922422055 1 0 5
309466056 309466056 222305581 309466056 808519073
596316527 1 0 4
576041310 222305581 169565324 309466056
756124564 1 0 4
222305581 222305581 477182610 222305581
554079296 0 0 1
309466056
62055755 0 0 3
222305581 796650446 571773198
803627926 1 0 4
808519073 309466056 477182610 796650446
626310356 0 0 3
571773198 477182610 477182610
939727395 0 0 1
477182610
391679053 0 0 5
222305581 571773198 477182610 796650446 576041310
872527893 0 0 3
309466056 169565324 576041310
750590066 0 0 5
309466056 808519073 571773198 244715905 477182610
102601812 1 0 4
169565324 571773198 796650446 571773198
968556278 0 0 1
796650446
684028265 0 0 3
169565324 309466056 576041310
447672221 0 0 1
309466056
98739346 0 0 5
222305581 244715905 576041310 796650446 808519073
574462016 0 0 3
309466056 477182610 477182610
28858605 0 0 1
222305581
218067397 1 0 2
576041310 309466056
248695824 1 0 1
576041310
886919924 0 0 2
576041310 222305581
237514032 0 0 4
576041310 244715905 309466056 576041310
959514102 0 0 3
576041310 796650446 244715905
47511328 0 0 4
808519073 169565324 796650446 796650446
252031672 0 0 3
244715905 169565324 169565324
299429839 0 0 3
169565324 309466056 576041310
149962839 1 0 3
576041310 309466056 576041310
233691391 0 0 2
571773198 796650446
82975889 0 0 4
576041310 309466056 571773198 169565324
552543468 1 0 3
571773198 571773198 576041310
960902804 0 0 4
808519073 796650446 571773198 222305581
5804332 0 0 2
222305581 244715905
668758325 0 0 4
808519073 808519073 244715905 571773198
602105253 0 0 2
222305581 796650446
106216681 1 0 4
477182610 571773198 477182610 796650446
37592633 1 0 3
477182610 808519073 808519073
343899518 1 0 1
244715905
916575024 0 0 2
576041310 477182610
862157554 0 0 4
808519073 571773198 571773198 244715905
591181199 1 0 3
808519073 169565324 169565324
357635743 1 0 3
576041310 571773198 477182610
791329309 0 0 5
222305581 576041310 222305581 244715905 477182610
101664520 0 0 4
796650446 808519073 808519073 222305581
101445765 0 0 4
571773198 796650446 309466056 808519073
676126535 0 0 3
222305581 309466056 796650446
322449769 0 0 2
244715905 477182610
159936086 1 0 2
808519073 309466056
586488198 1 0 4
222305581 309466056 309466056 244715905
27925539 0 0 5
576041310 477182610 244715905 222305581 222305581
493518425 0 0 4
309466056 169565324 796650446 222305581
97782454 1 0 4
244715905 571773198 571773198 309466056
971645952 1 0 4
796650446 571773198 244715905 796650446
255536462 1 0 1
477182610
207914181 1 0 4
571773198 571773198 796650446 796650446
913004580 0 0 4
571773198 808519073 796650446 309466056
912206001 0 0 5
808519073 309466056 309466056 571773198 808519073
87789657 1 0 3
222305581 222305581 309466056
97937606 0 0 1
309466056
846394090 1 0 3
309466056 222305581 169565324
755773342 0 0 5
222305581 796650446 808519073 309466056 808519073
175606182 1 0 1
576041310
159027526 1 0 3
169565324 571773198 576041310
5724013 0 0 4
576041310 571773198 169565324 222305581
687478936 0 0 2
571773198 796650446
560513231 1 0 5
222305581 576041310 477182610 309466056 477182610
939510608 1 0 2
796650446 808519073
834553615 0 0 2
576041310 169565324
577713206 1 0 4
244715905 796650446 477182610 808519073
697847407 1 0 4
808519073 571773198 808519073 222305581
172558292 1 0 2
477182610 169565324
149439871 0 0 1
244715905
282198828 1 0 5
244715905 576041310 571773198 796650446 796650446
307693606 1 0 4
576041310 309466056 808519073 222305581
110706961 0 0 1
222305581
21387115 1 0 4
808519073 808519073 222305581 309466056
903659342 0 0 5
808519073 571773198 796650446 808519073 571773198
812850664 1 0 1
477182610
874186372 1 0 1
808519073
999171975 0 0 2
796650446 222305581
184699024 1 0 2
571773198 222305581
820664491 0 0 5
222305581 477182610 796650446 808519073 309466056
835991161 1 0 5
244715905 576041310 309466056 576041310 244715905
761468368 1 0 1
222305581
628235027 0 0 1
571773198
835705561 0 0 3
796650446 222305581 244715905
19835927 0 0 5
244715905 309466056 309466056 796650446 222305581
99708297 0 0 5
477182610 244715905 571773198 222305581 808519073
884443185 1 0 5
571773198 808519073 309466056 808519073 808519073
229148141 1 0 2
796650446 571773198
368567861 0 0 1
169565324
824107427 1 0 4
808519073 571773198 576041310 796650446
78589573 1 0 5
796650446 477182610 576041310 244715905 796650446
855111267 1 0 5
576041310 808519073 796650446 309466056 244715905
465322780 1 0 3
169565324 309466056 244715905
456190123 0 0 1
169565324
944003243 0 0 2
222305581 244715905
633322552 0 0 1
477182610
660425064 0 0 5
576041310 477182610 576041310 808519073 808519073
799943935 0 0 5
796650446 222305581 796650446 169565324 169565324
881841245 1 0 3
169565324 571773198 222305581
87911184 1 0 2
244715905 222305581
330658106 1 0 1
808519073
185788723 0 0 5
169565324 309466056 222305581 571773198 571773198
326805516 1 0 5
477182610 796650446 222305581 477182610 571773198
111748552 0 0 4
222305581 576041310 571773198 222305581
50077885 0 0 1
808519073
4117842 0 0 1
244715905
578323086 0 0 2
808519073 244715905
210775481 1 0 5
796650446 576041310 477182610 808519073 571773198
947922618 0 0 4
222305581 309466056 244715905 576041310
696349785 0 0 5
477182610 808519073 477182610 244715905 571773198
29860942 0 0 3
477182610 309466056 244715905
886888960 1 0 4
169565324 571773198 169565324 571773198
223043206 0 0 2
244715905 576041310
557629594 1 0 5
244715905 571773198 796650446 244715905 169565324
951309376 0 0 3
309466056 169565324 309466056
820995325 1 0 4
477182610 808519073 309466056 796650446
192073652 0 0 1
477182610
326131179 1 0 1
169565324
997118516 0 0 3
576041310 222305581 222305581
365385306 1 0 2
796650446 571773198
884993020 0 0 1
244715905
739446672 0 0 5
244715905 576041310 222305581 571773198 576041310
367060747 1 0 3
571773198 796650446 808519073
68302831 0 0 2
796650446 571773198
74365414 1 0 1
309466056
195387238 0 0 4
222305581 796650446 576041310 576041310
770865652 1 0 1
796650446
305682574 0 0 1
222305581
70952845 1 0 1
796650446
305605530 1 0 4
576041310 571773198 796650446 571773198
340269846 1 0 2
309466056 169565324
938931271 0 0 4
309466056 222305581 796650446 222305581
882371990 0 0 1
222305581
403606437 0 0 5
571773198 309466056 576041310 576041310 169565324
231297183 1 0 3
571773198 477182610 309466056
298303763 0 0 2
169565324 796650446
304019897 1 0 5
309466056 796650446 576041310 244715905 169565324
395379715 1 0 4
808519073 477182610 309466056 571773198
77551933 1 0 3
571773198 222305581 571773198
512974608 0 0 2
796650446 244715905
14012530 1 0 3
808519073 222305581 576041310
924870311 1 0 5
244715905 571773198 169565324 169565324 571773198
3901284 1 0 3
169565324 222305581 169565324
394791600 1 0 4
244715905 796650446 576041310 169565324
951769381 1 0 4
571773198 222305581 808519073 169565324
578837188 0 0 4
169565324 477182610 808519073 796650446
33855719 1 0 1
222305581
775696990 0 0 1
244715905
391723972 0 0 3
576041310 169565324 477182610
260091600 1 0 1
571773198
318434259 1 0 4
244715905 808519073 244715905 309466056
197863894 1 0 1
796650446
166959440 1 0 3
222305581 808519073 222305581
124200989 0 0 1
244715905
286222625 1 0 2
477182610 796650446
638137731 1 0 4
796650446 796650446 477182610 576041310
240313054 0 0 1
309466056
14798964 0 0 5
576041310 222305581 222305581 244715905 309466056
47110547 0 0 3
169565324 477182610 576041310
57598502 1 0 4
222305581 309466056 169565324 477182610
703670519 0 0 5
222305581 244715905 796650446 309466056 169565324
52981556 1 0 3
576041310 796650446 576041310
353661329 1 0 4
808519073 222305581 309466056 477182610
484539712 0 0 3
309466056 571773198 309466056
363196501 0 0 5
576041310 576041310 808519073 576041310 576041310
463209842 0 0 1
477182610
217494734 0 0 5
796650446 309466056 477182610 309466056 796650446
426407419 0 0 4
244715905 571773198 796650446 244715905
539902730 0 0 2
169565324 222305581
254481122 1 0 1
309466056
166629100 1 0 2
244715905 244715905
309578700 0 0 2
244715905 796650446
412072711 1 0 5
169565324 808519073 808519073 169565324 244715905
277930228 1 0 5
309466056 571773198 244715905 576041310 169565324
143058832 1 0 5
571773198 244715905 244715905 244715905 169565324
91865201 0 0 5
796650446 222305581 477182610 169565324 309466056
213710347 0 0 3
796650446 169565324 576041310
687766599 0 0 1
222305581
281290527 0 0 3
222305581 169565324 309466056
435509202 1 0 3
244715905 222305581 808519073
202399147 0 0 2
222305581 169565324
254350753 0 0 4
244715905 576041310 796650446 309466056
753643075 0 0 1
477182610
47635738 1 0 4
309466056 244715905 222305581 808519073
201418086 1 0 4
808519073 808519073 808519073 309466056
718059558 1 0 2
571773198 576041310
266045692 1 0 5
309466056 571773198 576041310 571773198 309466056
471161170 0 0 2
477182610 571773198
320722340 0 0 3
808519073 477182610 576041310
715889133 0 0 2
169565324 477182610
114414588 0 0 4
169565324 222305581 571773198 169565324
335422974 0 0 2
808519073 222305581
82383869 0 0 5
309466056 169565324 222305581 477182610 244715905
692850579 1 0 1
309466056
60454769 0 0 5
222305581 477182610 169565324 796650446 571773198
152934651 0 0 1
244715905
738053556 1 0 4
796650446 222305581 169565324 244715905
125647792 1 0 3
222305581 309466056 796650446
118783117 0 0 5
309466056 169565324 571773198 309466056 477182610
121483443 1 0 1
222305581
14711934 0 0 5
576041310 808519073 169565324 222305581 244715905
74636143 0 0 2
309466056 571773198
138998125 1 0 4
808519073 576041310 571773198 796650446
865134105 0 0 2
808519073 808519073
133573004 0 0 2
796650446 309466056
162295770 1 0 2
244715905 309466056
526432083 1 0 2
477182610 477182610
318536315 1 0 3
244715905 222305581 169565324
836151434 0 0 1
309466056
257828349 0 0 1
169565324
728165920 0 0 2
309466056 808519073
428023191 1 0 3
309466056 222305581 571773198
354560854 1 0 1
169565324
676011550 0 0 3
808519073 169565324 222305581
392674512 0 0 3
309466056 477182610 169565324
553354852 1 0 5
796650446 222305581 576041310 477182610 244715905
467671545 0 0 2
571773198 169565324
119593440 0 0 1
222305581
428345663 0 0 5
808519073 808519073 244715905 796650446 309466056
553639845 0 0 3
796650446 576041310 222305581
259743409 0 0 3
309466056 576041310 309466056
810675176 0 0 4
309466056 477182610 796650446 309466056
8204735 1 0 2
244715905 808519073
445532131 0 0 3
808519073 222305581 576041310
999551258 0 0 5
309466056 571773198 808519073 571773198 808519073
587932500 0 0 1
808519073
972746992 0 0 1
222305581
430359950 0 0 5
796650446 808519073 576041310 808519073 169565324
529500983 0 0 3
571773198 576041310 808519073
533898243 0 0 2
796650446 477182610
283153664 1 0 1
576041310
167004681 0 0 3
808519073 576041310 477182610
393251402 1 0 4
576041310 222305581 244715905 796650446
701491466 0 0 5
309466056 796650446 571773198 244715905 222305581
715327247 0 0 4
169565324 576041310 222305581 309466056
751783884 1 0 5
244715905 477182610 244715905 222305581 477182610
900393622 0 0 4
796650446 222305581 309466056 477182610
564470156 1 0 3
571773198 808519073 244715905
73584995 1 0 3
169565324 309466056 222305581
75951549 1 0 3
576041310 477182610 808519073
520762846 1 0 5
477182610 571773198 808519073 796650446 309466056
880830575 1 0 1
222305581
789615396 1 0 5
796650446 571773198 796650446 169565324 477182610
573949400 1 0 1
808519073
899711043 1 0 1
808519073
24392048 0 0 5
796650446 808519073 576041310 576041310 808519073
837483644 1 0 4
244715905 571773198 169565324 796650446
210179779 1 0 2
169565324 222305581
34951498 1 0 4
309466056 477182610 244715905 808519073
114995690 0 0 2
244715905 309466056
373863908 0 0 2
576041310 309466056
74593008 1 0 1
244715905
91574023 0 0 3
576041310 244715905 169565324
529499026 0 0 2
309466056 244715905
341604480 0 0 2
796650446 309466056
167894622 1 0 1
576041310
471467148 1 0 1
571773198
108069732 0 0 3
796650446 576041310 808519073
410740294 0 0 5
169565324 808519073 222305581 808519073 169565324
875568056 1 0 2
477182610 222305581
405465662 1 0 2
808519073 477182610
636498456 1 0 1
309466056
545532896 0 0 1
477182610
746105132 0 0 4
309466056 796650446 808519073 309466056
154389514 1 0 1
576041310
42232150 0 0 2
576041310 796650446
82927539 0 0 3
571773198 808519073 169565324
273982953 0 0 3
477182610 309466056 796650446
33331015 1 0 2
169565324 309466056
907787827 0 0 2
477182610 576041310
399935048 1 0 5
576041310 808519073 222305581 244715905 169565324
324251576 0 0 4
244715905 169565324 571773198 309466056
21707430 0 0 2
244715905 169565324
44138781 0 0 2
169565324 222305581
417878028 1 0 1
571773198
293413460 0 0 4
571773198 576041310 477182610 244715905
829945529 1 0 5
576041310 571773198 244715905 796650446 576041310
354426658 0 0 4
576041310 576041310 477182610 808519073
701704213 0 0 3
309466056 477182610 244715905
752932825 1 0 5
477182610 576041310 222305581 169565324 808519073
817538372 1 0 3
244715905 244715905 576041310
650912508 1 0 4
477182610 244715905 571773198 309466056
370864147 1 0 4
309466056 796650446 222305581 244715905
196993393 1 0 5
576041310 796650446 244715905 808519073 808519073
506268007 0 0 4
796650446 808519073 222305581 169565324
972399617 0 0 2
796650446 169565324
817466083 1 0 5
222305581 244715905 309466056 309466056 808519073
914525224 1 0 4
571773198 808519073 169565324 576041310
304523614 0 0 1
169565324
414608815 0 0 3
169565324 244715905 576041310
154597229 0 0 1
244715905
952878585 0 0 3
808519073 309466056 571773198
882802722 0 0 5
309466056 169565324 169565324 244715905 808519073
629809890 0 0 2
808519073 244715905
517023585 0 0 5
477182610 808519073 309466056 244715905 808519073
58474311 1 0 3
477182610 571773198 796650446
461204939 1 0 2
571773198 477182610
73414389 0 0 5
169565324 309466056 222305581 169565324 222305581
653067243 0 0 3
576041310 477182610 571773198
235036286 0 0 1
796650446
156906794 0 0 1
222305581
895066640 1 0 4
808519073 571773198 222305581 477182610
824484450 1 0 2
576041310 244715905
94002989 0 0 5
222305581 244715905 796650446 477182610 571773198
168435470 0 0 3
808519073 244715905 309466056
837503407 0 0 5
477182610 244715905 808519073 222305581 244715905
911331203 1 0 3
309466056 571773198 477182610
495371242 1 0 2
808519073 244715905
442007879 0 0 5
576041310 222305581 477182610 576041310 576041310
247270329 0 0 2
808519073 309466056
926254861 1 0 1
222305581
473004109 0 0 1
309466056
298203801 1 0 1
244715905
269603231 1 0 4
477182610 796650446 576041310 808519073
372970305 0 0 5
477182610 244715905 796650446 796650446 808519073
736961857 0 0 4
477182610 576041310 244715905 576041310
114585644 1 0 3
808519073 244715905 576041310
580968669 1 0 3
571773198 477182610 244715905
956277322 1 0 3
571773198 796650446 222305581
574018989 0 0 1
222305581
199818994 0 0 4
477182610 571773198 796650446 796650446
968953317 1 0 4
576041310 576041310 796650446 576041310
610929567 1 0 2
169565324 477182610
821524483 1 0 5
571773198 309466056 571773198 169565324 571773198
703310913 1 0 4
222305581 309466056 576041310 576041310
761377590 1 0 3
576041310 222305581 571773198
843119985 1 0 2
571773198 244715905
679421617 1 0 4
571773198 796650446 309466056 808519073
868553699 1 0 3
477182610 571773198 244715905
83127759 1 0 1
222305581
57878524 1 0 2
169565324 169565324
550798198 1 0 1
477182610
84706756 1 0 5
808519073 169565324 796650446 477182610 222305581
226838510 1 0 1
222305581
