556
130811348 0 1 10
937186254 69446941 577612391 956158979 712260931 712260931 712260931 937186254 957003321 655320459
907684209 1 1 9
937186254 712260931 956158979 577612391 382515185 957003321 382515185 655320459 69446941
37280153 0 1 5
712260931 937186254 69446941 957003321 956158979
646759443 0 1 6
69446941 655320459 712260931 69446941 655320459 414248139
516304832 0 1 10
956158979 956158979 69446941 956158979 655320459 69446941 655320459 712260931 937186254 937186254
209474252 0 1 3
712260931 937186254 382515185
128855284 0 1 2
956158979 956158979
417137371 1 1 9
937186254 69446941 712260931 655320459 382515185 382515185 655320459 712260931 712260931
638707457 0 1 5
69446941 957003321 937186254 655320459 956158979
473969386 1 1 3
655320459 956158979 937186254
144961942 0 1 5
957003321 69446941 957003321 957003321 655320459
642552709 0 1 10
957003321 382515185 956158979 712260931 382515185 956158979 956158979 956158979 414248139 414248139
808388546 0 1 8
577612391 414248139 712260931 382515185 655320459 957003321 69446941 937186254
850171181 0 1 3
414248139 577612391 414248139
403259453 1 1 5
382515185 69446941 382515185 712260931 382515185
355874421 1 1 7
655320459 655320459 577612391 956158979 414248139 957003321 937186254
192531897 0 1 6
577612391 577612391 712260931 382515185 956158979 69446941
68904924 0 1 7
577612391 957003321 956158979 577612391 956158979 577612391 382515185
602188958 1 1 9
577612391 956158979 655320459 957003321 655320459 937186254 957003321 69446941 655320459
913674356 0 1 9
655320459 937186254 712260931 957003321 712260931 382515185 957003321 577612391 414248139
128855284 0 0 2
956158979 956158979
20852057 0 1 3
69446941 937186254 957003321
403259453 1 0 5
382515185 69446941 382515185 712260931 382515185
838830838 0 1 3
712260931 69446941 414248139
355874421 1 0 7
655320459 655320459 577612391 956158979 414248139 957003321 937186254
478451638 1 1 4
957003321 69446941 414248139 655320459
144961942 0 0 5
957003321 69446941 957003321 957003321 655320459
255883593 0 1 9
382515185 69446941 382515185 414248139 956158979 655320459 382515185 414248139 577612391
105595328 0 1 4
577612391 69446941 414248139 957003321
547898578 0 1 10
382515185 577612391 577612391 414248139 577612391 69446941 577612391 956158979 577612391 957003321
646759443 0 0 6
69446941 655320459 712260931 69446941 655320459 414248139
193069847 0 1 3
382515185 956158979 956158979
62598648 0 1 10
382515185 937186254 655320459 414248139 937186254 712260931 655320459 414248139 382515185 957003321
55735388 1 1 8
956158979 414248139 937186254 957003321 577612391 712260931 655320459 382515185
1745177 0 1 9
712260931 382515185 712260931 956158979 414248139 956158979 414248139 69446941 712260931
492727391 1 1 5
956158979 712260931 956158979 577612391 69446941
39063087 1 1 6
414248139 956158979 69446941 956158979 655320459 414248139
478451638 1 0 4
957003321 69446941 414248139 655320459
193069847 0 0 3
382515185 956158979 956158979
909429386 1 1 4
655320459 69446941 414248139 956158979
530007543 1 1 2
712260931 937186254
685822529 1 1 2
69446941 712260931
278250569 1 1 9
69446941 655320459 956158979 712260931 655320459 382515185 957003321 69446941 937186254
591998146 1 1 7
382515185 655320459 69446941 957003321 577612391 382515185 956158979
667194165 0 1 3
577612391 69446941 382515185
547904291 1 1 10
655320459 712260931 382515185 712260931 957003321 655320459 956158979 414248139 577612391 69446941
105595328 0 0 4
577612391 69446941 414248139 957003321
83221954 0 1 9
957003321 712260931 655320459 414248139 712260931 937186254 957003321 382515185 712260931
141163550 1 1 1
957003321
530007543 1 0 2
712260931 937186254
692866232 1 1 8
382515185 414248139 956158979 382515185 382515185 577612391 957003321 712260931
725774663 0 1 5
956158979 956158979 956158979 937186254 712260931
802068447 0 1 3
937186254 956158979 577612391
473969386 1 0 3
655320459 956158979 937186254
395553764 0 1 6
655320459 655320459 69446941 956158979 577612391 414248139
129034115 0 1 1
69446941
10459220 1 1 5
69446941 577612391 69446941 577612391 69446941
588085660 1 1 3
937186254 655320459 957003321
50455390 1 1 1
937186254
612648177 1 1 10
414248139 655320459 382515185 956158979 69446941 382515185 69446941 382515185 382515185 655320459
209474252 0 0 3
712260931 937186254 382515185
1745177 0 0 9
712260931 382515185 712260931 956158979 414248139 956158979 414248139 69446941 712260931
354276368 0 1 9
712260931 414248139 957003321 655320459 956158979 655320459 956158979 577612391 382515185
923823798 0 1 9
712260931 937186254 577612391 577612391 957003321 712260931 712260931 957003321 382515185
303995366 0 1 9
957003321 712260931 937186254 956158979 957003321 956158979 956158979 69446941 956158979
832728005 1 1 2
382515185 957003321
588085660 1 0 3
937186254 655320459 957003321
179707391 1 1 9
382515185 382515185 382515185 956158979 577612391 382515185 69446941 577612391 655320459
262107046 0 1 3
414248139 69446941 577612391
233142935 0 1 5
577612391 655320459 382515185 655320459 414248139
225293589 1 1 6
414248139 957003321 382515185 414248139 712260931 382515185
55735388 1 0 8
956158979 414248139 937186254 957003321 577612391 712260931 655320459 382515185
177222045 0 1 4
712260931 956158979 414248139 712260931
10459220 1 0 5
69446941 577612391 69446941 577612391 69446941
141394674 0 1 7
957003321 577612391 655320459 655320459 957003321 577612391 655320459
227038765 1 1 8
577612391 382515185 414248139 956158979 712260931 69446941 655320459 655320459
669949435 1 1 9
414248139 937186254 577612391 382515185 69446941 382515185 414248139 414248139 577612391
180457761 1 1 9
712260931 937186254 382515185 956158979 577612391 937186254 655320459 956158979 382515185
136468150 1 1 4
957003321 712260931 937186254 414248139
52473329 1 1 10
69446941 937186254 69446941 937186254 577612391 937186254 937186254 577612391 69446941 956158979
725774663 0 0 5
956158979 956158979 956158979 937186254 712260931
718796641 1 1 10
956158979 414248139 577612391 69446941 937186254 957003321 712260931 382515185 577612391 712260931
267235071 0 1 1
655320459
644471474 0 1 9
382515185 956158979 957003321 69446941 69446941 937186254 957003321 577612391 577612391
227038765 1 0 8
577612391 382515185 414248139 956158979 712260931 69446941 655320459 655320459
385990805 1 1 1
957003321
815139361 0 1 10
382515185 957003321 712260931 956158979 69446941 957003321 956158979 69446941 712260931 69446941
727693428 1 1 4
69446941 69446941 957003321 937186254
379670707 0 1 5
956158979 937186254 956158979 937186254 956158979
360521945 0 1 4
414248139 69446941 956158979 69446941
453468090 1 1 6
712260931 382515185 956158979 937186254 712260931 382515185
181739153 1 1 5
69446941 382515185 655320459 577612391 712260931
608592060 0 1 6
382515185 577612391 382515185 655320459 69446941 655320459
354276368 0 0 9
712260931 414248139 957003321 655320459 956158979 655320459 956158979 577612391 382515185
435018556 1 1 1
577612391
192198372 0 1 3
414248139 655320459 577612391
49194072 0 1 2
937186254 956158979
395553764 0 0 6
655320459 655320459 69446941 956158979 577612391 414248139
808388546 0 0 8
577612391 414248139 712260931 382515185 655320459 957003321 69446941 937186254
492727391 1 0 5
956158979 712260931 956158979 577612391 69446941
337990297 0 1 6
655320459 957003321 577612391 957003321 577612391 69446941
225293589 1 0 6
414248139 957003321 382515185 414248139 712260931 382515185
657362901 0 1 5
382515185 655320459 382515185 957003321 382515185
403470439 0 1 7
69446941 655320459 69446941 655320459 712260931 937186254 712260931
114330446 0 1 2
655320459 414248139
961358266 0 1 6
414248139 655320459 69446941 577612391 957003321 956158979
88714795 1 1 6
577612391 956158979 712260931 712260931 382515185 414248139
294037836 0 1 1
382515185
75981663 1 1 1
956158979
174374081 1 1 8
957003321 577612391 712260931 655320459 937186254 712260931 69446941 577612391
832728005 1 0 2
382515185 957003321
519331424 0 1 2
712260931 382515185
253203708 1 1 4
414248139 937186254 69446941 382515185
547904291 1 0 10
655320459 712260931 382515185 712260931 957003321 655320459 956158979 414248139 577612391 69446941
315768755 0 1 6
655320459 957003321 382515185 957003321 69446941 956158979
746370189 1 1 9
655320459 712260931 655320459 414248139 577612391 712260931 414248139 577612391 577612391
923153142 0 1 10
69446941 414248139 414248139 414248139 957003321 69446941 577612391 69446941 937186254 937186254
496226515 1 1 5
957003321 414248139 577612391 937186254 937186254
735354690 1 1 2
957003321 382515185
727693428 1 0 4
69446941 69446941 957003321 937186254
975626471 0 1 7
937186254 382515185 69446941 937186254 414248139 69446941 956158979
67539507 0 1 8
577612391 957003321 712260931 956158979 712260931 655320459 956158979 655320459
855106112 1 1 4
956158979 382515185 577612391 956158979
620097944 1 1 8
956158979 414248139 655320459 712260931 414248139 956158979 937186254 937186254
75981663 1 0 1
956158979
453530312 0 1 7
577612391 69446941 414248139 655320459 956158979 577612391 414248139
522761825 0 1 10
69446941 956158979 69446941 382515185 577612391 69446941 957003321 957003321 937186254 69446941
200307723 0 1 9
577612391 382515185 382515185 414248139 577612391 414248139 957003321 937186254 712260931
833201018 1 1 1
957003321
883283769 1 1 2
69446941 69446941
653775812 1 1 6
414248139 577612391 956158979 577612391 414248139 414248139
867456522 0 1 1
577612391
602188958 1 0 9
577612391 956158979 655320459 957003321 655320459 937186254 957003321 69446941 655320459
344392180 0 1 4
414248139 712260931 577612391 712260931
941310719 1 1 5
382515185 577612391 69446941 937186254 712260931
59654894 1 1 5
712260931 414248139 69446941 655320459 937186254
685822529 1 0 2
69446941 712260931
62598648 0 0 10
382515185 937186254 655320459 414248139 937186254 712260931 655320459 414248139 382515185 957003321
393586251 0 1 3
937186254 414248139 957003321
131817367 0 1 7
712260931 937186254 655320459 382515185 382515185 382515185 957003321
569534146 0 1 2
655320459 655320459
797056689 1 1 6
655320459 937186254 577612391 956158979 956158979 957003321
246147813 1 1 5
712260931 937186254 712260931 69446941 655320459
383408763 0 1 8
414248139 414248139 956158979 69446941 69446941 382515185 957003321 712260931
738287836 0 1 9
382515185 382515185 956158979 957003321 957003321 655320459 937186254 69446941 382515185
540185648 1 1 9
655320459 69446941 956158979 956158979 712260931 957003321 957003321 957003321 956158979
459390426 1 1 8
712260931 69446941 956158979 577612391 414248139 577612391 937186254 69446941
912661916 1 1 2
937186254 655320459
912033424 1 1 4
956158979 956158979 655320459 414248139
712594133 1 1 10
577612391 577612391 937186254 937186254 655320459 69446941 937186254 655320459 937186254 956158979
867456522 0 0 1
577612391
228430670 0 1 3
69446941 957003321 956158979
510919964 1 1 10
957003321 577612391 957003321 69446941 69446941 655320459 414248139 957003321 956158979 577612391
635747274 0 1 10
956158979 937186254 655320459 937186254 655320459 414248139 956158979 956158979 712260931 382515185
577173536 0 1 3
655320459 655320459 577612391
98791005 1 1 7
957003321 577612391 957003321 655320459 957003321 957003321 69446941
463890096 1 1 4
382515185 956158979 382515185 957003321
233142935 0 0 5
577612391 655320459 382515185 655320459 414248139
644713043 1 1 9
937186254 69446941 577612391 69446941 655320459 957003321 956158979 69446941 382515185
953897117 1 1 7
956158979 712260931 937186254 382515185 655320459 957003321 414248139
83988040 0 1 5
956158979 577612391 956158979 712260931 69446941
98243354 0 1 4
577612391 655320459 956158979 957003321
476658941 1 1 1
69446941
136812114 1 1 5
712260931 956158979 712260931 382515185 712260931
783960723 0 1 2
382515185 957003321
212459061 0 1 4
956158979 382515185 382515185 577612391
790587926 1 1 9
957003321 956158979 956158979 414248139 69446941 956158979 414248139 655320459 414248139
503933596 0 1 8
382515185 956158979 69446941 712260931 956158979 577612391 69446941 655320459
556851240 1 1 1
957003321
584414996 1 1 6
577612391 577612391 957003321 414248139 414248139 69446941
416104841 1 1 1
655320459
790587926 1 0 9
957003321 956158979 956158979 414248139 69446941 956158979 414248139 655320459 414248139
950437491 1 1 8
956158979 956158979 69446941 956158979 69446941 712260931 382515185 382515185
716232363 1 1 10
577612391 414248139 577612391 414248139 414248139 957003321 956158979 414248139 956158979 712260931
985638986 0 1 3
655320459 957003321 655320459
600010531 1 1 4
957003321 712260931 69446941 577612391
962380175 1 1 4
655320459 956158979 712260931 577612391
369047749 0 1 9
655320459 712260931 712260931 414248139 957003321 414248139 956158979 957003321 712260931
190814718 1 1 4
69446941 957003321 577612391 69446941
355082174 1 1 1
937186254
828438174 1 1 1
577612391
103476634 1 1 6
69446941 957003321 937186254 69446941 414248139 937186254
267115597 0 1 1
382515185
393548658 1 1 1
956158979
184423655 1 1 6
957003321 937186254 937186254 655320459 577612391 957003321
778035560 1 1 5
712260931 957003321 956158979 957003321 414248139
29295931 1 1 4
414248139 382515185 712260931 69446941
761597191 0 1 1
414248139
876826565 1 1 8
577612391 577612391 577612391 937186254 69446941 382515185 382515185 382515185
345702379 0 1 2
577612391 577612391
406310233 1 1 9
69446941 655320459 937186254 577612391 655320459 957003321 956158979 382515185 956158979
683240033 0 1 1
414248139
778035560 1 0 5
712260931 957003321 956158979 957003321 414248139
282206770 0 1 8
655320459 69446941 937186254 957003321 956158979 414248139 69446941 655320459
357069938 1 1 6
937186254 577612391 956158979 655320459 957003321 957003321
12415325 1 1 8
957003321 655320459 957003321 69446941 655320459 414248139 577612391 577612391
419018883 1 1 4
712260931 937186254 655320459 655320459
993547012 1 1 8
655320459 577612391 69446941 382515185 382515185 712260931 655320459 956158979
510919964 1 0 10
957003321 577612391 957003321 69446941 69446941 655320459 414248139 957003321 956158979 577612391
224874385 1 1 9
712260931 69446941 69446941 655320459 69446941 382515185 937186254 655320459 414248139
62123160 1 1 6
69446941 382515185 956158979 414248139 712260931 957003321
497480607 1 1 4
414248139 577612391 382515185 956158979
634241976 0 1 9
956158979 655320459 937186254 956158979 956158979 956158979 69446941 382515185 577612391
646538156 1 1 6
937186254 69446941 957003321 957003321 937186254 382515185
913585448 1 1 1
956158979
437195818 1 1 10
414248139 577612391 937186254 957003321 577612391 655320459 382515185 957003321 382515185 956158979
362770518 1 1 3
69446941 655320459 655320459
751740785 1 1 6
69446941 414248139 937186254 956158979 69446941 712260931
37206349 1 1 3
937186254 957003321 414248139
278250569 1 0 9
69446941 655320459 956158979 712260931 655320459 382515185 957003321 69446941 937186254
177667044 0 1 3
712260931 956158979 414248139
120788533 1 1 6
655320459 382515185 957003321 69446941 382515185 712260931
224874385 1 0 9
712260931 69446941 69446941 655320459 69446941 382515185 937186254 655320459 414248139
80537418 1 1 2
69446941 712260931
532749217 1 1 4
577612391 655320459 712260931 414248139
801743058 0 1 1
414248139
184014051 1 1 4
956158979 655320459 414248139 957003321
799864814 1 1 9
956158979 655320459 956158979 382515185 655320459 712260931 414248139 382515185 69446941
913585448 1 0 1
956158979
47808067 0 1 10
69446941 712260931 956158979 414248139 382515185 712260931 414248139 577612391 69446941 382515185
362770518 1 0 3
69446941 655320459 655320459
368437706 0 1 6
382515185 382515185 655320459 414248139 577612391 956158979
850171181 0 0 3
414248139 577612391 414248139
180457761 1 0 9
712260931 937186254 382515185 956158979 577612391 937186254 655320459 956158979 382515185
430416725 1 1 8
957003321 382515185 414248139 577612391 414248139 712260931 577612391 577612391
77103998 1 1 5
414248139 414248139 957003321 712260931 414248139
130034896 0 1 4
937186254 712260931 414248139 655320459
159759641 0 1 4
956158979 956158979 712260931 577612391
275322728 0 1 3
414248139 414248139 956158979
388861480 1 1 2
414248139 712260931
120788533 1 0 6
655320459 382515185 957003321 69446941 382515185 712260931
842999673 1 1 5
712260931 937186254 956158979 937186254 69446941
557529497 0 1 8
577612391 655320459 956158979 655320459 937186254 937186254 956158979 382515185
598447769 1 1 1
712260931
569534146 0 0 2
655320459 655320459
190814718 1 0 4
69446941 957003321 577612391 69446941
855414997 0 1 2
577612391 414248139
718796641 1 0 10
956158979 414248139 577612391 69446941 937186254 957003321 712260931 382515185 577612391 712260931
976548379 1 1 4
414248139 712260931 957003321 956158979
591994780 0 1 1
956158979
932805733 1 1 1
655320459
38671539 0 1 8
414248139 937186254 577612391 414248139 712260931 414248139 382515185 712260931
941991738 1 1 3
956158979 712260931 712260931
567047709 1 1 9
577612391 577612391 577612391 957003321 712260931 655320459 69446941 577612391 655320459
685209694 0 1 6
577612391 414248139 956158979 69446941 577612391 577612391
708093537 0 1 5
382515185 712260931 414248139 577612391 577612391
833201018 1 0 1
957003321
4243526 0 1 2
69446941 956158979
900496563 1 1 4
414248139 712260931 382515185 937186254
369047749 0 0 9
655320459 712260931 712260931 414248139 957003321 414248139 956158979 957003321 712260931
459834322 0 1 6
655320459 414248139 655320459 956158979 414248139 956158979
893966226 1 1 8
957003321 414248139 957003321 382515185 956158979 655320459 957003321 577612391
78163606 1 1 8
655320459 577612391 69446941 655320459 382515185 956158979 69446941 414248139
433139206 0 1 10
414248139 577612391 382515185 956158979 712260931 956158979 937186254 414248139 957003321 956158979
974503644 0 1 2
382515185 957003321
610912822 1 1 3
414248139 382515185 937186254
87398616 0 1 8
712260931 382515185 69446941 712260931 655320459 712260931 655320459 655320459
192531897 0 0 6
577612391 577612391 712260931 382515185 956158979 69446941
11034046 0 1 1
712260931
907684209 1 0 9
937186254 712260931 956158979 577612391 382515185 957003321 382515185 655320459 69446941
263293987 1 1 7
414248139 577612391 69446941 956158979 577612391 414248139 712260931
135206682 0 1 3
957003321 956158979 69446941
231988103 0 1 4
382515185 956158979 577612391 957003321
546227064 1 1 5
382515185 957003321 956158979 957003321 655320459
459834322 0 0 6
655320459 414248139 655320459 956158979 414248139 956158979
379670707 0 0 5
956158979 937186254 956158979 937186254 956158979
64827031 0 1 10
712260931 655320459 956158979 712260931 382515185 957003321 69446941 937186254 957003321 957003321
214539350 1 1 8
382515185 937186254 712260931 577612391 937186254 957003321 937186254 712260931
705986704 1 1 9
712260931 577612391 712260931 577612391 655320459 577612391 382515185 956158979 69446941
340149758 1 1 5
414248139 956158979 712260931 957003321 382515185
603400829 0 1 9
957003321 414248139 69446941 414248139 655320459 655320459 956158979 957003321 956158979
401502729 0 1 7
712260931 957003321 957003321 655320459 414248139 655320459 414248139
80537418 1 0 2
69446941 712260931
897679254 1 1 6
382515185 382515185 956158979 957003321 577612391 577612391
54364949 0 1 5
577612391 655320459 956158979 655320459 414248139
109434077 0 1 2
414248139 956158979
496226515 1 0 5
957003321 414248139 577612391 937186254 937186254
726743985 0 1 7
414248139 69446941 655320459 382515185 655320459 382515185 69446941
646359728 0 1 7
69446941 957003321 69446941 69446941 655320459 414248139 712260931
267115597 0 0 1
382515185
83221954 0 0 9
957003321 712260931 655320459 414248139 712260931 937186254 957003321 382515185 712260931
42239810 1 1 4
937186254 956158979 957003321 414248139
765415523 0 1 5
712260931 956158979 956158979 577612391 577612391
440867818 0 1 9
957003321 414248139 655320459 655320459 655320459 655320459 655320459 414248139 937186254
461803870 1 1 1
957003321
303141568 1 1 8
414248139 956158979 712260931 937186254 382515185 655320459 577612391 712260931
708093537 0 0 5
382515185 712260931 414248139 577612391 577612391
148961354 0 1 5
937186254 414248139 957003321 382515185 577612391
318563747 1 1 8
69446941 382515185 712260931 382515185 655320459 655320459 712260931 577612391
263293987 1 0 7
414248139 577612391 69446941 956158979 577612391 414248139 712260931
42239810 1 0 4
937186254 956158979 957003321 414248139
56154482 0 1 1
956158979
461312027 0 1 9
655320459 655320459 69446941 655320459 712260931 414248139 937186254 712260931 577612391
716232363 1 0 10
577612391 414248139 577612391 414248139 414248139 957003321 956158979 414248139 956158979 712260931
65046325 1 1 5
382515185 382515185 382515185 414248139 69446941
540185648 1 0 9
655320459 69446941 956158979 956158979 712260931 957003321 957003321 957003321 956158979
134318087 0 1 4
382515185 937186254 577612391 414248139
894451233 1 1 1
957003321
913674356 0 0 9
655320459 937186254 712260931 957003321 712260931 382515185 957003321 577612391 414248139
892066320 0 1 5
69446941 937186254 712260931 577612391 956158979
597747260 0 1 5
414248139 382515185 956158979 655320459 69446941
834366200 0 1 6
655320459 69446941 382515185 957003321 655320459 69446941
903100365 0 1 5
712260931 577612391 414248139 414248139 937186254
861041247 1 1 9
957003321 69446941 937186254 655320459 69446941 382515185 712260931 937186254 956158979
969572881 1 1 10
655320459 69446941 712260931 712260931 414248139 937186254 655320459 957003321 382515185 577612391
135088468 0 1 7
957003321 414248139 712260931 382515185 655320459 655320459 937186254
259784662 0 1 6
69446941 577612391 956158979 655320459 655320459 414248139
886916264 0 1 7
69446941 577612391 655320459 655320459 69446941 414248139 712260931
98243354 0 0 4
577612391 655320459 956158979 957003321
202144169 0 1 4
937186254 655320459 957003321 577612391
965771365 0 1 10
69446941 956158979 712260931 382515185 957003321 937186254 956158979 956158979 957003321 577612391
88714795 1 0 6
577612391 956158979 712260931 712260931 382515185 414248139
79582373 1 1 8
937186254 414248139 382515185 69446941 957003321 382515185 712260931 712260931
805544998 0 1 4
414248139 956158979 69446941 382515185
219790445 1 1 3
382515185 956158979 937186254
977261627 1 1 2
957003321 655320459
859909946 0 1 8
577612391 712260931 382515185 382515185 712260931 414248139 937186254 382515185
181740874 0 1 9
655320459 956158979 956158979 957003321 414248139 956158979 69446941 937186254 956158979
556521963 0 1 6
382515185 414248139 382515185 957003321 712260931 577612391
358786026 1 1 1
956158979
76497035 1 1 1
577612391
174453837 0 1 2
956158979 414248139
799653843 0 1 4
414248139 957003321 577612391 957003321
538300904 1 1 2
577612391 655320459
477595404 1 1 10
69446941 577612391 937186254 712260931 655320459 382515185 957003321 69446941 577612391 382515185
801131548 0 1 3
937186254 655320459 577612391
709381002 0 1 3
937186254 655320459 655320459
533749885 1 1 1
655320459
461803870 1 0 1
957003321
262443575 0 1 3
382515185 957003321 655320459
774427326 0 1 10
382515185 957003321 414248139 382515185 937186254 577612391 655320459 414248139 957003321 655320459
834366200 0 0 6
655320459 69446941 382515185 957003321 655320459 69446941
597747260 0 0 5
414248139 382515185 956158979 655320459 69446941
520584323 0 1 2
957003321 957003321
9411159 0 1 2
655320459 655320459
519009997 0 1 2
957003321 69446941
118331582 1 1 4
414248139 937186254 712260931 655320459
843777358 0 1 8
956158979 382515185 69446941 957003321 712260931 69446941 712260931 577612391
274626714 0 1 6
956158979 577612391 655320459 937186254 957003321 957003321
130811348 0 0 10
937186254 69446941 577612391 956158979 712260931 712260931 712260931 937186254 957003321 655320459
705986704 1 0 9
712260931 577612391 712260931 577612391 655320459 577612391 382515185 956158979 69446941
950437491 1 0 8
956158979 956158979 69446941 956158979 69446941 712260931 382515185 382515185
815139361 0 0 10
382515185 957003321 712260931 956158979 69446941 957003321 956158979 69446941 712260931 69446941
831889180 1 1 6
655320459 414248139 957003321 957003321 69446941 957003321
430416725 1 0 8
957003321 382515185 414248139 577612391 414248139 712260931 577612391 577612391
665866590 1 1 7
414248139 382515185 712260931 957003321 937186254 655320459 957003321
136468150 1 0 4
957003321 712260931 937186254 414248139
212459061 0 0 4
956158979 382515185 382515185 577612391
262231533 1 1 4
712260931 957003321 957003321 956158979
294037836 0 0 1
382515185
315768755 0 0 6
655320459 957003321 382515185 957003321 69446941 956158979
91673841 1 1 3
937186254 577612391 382515185
59654894 1 0 5
712260931 414248139 69446941 655320459 937186254
538300904 1 0 2
577612391 655320459
584414996 1 0 6
577612391 577612391 957003321 414248139 414248139 69446941
303141568 1 0 8
414248139 956158979 712260931 937186254 382515185 655320459 577612391 712260931
453530312 0 0 7
577612391 69446941 414248139 655320459 956158979 577612391 414248139
103476634 1 0 6
69446941 957003321 937186254 69446941 414248139 937186254
255883593 0 0 9
382515185 69446941 382515185 414248139 956158979 655320459 382515185 414248139 577612391
303995366 0 0 9
957003321 712260931 937186254 956158979 957003321 956158979 956158979 69446941 956158979
435018556 1 0 1
577612391
805544998 0 0 4
414248139 956158979 69446941 382515185
577173536 0 0 3
655320459 655320459 577612391
923823798 0 0 9
712260931 937186254 577612391 577612391 957003321 712260931 712260931 957003321 382515185
131817367 0 0 7
712260931 937186254 655320459 382515185 382515185 382515185 957003321
897679254 1 0 6
382515185 382515185 956158979 957003321 577612391 577612391
148961354 0 0 5
937186254 414248139 957003321 382515185 577612391
974503644 0 0 2
382515185 957003321
546227064 1 0 5
382515185 957003321 956158979 957003321 655320459
799653843 0 0 4
414248139 957003321 577612391 957003321
838830838 0 0 3
712260931 69446941 414248139
275322728 0 0 3
414248139 414248139 956158979
685209694 0 0 6
577612391 414248139 956158979 69446941 577612391 577612391
831889180 1 0 6
655320459 414248139 957003321 957003321 69446941 957003321
459390426 1 0 8
712260931 69446941 956158979 577612391 414248139 577612391 937186254 69446941
726743985 0 0 7
414248139 69446941 655320459 382515185 655320459 382515185 69446941
774427326 0 0 10
382515185 957003321 414248139 382515185 937186254 577612391 655320459 414248139 957003321 655320459
961358266 0 0 6
414248139 655320459 69446941 577612391 957003321 956158979
262443575 0 0 3
382515185 957003321 655320459
802068447 0 0 3
937186254 956158979 577612391
738287836 0 0 9
382515185 382515185 956158979 957003321 957003321 655320459 937186254 69446941 382515185
200307723 0 0 9
577612391 382515185 382515185 414248139 577612391 414248139 957003321 937186254 712260931
557529497 0 0 8
577612391 655320459 956158979 655320459 937186254 937186254 956158979 382515185
141163550 1 0 1
957003321
282206770 0 0 8
655320459 69446941 937186254 957003321 956158979 414248139 69446941 655320459
765415523 0 0 5
712260931 956158979 956158979 577612391 577612391
801743058 0 0 1
414248139
761597191 0 0 1
414248139
419018883 1 0 4
712260931 937186254 655320459 655320459
828438174 1 0 1
577612391
134318087 0 0 4
382515185 937186254 577612391 414248139
519009997 0 0 2
957003321 69446941
646359728 0 0 7
69446941 957003321 69446941 69446941 655320459 414248139 712260931
340149758 1 0 5
414248139 956158979 712260931 957003321 382515185
37206349 1 0 3
937186254 957003321 414248139
184423655 1 0 6
957003321 937186254 937186254 655320459 577612391 957003321
37280153 0 0 5
712260931 937186254 69446941 957003321 956158979
76497035 1 0 1
577612391
646538156 1 0 6
937186254 69446941 957003321 957003321 937186254 382515185
355082174 1 0 1
937186254
861041247 1 0 9
957003321 69446941 937186254 655320459 69446941 382515185 712260931 937186254 956158979
219790445 1 0 3
382515185 956158979 937186254
953897117 1 0 7
956158979 712260931 937186254 382515185 655320459 957003321 414248139
337990297 0 0 6
655320459 957003321 577612391 957003321 577612391 69446941
77103998 1 0 5
414248139 414248139 957003321 712260931 414248139
417137371 1 0 9
937186254 69446941 712260931 655320459 382515185 382515185 655320459 712260931 712260931
912033424 1 0 4
956158979 956158979 655320459 414248139
532749217 1 0 4
577612391 655320459 712260931 414248139
976548379 1 0 4
414248139 712260931 957003321 956158979
608592060 0 0 6
382515185 577612391 382515185 655320459 69446941 655320459
644713043 1 0 9
937186254 69446941 577612391 69446941 655320459 957003321 956158979 69446941 382515185
177222045 0 0 4
712260931 956158979 414248139 712260931
912661916 1 0 2
937186254 655320459
547898578 0 0 10
382515185 577612391 577612391 414248139 577612391 69446941 577612391 956158979 577612391 957003321
20852057 0 0 3
69446941 937186254 957003321
54364949 0 0 5
577612391 655320459 956158979 655320459 414248139
603400829 0 0 9
957003321 414248139 69446941 414248139 655320459 655320459 956158979 957003321 956158979
799864814 1 0 9
956158979 655320459 956158979 382515185 655320459 712260931 414248139 382515185 69446941
644471474 0 0 9
382515185 956158979 957003321 69446941 69446941 937186254 957003321 577612391 577612391
68904924 0 0 7
577612391 957003321 956158979 577612391 956158979 577612391 382515185
159759641 0 0 4
956158979 956158979 712260931 577612391
437195818 1 0 10
414248139 577612391 937186254 957003321 577612391 655320459 382515185 957003321 382515185 956158979
892066320 0 0 5
69446941 937186254 712260931 577612391 956158979
591998146 1 0 7
382515185 655320459 69446941 957003321 577612391 382515185 956158979
344392180 0 0 4
414248139 712260931 577612391 712260931
83988040 0 0 5
956158979 577612391 956158979 712260931 69446941
91673841 1 0 3
937186254 577612391 382515185
975626471 0 0 7
937186254 382515185 69446941 937186254 414248139 69446941 956158979
642552709 0 0 10
957003321 382515185 956158979 712260931 382515185 956158979 956158979 956158979 414248139 414248139
179707391 1 0 9
382515185 382515185 382515185 956158979 577612391 382515185 69446941 577612391 655320459
67539507 0 0 8
577612391 957003321 712260931 956158979 712260931 655320459 956158979 655320459
345702379 0 0 2
577612391 577612391
751740785 1 0 6
69446941 414248139 937186254 956158979 69446941 712260931
635747274 0 0 10
956158979 937186254 655320459 937186254 655320459 414248139 956158979 956158979 712260931 382515185
453468090 1 0 6
712260931 382515185 956158979 937186254 712260931 382515185
202144169 0 0 4
937186254 655320459 957003321 577612391
503933596 0 0 8
382515185 956158979 69446941 712260931 956158979 577612391 69446941 655320459
274626714 0 0 6
956158979 577612391 655320459 937186254 957003321 957003321
519331424 0 0 2
712260931 382515185
962380175 1 0 4
655320459 956158979 712260931 577612391
461312027 0 0 9
655320459 655320459 69446941 655320459 712260931 414248139 937186254 712260931 577612391
433139206 0 0 10
414248139 577612391 382515185 956158979 712260931 956158979 937186254 414248139 957003321 956158979
49194072 0 0 2
937186254 956158979
653775812 1 0 6
414248139 577612391 956158979 577612391 414248139 414248139
135088468 0 0 7
957003321 414248139 712260931 382515185 655320459 655320459 937186254
12415325 1 0 8
957003321 655320459 957003321 69446941 655320459 414248139 577612391 577612391
406310233 1 0 9
69446941 655320459 937186254 577612391 655320459 957003321 956158979 382515185 956158979
610912822 1 0 3
414248139 382515185 937186254
4243526 0 0 2
69446941 956158979
977261627 1 0 2
957003321 655320459
665866590 1 0 7
414248139 382515185 712260931 957003321 937186254 655320459 957003321
667194165 0 0 3
577612391 69446941 382515185
56154482 0 0 1
956158979
533749885 1 0 1
655320459
876826565 1 0 8
577612391 577612391 577612391 937186254 69446941 382515185 382515185 382515185
522761825 0 0 10
69446941 956158979 69446941 382515185 577612391 69446941 957003321 957003321 937186254 69446941
360521945 0 0 4
414248139 69446941 956158979 69446941
174453837 0 0 2
956158979 414248139
598447769 1 0 1
712260931
638707457 0 0 5
69446941 957003321 937186254 655320459 956158979
393586251 0 0 3
937186254 414248139 957003321
50455390 1 0 1
937186254
262231533 1 0 4
712260931 957003321 957003321 956158979
969572881 1 0 10
655320459 69446941 712260931 712260931 414248139 937186254 655320459 957003321 382515185 577612391
368437706 0 0 6
382515185 382515185 655320459 414248139 577612391 956158979
894451233 1 0 1
957003321
692866232 1 0 8
382515185 414248139 956158979 382515185 382515185 577612391 957003321 712260931
634241976 0 0 9
956158979 655320459 937186254 956158979 956158979 956158979 69446941 382515185 577612391
47808067 0 0 10
69446941 712260931 956158979 414248139 382515185 712260931 414248139 577612391 69446941 382515185
184014051 1 0 4
956158979 655320459 414248139 957003321
388861480 1 0 2
414248139 712260931
246147813 1 0 5
712260931 937186254 712260931 69446941 655320459
463890096 1 0 4
382515185 956158979 382515185 957003321
416104841 1 0 1
655320459
859909946 0 0 8
577612391 712260931 382515185 382515185 712260931 414248139 937186254 382515185
591994780 0 0 1
956158979
253203708 1 0 4
414248139 937186254 69446941 382515185
883283769 1 0 2
69446941 69446941
192198372 0 0 3
414248139 655320459 577612391
783960723 0 0 2
382515185 957003321
267235071 0 0 1
655320459
79582373 1 0 8
937186254 414248139 382515185 69446941 957003321 382515185 712260931 712260931
358786026 1 0 1
956158979
109434077 0 0 2
414248139 956158979
612648177 1 0 10
414248139 655320459 382515185 956158979 69446941 382515185 69446941 382515185 382515185 655320459
600010531 1 0 4
957003321 712260931 69446941 577612391
181740874 0 0 9
655320459 956158979 956158979 957003321 414248139 956158979 69446941 937186254 956158979
893966226 1 0 8
957003321 414248139 957003321 382515185 956158979 655320459 957003321 577612391
941310719 1 0 5
382515185 577612391 69446941 937186254 712260931
118331582 1 0 4
414248139 937186254 712260931 655320459
855106112 1 0 4
956158979 382515185 577612391 956158979
556851240 1 0 1
957003321
64827031 0 0 10
712260931 655320459 956158979 712260931 382515185 957003321 69446941 937186254 957003321 957003321
130034896 0 0 4
937186254 712260931 414248139 655320459
923153142 0 0 10
69446941 414248139 414248139 414248139 957003321 69446941 577612391 69446941 937186254 937186254
801131548 0 0 3
937186254 655320459 577612391
993547012 1 0 8
655320459 577612391 69446941 382515185 382515185 712260931 655320459 956158979
11034046 0 0 1
712260931
440867818 0 0 9
957003321 414248139 655320459 655320459 655320459 655320459 655320459 414248139 937186254
683240033 0 0 1
414248139
78163606 1 0 8
655320459 577612391 69446941 655320459 382515185 956158979 69446941 414248139
709381002 0 0 3
937186254 655320459 655320459
909429386 1 0 4
655320459 69446941 414248139 956158979
52473329 1 0 10
69446941 937186254 69446941 937186254 577612391 937186254 937186254 577612391 69446941 956158979
855414997 0 0 2
577612391 414248139
62123160 1 0 6
69446941 382515185 956158979 414248139 712260931 957003321
135206682 0 0 3
957003321 956158979 69446941
941991738 1 0 3
956158979 712260931 712260931
932805733 1 0 1
655320459
29295931 1 0 4
414248139 382515185 712260931 69446941
98791005 1 0 7
957003321 577612391 957003321 655320459 957003321 957003321 69446941
516304832 0 0 10
956158979 956158979 69446941 956158979 655320459 69446941 655320459 712260931 937186254 937186254
900496563 1 0 4
414248139 712260931 382515185 937186254
228430670 0 0 3
69446941 957003321 956158979
797056689 1 0 6
655320459 937186254 577612391 956158979 956158979 957003321
657362901 0 0 5
382515185 655320459 382515185 957003321 382515185
712594133 1 0 10
577612391 577612391 937186254 937186254 655320459 69446941 937186254 655320459 937186254 956158979
129034115 0 0 1
69446941
735354690 1 0 2
957003321 382515185
39063087 1 0 6
414248139 956158979 69446941 956158979 655320459 414248139
669949435 1 0 9
414248139 937186254 577612391 382515185 69446941 382515185 414248139 414248139 577612391
385990805 1 0 1
957003321
214539350 1 0 8
382515185 937186254 712260931 577612391 937186254 957003321 937186254 712260931
476658941 1 0 1
69446941
114330446 0 0 2
655320459 414248139
886916264 0 0 7
69446941 577612391 655320459 655320459 69446941 414248139 712260931
842999673 1 0 5
712260931 937186254 956158979 937186254 69446941
567047709 1 0 9
577612391 577612391 577612391 957003321 712260931 655320459 69446941 577612391 655320459
497480607 1 0 4
414248139 577612391 382515185 956158979
181739153 1 0 5
69446941 382515185 655320459 577612391 712260931
393548658 1 0 1
956158979
141394674 0 0 7
957003321 577612391 655320459 655320459 957003321 577612391 655320459
231988103 0 0 4
382515185 956158979 577612391 957003321
401502729 0 0 7
712260931 957003321 957003321 655320459 414248139 655320459 414248139
357069938 1 0 6
937186254 577612391 956158979 655320459 957003321 957003321
556521963 0 0 6
382515185 414248139 382515185 957003321 712260931 577612391
383408763 0 0 8
414248139 414248139 956158979 69446941 69446941 382515185 957003321 712260931
174374081 1 0 8
957003321 577612391 712260931 655320459 937186254 712260931 69446941 577612391
620097944 1 0 8
956158979 414248139 655320459 712260931 414248139 956158979 937186254 937186254
136812114 1 0 5
712260931 956158979 712260931 382515185 712260931
65046325 1 0 5
382515185 382515185 382515185 414248139 69446941
87398616 0 0 8
712260931 382515185 69446941 712260931 655320459 712260931 655320459 655320459
318563747 1 0 8
69446941 382515185 712260931 382515185 655320459 655320459 712260931 577612391
985638986 0 0 3
655320459 957003321 655320459
965771365 0 0 10
69446941 956158979 712260931 382515185 957003321 937186254 956158979 956158979 957003321 577612391
843777358 0 0 8
956158979 382515185 69446941 957003321 712260931 69446941 712260931 577612391
9411159 0 0 2
655320459 655320459
477595404 1 0 10
69446941 577612391 937186254 712260931 655320459 382515185 957003321 69446941 577612391 382515185
746370189 1 0 9
655320459 712260931 655320459 414248139 577612391 712260931 414248139 577612391 577612391
903100365 0 0 5
712260931 577612391 414248139 414248139 937186254
177667044 0 0 3
712260931 956158979 414248139
403470439 0 0 7
69446941 655320459 69446941 655320459 712260931 937186254 712260931
520584323 0 0 2
957003321 957003321
262107046 0 0 3
414248139 69446941 577612391
259784662 0 0 6
69446941 577612391 956158979 655320459 655320459 414248139
38671539 0 0 8
414248139 937186254 577612391 414248139 712260931 414248139 382515185 712260931
