130
298926388 0 1 38
88097079 662619936 106584065 498549187 137633160 106584065 88097079 106584065 88097079 992340265 853603166 498549187 48926822 992340265 83069036 83069036 88097079 498549187 48926822 83069036 88097079 853603166 48926822 88097079 137633160 48926822 662619936 106584065 83069036 992340265 48926822 48926822 853603166 498549187 853603166 137633160 992340265 88097079
860587147 0 1 37
83069036 48926822 106584065 106584065 662619936 498549187 137633160 48926822 48926822 137633160 83069036 88097079 88097079 88097079 106584065 48926822 662619936 48926822 992340265 853603166 992340265 137633160 137633160 662619936 992340265 106584065 853603166 137633160 106584065 662619936 853603166 137633160 106584065 106584065 662619936 88097079 662619936
464491300 0 1 35
498549187 662619936 106584065 853603166 48926822 83069036 88097079 137633160 48926822 137633160 992340265 498549187 48926822 662619936 48926822 498549187 498549187 88097079 662619936 992340265 662619936 992340265 48926822 88097079 853603166 992340265 83069036 662619936 106584065 83069036 853603166 992340265 106584065 137633160 48926822
698100426 1 1 2
662619936 88097079
386799834 0 1 2
83069036 83069036
585106503 1 1 11
83069036 662619936 992340265 106584065 853603166 106584065 992340265 853603166 48926822 992340265 48926822
974347232 0 1 34
48926822 83069036 498549187 662619936 853603166 106584065 137633160 662619936 498549187 106584065 48926822 137633160 106584065 992340265 853603166 106584065 992340265 853603166 88097079 88097079 662619936 498549187 137633160 853603166 106584065 88097079 992340265 853603166 498549187 48926822 662619936 853603166 48926822 48926822
697465103 0 1 33
88097079 106584065 137633160 106584065 137633160 992340265 88097079 662619936 48926822 137633160 853603166 662619936 106584065 498549187 498549187 992340265 106584065 137633160 48926822 106584065 48926822 88097079 48926822 992340265 992340265 662619936 498549187 137633160 137633160 88097079 498549187 106584065 106584065
706791727 0 1 30
853603166 48926822 106584065 48926822 88097079 662619936 992340265 498549187 48926822 48926822 83069036 498549187 88097079 992340265 992340265 83069036 137633160 498549187 137633160 88097079 88097079 992340265 498549187 498549187 662619936 992340265 106584065 88097079 853603166 137633160
585106503 1 0 11
83069036 662619936 992340265 106584065 853603166 106584065 992340265 853603166 48926822 992340265 48926822
112851364 1 1 5
106584065 992340265 137633160 853603166 498549187
216360841 1 1 4
662619936 83069036 48926822 83069036
483984157 0 1 16
88097079 83069036 498549187 498549187 137633160 662619936 992340265 106584065 48926822 88097079 88097079 88097079 88097079 48926822 48926822 83069036
706791727 0 0 30
853603166 48926822 106584065 48926822 88097079 662619936 992340265 498549187 48926822 48926822 83069036 498549187 88097079 992340265 992340265 83069036 137633160 498549187 137633160 88097079 88097079 992340265 498549187 498549187 662619936 992340265 106584065 88097079 853603166 137633160
398968595 0 1 16
137633160 137633160 83069036 137633160 498549187 83069036 137633160 992340265 662619936 853603166 498549187 48926822 498549187 662619936 992340265 83069036
263747502 1 1 43
48926822 88097079 83069036 106584065 83069036 83069036 662619936 853603166 853603166 83069036 992340265 498549187 137633160 88097079 88097079 106584065 853603166 662619936 662619936 48926822 106584065 83069036 853603166 137633160 498549187 662619936 48926822 498549187 662619936 88097079 88097079 137633160 853603166 48926822 83069036 853603166 106584065 662619936 498549187 662619936 106584065 662619936 48926822
823786490 0 1 41
83069036 48926822 992340265 662619936 106584065 83069036 992340265 137633160 137633160 662619936 853603166 88097079 662619936 662619936 853603166 992340265 853603166 853603166 106584065 853603166 498549187 88097079 662619936 137633160 106584065 83069036 83069036 137633160 992340265 137633160 88097079 992340265 88097079 662619936 853603166 992340265 106584065 48926822 88097079 83069036 498549187
367509829 0 1 41
662619936 83069036 662619936 48926822 88097079 88097079 48926822 853603166 48926822 498549187 137633160 137633160 498549187 853603166 992340265 662619936 137633160 992340265 137633160 106584065 853603166 992340265 853603166 992340265 853603166 83069036 137633160 498549187 83069036 853603166 137633160 662619936 48926822 83069036 137633160 662619936 48926822 853603166 83069036 662619936 498549187
674185621 1 1 29
853603166 106584065 853603166 992340265 853603166 992340265 853603166 853603166 88097079 853603166 48926822 88097079 853603166 83069036 853603166 853603166 853603166 992340265 48926822 48926822 137633160 498549187 992340265 83069036 498549187 137633160 106584065 992340265 137633160
216360841 1 0 4
662619936 83069036 48926822 83069036
588562708 0 1 45
83069036 662619936 498549187 83069036 662619936 137633160 662619936 992340265 992340265 106584065 662619936 662619936 106584065 853603166 137633160 498549187 498549187 106584065 83069036 88097079 662619936 88097079 992340265 137633160 106584065 88097079 137633160 88097079 48926822 662619936 853603166 48926822 137633160 137633160 106584065 83069036 992340265 88097079 137633160 498549187 992340265 83069036 48926822 853603166 48926822
993817597 1 1 47
106584065 853603166 498549187 498549187 498549187 83069036 106584065 48926822 662619936 83069036 662619936 992340265 137633160 48926822 853603166 992340265 88097079 662619936 992340265 662619936 48926822 48926822 48926822 106584065 662619936 992340265 106584065 992340265 662619936 662619936 992340265 88097079 662619936 662619936 137633160 48926822 106584065 48926822 106584065 498549187 992340265 853603166 992340265 88097079 48926822 48926822 662619936
361052736 1 1 46
106584065 498549187 83069036 137633160 992340265 106584065 88097079 83069036 83069036 106584065 106584065 992340265 992340265 498549187 853603166 662619936 83069036 662619936 992340265 137633160 662619936 88097079 137633160 137633160 88097079 498549187 88097079 992340265 88097079 106584065 662619936 992340265 992340265 106584065 88097079 88097079 48926822 48926822 48926822 48926822 853603166 498549187 106584065 48926822 137633160 106584065
907419449 0 1 17
88097079 662619936 48926822 88097079 853603166 88097079 83069036 498549187 853603166 992340265 853603166 106584065 853603166 48926822 83069036 106584065 662619936
290526200 1 1 32
992340265 498549187 48926822 662619936 992340265 137633160 853603166 853603166 48926822 106584065 853603166 992340265 88097079 48926822 662619936 88097079 48926822 106584065 853603166 48926822 83069036 137633160 88097079 48926822 498549187 48926822 137633160 83069036 992340265 106584065 137633160 88097079
386799834 0 0 2
83069036 83069036
974347232 0 0 34
48926822 83069036 498549187 662619936 853603166 106584065 137633160 662619936 498549187 106584065 48926822 137633160 106584065 992340265 853603166 106584065 992340265 853603166 88097079 88097079 662619936 498549187 137633160 853603166 106584065 88097079 992340265 853603166 498549187 48926822 662619936 853603166 48926822 48926822
993817597 1 0 47
106584065 853603166 498549187 498549187 498549187 83069036 106584065 48926822 662619936 83069036 662619936 992340265 137633160 48926822 853603166 992340265 88097079 662619936 992340265 662619936 48926822 48926822 48926822 106584065 662619936 992340265 106584065 992340265 662619936 662619936 992340265 88097079 662619936 662619936 137633160 48926822 106584065 48926822 106584065 498549187 992340265 853603166 992340265 88097079 48926822 48926822 662619936
67172253 1 1 45
83069036 498549187 83069036 48926822 48926822 853603166 106584065 106584065 106584065 992340265 137633160 992340265 137633160 48926822 137633160 88097079 853603166 662619936 83069036 662619936 106584065 48926822 83069036 83069036 106584065 853603166 48926822 992340265 498549187 106584065 662619936 88097079 992340265 662619936 83069036 853603166 662619936 106584065 662619936 498549187 48926822 853603166 48926822 498549187 48926822
995516527 1 1 24
48926822 83069036 662619936 137633160 48926822 106584065 853603166 853603166 106584065 83069036 662619936 48926822 498549187 106584065 662619936 662619936 88097079 662619936 83069036 48926822 83069036 662619936 48926822 992340265
226111587 1 1 37
106584065 992340265 83069036 498549187 137633160 83069036 48926822 992340265 992340265 137633160 662619936 48926822 83069036 106584065 137633160 106584065 992340265 83069036 498549187 137633160 48926822 662619936 498549187 137633160 106584065 88097079 88097079 853603166 106584065 992340265 83069036 48926822 498549187 662619936 853603166 662619936 106584065
116099074 0 1 14
498549187 48926822 992340265 88097079 137633160 83069036 137633160 88097079 662619936 992340265 106584065 106584065 853603166 992340265
510652815 0 1 29
48926822 662619936 83069036 106584065 106584065 48926822 992340265 88097079 48926822 88097079 992340265 662619936 853603166 137633160 48926822 88097079 88097079 83069036 498549187 48926822 498549187 853603166 106584065 662619936 106584065 48926822 83069036 88097079 992340265
226111587 1 0 37
106584065 992340265 83069036 498549187 137633160 83069036 48926822 992340265 992340265 137633160 662619936 48926822 83069036 106584065 137633160 106584065 992340265 83069036 498549187 137633160 48926822 662619936 498549187 137633160 106584065 88097079 88097079 853603166 106584065 992340265 83069036 48926822 498549187 662619936 853603166 662619936 106584065
70968203 0 1 42
992340265 83069036 498549187 662619936 48926822 853603166 137633160 992340265 137633160 992340265 106584065 498549187 662619936 498549187 137633160 498549187 137633160 137633160 48926822 853603166 48926822 662619936 83069036 662619936 853603166 106584065 88097079 498549187 992340265 853603166 662619936 498549187 853603166 48926822 88097079 88097079 83069036 498549187 106584065 137633160 83069036 48926822
112851364 1 0 5
106584065 992340265 137633160 853603166 498549187
222683139 0 1 30
853603166 992340265 106584065 48926822 853603166 853603166 137633160 853603166 662619936 498549187 498549187 498549187 106584065 88097079 137633160 106584065 83069036 137633160 137633160 83069036 662619936 83069036 88097079 137633160 992340265 498549187 48926822 992340265 853603166 137633160
648285974 1 1 33
853603166 48926822 88097079 137633160 498549187 88097079 83069036 992340265 853603166 498549187 83069036 498549187 992340265 106584065 498549187 48926822 83069036 83069036 137633160 662619936 48926822 48926822 137633160 853603166 106584065 662619936 853603166 83069036 662619936 498549187 48926822 662619936 853603166
422033741 1 1 4
992340265 88097079 992340265 48926822
521609526 1 1 48
992340265 48926822 853603166 498549187 106584065 83069036 992340265 498549187 48926822 498549187 137633160 88097079 106584065 853603166 88097079 106584065 662619936 137633160 88097079 853603166 498549187 48926822 853603166 498549187 137633160 88097079 83069036 88097079 853603166 498549187 853603166 992340265 88097079 853603166 992340265 137633160 853603166 498549187 106584065 88097079 137633160 83069036 83069036 83069036 83069036 88097079 853603166 137633160
361389472 1 1 2
498549187 83069036
886525040 1 1 36
48926822 137633160 853603166 48926822 992340265 853603166 498549187 106584065 137633160 83069036 83069036 992340265 88097079 106584065 106584065 137633160 853603166 498549187 853603166 853603166 137633160 137633160 137633160 137633160 106584065 48926822 662619936 137633160 992340265 853603166 992340265 498549187 498549187 992340265 83069036 83069036
72226303 1 1 45
498549187 83069036 498549187 662619936 88097079 48926822 498549187 498549187 88097079 992340265 137633160 83069036 662619936 992340265 137633160 83069036 88097079 83069036 137633160 106584065 992340265 992340265 83069036 662619936 83069036 106584065 106584065 662619936 137633160 992340265 88097079 137633160 992340265 137633160 83069036 137633160 83069036 83069036 662619936 48926822 992340265 83069036 48926822 853603166 106584065
748189305 0 1 47
83069036 106584065 853603166 137633160 83069036 853603166 83069036 992340265 106584065 106584065 137633160 992340265 853603166 853603166 88097079 662619936 992340265 88097079 83069036 137633160 88097079 662619936 853603166 137633160 992340265 88097079 137633160 853603166 48926822 498549187 48926822 992340265 992340265 48926822 88097079 106584065 48926822 88097079 83069036 498549187 137633160 853603166 83069036 106584065 137633160 48926822 88097079
324147895 0 1 33
853603166 106584065 992340265 137633160 662619936 498549187 853603166 853603166 498549187 88097079 853603166 83069036 992340265 48926822 992340265 106584065 137633160 137633160 498549187 853603166 662619936 662619936 498549187 106584065 88097079 662619936 853603166 853603166 106584065 83069036 88097079 137633160 106584065
46573535 1 1 4
662619936 88097079 853603166 662619936
823786490 0 0 41
83069036 48926822 992340265 662619936 106584065 83069036 992340265 137633160 137633160 662619936 853603166 88097079 662619936 662619936 853603166 992340265 853603166 853603166 106584065 853603166 498549187 88097079 662619936 137633160 106584065 83069036 83069036 137633160 992340265 137633160 88097079 992340265 88097079 662619936 853603166 992340265 106584065 48926822 88097079 83069036 498549187
398968595 0 0 16
137633160 137633160 83069036 137633160 498549187 83069036 137633160 992340265 662619936 853603166 498549187 48926822 498549187 662619936 992340265 83069036
674185621 1 0 29
853603166 106584065 853603166 992340265 853603166 992340265 853603166 853603166 88097079 853603166 48926822 88097079 853603166 83069036 853603166 853603166 853603166 992340265 48926822 48926822 137633160 498549187 992340265 83069036 498549187 137633160 106584065 992340265 137633160
298170759 0 1 3
48926822 662619936 992340265
30939621 0 1 11
48926822 106584065 992340265 83069036 83069036 48926822 137633160 106584065 83069036 48926822 992340265
46573535 1 0 4
662619936 88097079 853603166 662619936
11941250 1 1 45
853603166 106584065 992340265 137633160 48926822 48926822 48926822 83069036 662619936 498549187 992340265 992340265 106584065 498549187 498549187 48926822 48926822 498549187 662619936 662619936 137633160 498549187 106584065 498549187 662619936 137633160 83069036 853603166 137633160 83069036 48926822 992340265 853603166 106584065 48926822 88097079 498549187 137633160 83069036 88097079 662619936 992340265 106584065 88097079 992340265
514531599 0 1 28
48926822 106584065 88097079 498549187 48926822 137633160 137633160 106584065 992340265 853603166 106584065 83069036 853603166 137633160 992340265 137633160 992340265 853603166 137633160 83069036 992340265 853603166 48926822 137633160 992340265 498549187 498549187 498549187
367440129 0 1 10
48926822 662619936 106584065 83069036 137633160 48926822 853603166 662619936 106584065 137633160
410909844 1 1 50
853603166 48926822 106584065 48926822 88097079 662619936 48926822 106584065 83069036 106584065 662619936 106584065 48926822 88097079 48926822 106584065 853603166 137633160 137633160 662619936 83069036 88097079 48926822 992340265 498549187 992340265 48926822 137633160 992340265 137633160 662619936 992340265 88097079 498549187 106584065 83069036 662619936 853603166 106584065 662619936 662619936 88097079 498549187 498549187 853603166 88097079 48926822 88097079 498549187 88097079
630795452 1 1 28
106584065 992340265 853603166 88097079 498549187 137633160 106584065 662619936 83069036 83069036 106584065 88097079 106584065 498549187 48926822 106584065 106584065 106584065 88097079 992340265 48926822 137633160 106584065 662619936 88097079 137633160 48926822 88097079
43742970 1 1 48
106584065 498549187 88097079 137633160 992340265 106584065 83069036 853603166 498549187 662619936 106584065 498549187 498549187 662619936 853603166 992340265 498549187 662619936 662619936 662619936 498549187 48926822 498549187 88097079 83069036 662619936 48926822 48926822 662619936 106584065 992340265 88097079 992340265 106584065 106584065 498549187 83069036 498549187 498549187 498549187 88097079 662619936 137633160 853603166 106584065 106584065 48926822 992340265
630936025 0 1 11
137633160 498549187 137633160 853603166 83069036 83069036 48926822 992340265 106584065 853603166 498549187
304981072 1 1 43
853603166 83069036 106584065 106584065 498549187 992340265 137633160 48926822 83069036 992340265 137633160 498549187 498549187 48926822 137633160 992340265 83069036 106584065 83069036 137633160 662619936 662619936 137633160 137633160 498549187 992340265 992340265 137633160 498549187 106584065 83069036 137633160 106584065 106584065 662619936 992340265 48926822 88097079 137633160 48926822 106584065 992340265 853603166
521609526 1 0 48
992340265 48926822 853603166 498549187 106584065 83069036 992340265 498549187 48926822 498549187 137633160 88097079 106584065 853603166 88097079 106584065 662619936 137633160 88097079 853603166 498549187 48926822 853603166 498549187 137633160 88097079 83069036 88097079 853603166 498549187 853603166 992340265 88097079 853603166 992340265 137633160 853603166 498549187 106584065 88097079 137633160 83069036 83069036 83069036 83069036 88097079 853603166 137633160
484822030 0 1 17
853603166 992340265 106584065 992340265 48926822 83069036 83069036 106584065 992340265 853603166 106584065 83069036 88097079 662619936 498549187 992340265 106584065
624753621 1 1 17
498549187 853603166 992340265 83069036 853603166 137633160 853603166 498549187 992340265 137633160 498549187 48926822 48926822 662619936 106584065 137633160 106584065
518550159 1 1 8
137633160 498549187 48926822 106584065 48926822 88097079 83069036 498549187
392241478 1 1 4
88097079 853603166 853603166 88097079
767796172 1 1 1
137633160
585722412 1 1 7
992340265 83069036 88097079 83069036 853603166 106584065 853603166
240274356 1 1 1
662619936
993907758 1 1 1
853603166
67172253 1 0 45
83069036 498549187 83069036 48926822 48926822 853603166 106584065 106584065 106584065 992340265 137633160 992340265 137633160 48926822 137633160 88097079 853603166 662619936 83069036 662619936 106584065 48926822 83069036 83069036 106584065 853603166 48926822 992340265 498549187 106584065 662619936 88097079 992340265 662619936 83069036 853603166 662619936 106584065 662619936 498549187 48926822 853603166 48926822 498549187 48926822
554337837 0 1 5
992340265 853603166 88097079 106584065 498549187
750927170 0 1 1
88097079
361389472 1 0 2
498549187 83069036
995516527 1 0 24
48926822 83069036 662619936 137633160 48926822 106584065 853603166 853603166 106584065 83069036 662619936 48926822 498549187 106584065 662619936 662619936 88097079 662619936 83069036 48926822 83069036 662619936 48926822 992340265
917392312 0 1 9
48926822 853603166 498549187 83069036 662619936 83069036 88097079 498549187 992340265
624753621 1 0 17
498549187 853603166 992340265 83069036 853603166 137633160 853603166 498549187 992340265 137633160 498549187 48926822 48926822 662619936 106584065 137633160 106584065
777020975 0 1 40
83069036 83069036 83069036 48926822 662619936 88097079 83069036 48926822 662619936 662619936 853603166 106584065 48926822 992340265 88097079 137633160 106584065 88097079 662619936 137633160 48926822 992340265 498549187 88097079 88097079 853603166 48926822 106584065 498549187 88097079 853603166 498549187 48926822 48926822 83069036 992340265 662619936 48926822 106584065 106584065
11941250 1 0 45
853603166 106584065 992340265 137633160 48926822 48926822 48926822 83069036 662619936 498549187 992340265 992340265 106584065 498549187 498549187 48926822 48926822 498549187 662619936 662619936 137633160 498549187 106584065 498549187 662619936 137633160 83069036 853603166 137633160 83069036 48926822 992340265 853603166 106584065 48926822 88097079 498549187 137633160 83069036 88097079 662619936 992340265 106584065 88097079 992340265
290526200 1 0 32
992340265 498549187 48926822 662619936 992340265 137633160 853603166 853603166 48926822 106584065 853603166 992340265 88097079 48926822 662619936 88097079 48926822 106584065 853603166 48926822 83069036 137633160 88097079 48926822 498549187 48926822 137633160 83069036 992340265 106584065 137633160 88097079
399213143 0 1 5
853603166 106584065 106584065 992340265 992340265
339426052 0 1 7
106584065 498549187 48926822 137633160 853603166 83069036 498549187
151146852 0 1 17
992340265 662619936 853603166 853603166 853603166 137633160 662619936 106584065 498549187 106584065 83069036 992340265 853603166 88097079 83069036 662619936 662619936
298926388 0 0 38
88097079 662619936 106584065 498549187 137633160 106584065 88097079 106584065 88097079 992340265 853603166 498549187 48926822 992340265 83069036 83069036 88097079 498549187 48926822 83069036 88097079 853603166 48926822 88097079 137633160 48926822 662619936 106584065 83069036 992340265 48926822 48926822 853603166 498549187 853603166 137633160 992340265 88097079
698100426 1 0 2
662619936 88097079
760602614 0 1 4
88097079 88097079 137633160 83069036
263747502 1 0 43
48926822 88097079 83069036 106584065 83069036 83069036 662619936 853603166 853603166 83069036 992340265 498549187 137633160 88097079 88097079 106584065 853603166 662619936 662619936 48926822 106584065 83069036 853603166 137633160 498549187 662619936 48926822 498549187 662619936 88097079 88097079 137633160 853603166 48926822 83069036 853603166 106584065 662619936 498549187 662619936 106584065 662619936 48926822
43742970 1 0 48
106584065 498549187 88097079 137633160 992340265 106584065 83069036 853603166 498549187 662619936 106584065 498549187 498549187 662619936 853603166 992340265 498549187 662619936 662619936 662619936 498549187 48926822 498549187 88097079 83069036 662619936 48926822 48926822 662619936 106584065 992340265 88097079 992340265 106584065 106584065 498549187 83069036 498549187 498549187 498549187 88097079 662619936 137633160 853603166 106584065 106584065 48926822 992340265
361052736 1 0 46
106584065 498549187 83069036 137633160 992340265 106584065 88097079 83069036 83069036 106584065 106584065 992340265 992340265 498549187 853603166 662619936 83069036 662619936 992340265 137633160 662619936 88097079 137633160 137633160 88097079 498549187 88097079 992340265 88097079 106584065 662619936 992340265 992340265 106584065 88097079 88097079 48926822 48926822 48926822 48926822 853603166 498549187 106584065 48926822 137633160 106584065
993907758 1 0 1
853603166
304981072 1 0 43
853603166 83069036 106584065 106584065 498549187 992340265 137633160 48926822 83069036 992340265 137633160 498549187 498549187 48926822 137633160 992340265 83069036 106584065 83069036 137633160 662619936 662619936 137633160 137633160 498549187 992340265 992340265 137633160 498549187 106584065 83069036 137633160 106584065 106584065 662619936 992340265 48926822 88097079 137633160 48926822 106584065 992340265 853603166
648285974 1 0 33
853603166 48926822 88097079 137633160 498549187 88097079 83069036 992340265 853603166 498549187 83069036 498549187 992340265 106584065 498549187 48926822 83069036 83069036 137633160 662619936 48926822 48926822 137633160 853603166 106584065 662619936 853603166 83069036 662619936 498549187 48926822 662619936 853603166
78467443 0 1 2
853603166 88097079
767796172 1 0 1
137633160
410909844 1 0 50
853603166 48926822 106584065 48926822 88097079 662619936 48926822 106584065 83069036 106584065 662619936 106584065 48926822 88097079 48926822 106584065 853603166 137633160 137633160 662619936 83069036 88097079 48926822 992340265 498549187 992340265 48926822 137633160 992340265 137633160 662619936 992340265 88097079 498549187 106584065 83069036 662619936 853603166 106584065 662619936 662619936 88097079 498549187 498549187 853603166 88097079 48926822 88097079 498549187 88097079
554337837 0 0 5
992340265 853603166 88097079 106584065 498549187
860587147 0 0 37
83069036 48926822 106584065 106584065 662619936 498549187 137633160 48926822 48926822 137633160 83069036 88097079 88097079 88097079 106584065 48926822 662619936 48926822 992340265 853603166 992340265 137633160 137633160 662619936 992340265 106584065 853603166 137633160 106584065 662619936 853603166 137633160 106584065 106584065 662619936 88097079 662619936
392241478 1 0 4
88097079 853603166 853603166 88097079
464491300 0 0 35
498549187 662619936 106584065 853603166 48926822 83069036 88097079 137633160 48926822 137633160 992340265 498549187 48926822 662619936 48926822 498549187 498549187 88097079 662619936 992340265 662619936 992340265 48926822 88097079 853603166 992340265 83069036 662619936 106584065 83069036 853603166 992340265 106584065 137633160 48926822
484822030 0 0 17
853603166 992340265 106584065 992340265 48926822 83069036 83069036 106584065 992340265 853603166 106584065 83069036 88097079 662619936 498549187 992340265 106584065
78467443 0 0 2
853603166 88097079
630795452 1 0 28
106584065 992340265 853603166 88097079 498549187 137633160 106584065 662619936 83069036 83069036 106584065 88097079 106584065 498549187 48926822 106584065 106584065 106584065 88097079 992340265 48926822 137633160 106584065 662619936 88097079 137633160 48926822 88097079
422033741 1 0 4
992340265 88097079 992340265 48926822
72226303 1 0 45
498549187 83069036 498549187 662619936 88097079 48926822 498549187 498549187 88097079 992340265 137633160 83069036 662619936 992340265 137633160 83069036 88097079 83069036 137633160 106584065 992340265 992340265 83069036 662619936 83069036 106584065 106584065 662619936 137633160 992340265 88097079 137633160 992340265 137633160 83069036 137633160 83069036 83069036 662619936 48926822 992340265 83069036 48926822 853603166 106584065
750927170 0 0 1
88097079
483984157 0 0 16
88097079 83069036 498549187 498549187 137633160 662619936 992340265 106584065 48926822 88097079 88097079 88097079 88097079 48926822 48926822 83069036
886525040 1 0 36
48926822 137633160 853603166 48926822 992340265 853603166 498549187 106584065 137633160 83069036 83069036 992340265 88097079 106584065 106584065 137633160 853603166 498549187 853603166 853603166 137633160 137633160 137633160 137633160 106584065 48926822 662619936 137633160 992340265 853603166 992340265 498549187 498549187 992340265 83069036 83069036
518550159 1 0 8
137633160 498549187 48926822 106584065 48926822 88097079 83069036 498549187
748189305 0 0 47
83069036 106584065 853603166 137633160 83069036 853603166 83069036 992340265 106584065 106584065 137633160 992340265 853603166 853603166 88097079 662619936 992340265 88097079 83069036 137633160 88097079 662619936 853603166 137633160 992340265 88097079 137633160 853603166 48926822 498549187 48926822 992340265 992340265 48926822 88097079 106584065 48926822 88097079 83069036 498549187 137633160 853603166 83069036 106584065 137633160 48926822 88097079
585722412 1 0 7
992340265 83069036 88097079 83069036 853603166 106584065 853603166
907419449 0 0 17
88097079 662619936 48926822 88097079 853603166 88097079 83069036 498549187 853603166 992340265 853603166 106584065 853603166 48926822 83069036 106584065 662619936
240274356 1 0 1
662619936
324147895 0 0 33
853603166 106584065 992340265 137633160 662619936 498549187 853603166 853603166 498549187 88097079 853603166 83069036 992340265 48926822 992340265 106584065 137633160 137633160 498549187 853603166 662619936 662619936 498549187 106584065 88097079 662619936 853603166 853603166 106584065 83069036 88097079 137633160 106584065
70968203 0 0 42
992340265 83069036 498549187 662619936 48926822 853603166 137633160 992340265 137633160 992340265 106584065 498549187 662619936 498549187 137633160 498549187 137633160 137633160 48926822 853603166 48926822 662619936 83069036 662619936 853603166 106584065 88097079 498549187 992340265 853603166 662619936 498549187 853603166 48926822 88097079 88097079 83069036 498549187 106584065 137633160 83069036 48926822
514531599 0 0 28
48926822 106584065 88097079 498549187 48926822 137633160 137633160 106584065 992340265 853603166 106584065 83069036 853603166 137633160 992340265 137633160 992340265 853603166 137633160 83069036 992340265 853603166 48926822 137633160 992340265 498549187 498549187 498549187
298170759 0 0 3
48926822 662619936 992340265
222683139 0 0 30
853603166 992340265 106584065 48926822 853603166 853603166 137633160 853603166 662619936 498549187 498549187 498549187 106584065 88097079 137633160 106584065 83069036 137633160 137633160 83069036 662619936 83069036 88097079 137633160 992340265 498549187 48926822 992340265 853603166 137633160
367509829 0 0 41
662619936 83069036 662619936 48926822 88097079 88097079 48926822 853603166 48926822 498549187 137633160 137633160 498549187 853603166 992340265 662619936 137633160 992340265 137633160 106584065 853603166 992340265 853603166 992340265 853603166 83069036 137633160 498549187 83069036 853603166 137633160 662619936 48926822 83069036 137633160 662619936 48926822 853603166 83069036 662619936 498549187
339426052 0 0 7
106584065 498549187 48926822 137633160 853603166 83069036 498549187
630936025 0 0 11
137633160 498549187 137633160 853603166 83069036 83069036 48926822 992340265 106584065 853603166 498549187
510652815 0 0 29
48926822 662619936 83069036 106584065 106584065 48926822 992340265 88097079 48926822 88097079 992340265 662619936 853603166 137633160 48926822 88097079 88097079 83069036 498549187 48926822 498549187 853603166 106584065 662619936 106584065 48926822 83069036 88097079 992340265
151146852 0 0 17
992340265 662619936 853603166 853603166 853603166 137633160 662619936 106584065 498549187 106584065 83069036 992340265 853603166 88097079 83069036 662619936 662619936
760602614 0 0 4
88097079 88097079 137633160 83069036
917392312 0 0 9
48926822 853603166 498549187 83069036 662619936 83069036 88097079 498549187 992340265
30939621 0 0 11
48926822 106584065 992340265 83069036 83069036 48926822 137633160 106584065 83069036 48926822 992340265
697465103 0 0 33
88097079 106584065 137633160 106584065 137633160 992340265 88097079 662619936 48926822 137633160 853603166 662619936 106584065 498549187 498549187 992340265 106584065 137633160 48926822 106584065 48926822 88097079 48926822 992340265 992340265 662619936 498549187 137633160 137633160 88097079 498549187 106584065 106584065
399213143 0 0 5
853603166 106584065 106584065 992340265 992340265
777020975 0 0 40
83069036 83069036 83069036 48926822 662619936 88097079 83069036 48926822 662619936 662619936 853603166 106584065 48926822 992340265 88097079 137633160 106584065 88097079 662619936 137633160 48926822 992340265 498549187 88097079 88097079 853603166 48926822 106584065 498549187 88097079 853603166 498549187 48926822 48926822 83069036 992340265 662619936 48926822 106584065 106584065
588562708 0 0 45
83069036 662619936 498549187 83069036 662619936 137633160 662619936 992340265 992340265 106584065 662619936 662619936 106584065 853603166 137633160 498549187 498549187 106584065 83069036 88097079 662619936 88097079 992340265 137633160 106584065 88097079 137633160 88097079 48926822 662619936 853603166 48926822 137633160 137633160 106584065 83069036 992340265 88097079 137633160 498549187 992340265 83069036 48926822 853603166 48926822
367440129 0 0 10
48926822 662619936 106584065 83069036 137633160 48926822 853603166 662619936 106584065 137633160
116099074 0 0 14
498549187 48926822 992340265 88097079 137633160 83069036 137633160 88097079 662619936 992340265 106584065 106584065 853603166 992340265
