1506
520992573 0 1 2
591217287 99657424
799768751 0 1 2
591217287 820933531
973704910 1 1 3
820933531 591217287 99657424
651310183 0 1 2
591217287 591217287
106119840 0 1 2
120137212 591217287
662365531 1 1 2
99657424 120137212
260443447 1 1 1
81569403
115023422 0 1 1
305698280
643705132 0 1 1
81569403
242346581 1 1 3
120137212 81569403 6212294
567121988 1 1 2
305698280 971031674
49132851 0 1 1
591217287
345344001 0 1 3
81569403 6212294 305698280
328927887 1 1 1
99657424
699792764 0 1 2
302152248 591217287
328927887 1 0 1
99657424
949085067 0 1 3
305698280 971031674 99657424
272053246 0 1 1
759658357
418511748 0 1 2
971031674 120137212
492445387 1 1 2
591217287 6212294
260443447 1 0 1
81569403
662365531 1 0 2
99657424 120137212
574626948 0 1 2
120137212 99657424
838250132 0 1 3
820933531 99657424 305698280
315993412 1 1 1
759658357
547280511 0 1 1
302152248
992918731 0 1 3
591217287 971031674 971031674
136926942 0 1 1
302152248
646937934 1 1 2
305698280 6212294
436652370 1 1 1
302152248
749101650 1 1 3
971031674 759658357 81569403
799768751 0 0 2
591217287 820933531
492445387 1 0 2
591217287 6212294
653150227 1 1 3
971031674 302152248 971031674
518221772 1 1 2
591217287 820933531
54799929 0 1 2
302152248 971031674
26659152 0 1 2
120137212 971031674
170506874 1 1 1
820933531
28504838 1 1 3
99657424 971031674 820933531
677969334 0 1 2
302152248 99657424
129143065 1 1 3
302152248 99657424 759658357
543386720 1 1 3
120137212 81569403 971031674
272053246 0 0 1
759658357
567121988 1 0 2
305698280 971031674
790929132 0 1 3
820933531 305698280 6212294
96682838 1 1 1
591217287
39608204 1 1 3
302152248 820933531 99657424
33275713 1 1 3
759658357 591217287 820933531
663804825 1 1 2
6212294 305698280
88741054 1 1 2
99657424 81569403
231136065 0 1 1
591217287
992732711 1 1 1
99657424
641050169 1 1 1
591217287
180221131 0 1 3
6212294 971031674 99657424
117302308 1 1 1
302152248
59561916 0 1 3
99657424 120137212 81569403
525182869 1 1 3
120137212 99657424 120137212
544445608 0 1 1
6212294
750328399 0 1 2
302152248 759658357
841176281 1 1 1
591217287
525182869 1 0 3
120137212 99657424 120137212
91726118 1 1 3
6212294 591217287 591217287
117302308 1 0 1
302152248
790929132 0 0 3
820933531 305698280 6212294
595763482 1 1 1
120137212
830619574 0 1 1
302152248
738664052 1 1 2
302152248 820933531
841176281 1 0 1
591217287
32415851 0 1 2
820933531 820933531
579721224 1 1 1
81569403
418511748 0 0 2
971031674 120137212
244330630 1 1 1
302152248
643705132 0 0 1
81569403
403153974 0 1 3
759658357 120137212 971031674
487037504 0 1 3
820933531 305698280 820933531
574626948 0 0 2
120137212 99657424
123506133 1 1 1
81569403
573660847 1 1 1
99657424
368058694 1 1 1
302152248
801475466 0 1 2
302152248 820933531
231136065 0 0 1
591217287
973704910 1 0 3
820933531 591217287 99657424
646937934 1 0 2
305698280 6212294
750328399 0 0 2
302152248 759658357
115023422 0 0 1
305698280
702803911 0 1 3
591217287 120137212 591217287
830619574 0 0 1
302152248
911445413 0 1 3
120137212 99657424 99657424
444920950 1 1 3
6212294 81569403 99657424
799486749 1 1 2
305698280 6212294
951053616 1 1 3
6212294 305698280 759658357
478196662 1 1 3
99657424 302152248 820933531
315807925 0 1 2
6212294 759658357
892311021 1 1 3
759658357 302152248 6212294
709332726 1 1 3
6212294 820933531 591217287
161056988 0 1 2
971031674 81569403
385877542 0 1 3
6212294 971031674 591217287
799486749 1 0 2
305698280 6212294
543386720 1 0 3
120137212 81569403 971031674
742070208 0 1 3
302152248 971031674 6212294
487037504 0 0 3
820933531 305698280 820933531
130875647 0 1 3
305698280 81569403 302152248
297955809 1 1 1
305698280
267253077 1 1 2
302152248 6212294
675321254 1 1 2
302152248 759658357
900800560 0 1 2
305698280 120137212
108429357 1 1 1
591217287
767047372 1 1 3
759658357 81569403 971031674
496564041 0 1 3
820933531 99657424 820933531
791565282 0 1 2
971031674 971031674
358227775 1 1 2
120137212 302152248
579721224 1 0 1
81569403
381496243 1 1 3
99657424 971031674 591217287
223802857 1 1 3
820933531 99657424 81569403
455074756 0 1 2
820933531 820933531
784650216 0 1 2
820933531 302152248
170506874 1 0 1
820933531
710840361 0 1 2
99657424 302152248
436652370 1 0 1
302152248
578580889 1 1 3
81569403 820933531 971031674
210827414 0 1 1
302152248
78899054 0 1 2
302152248 81569403
78899054 0 0 2
302152248 81569403
232572706 1 1 2
305698280 759658357
913631324 0 1 2
81569403 302152248
842860818 1 1 1
99657424
900800560 0 0 2
305698280 120137212
677493655 1 1 1
302152248
565634424 0 1 2
305698280 81569403
784650216 0 0 2
820933531 302152248
677969334 0 0 2
302152248 99657424
646430786 1 1 3
591217287 120137212 99657424
8206668 0 1 2
6212294 81569403
791565282 0 0 2
971031674 971031674
733958701 0 1 1
99657424
391258158 1 1 1
820933531
717539393 1 1 3
591217287 820933531 820933531
895015688 0 1 2
820933531 6212294
777135699 1 1 2
120137212 99657424
312125953 0 1 3
971031674 591217287 971031674
738664052 1 0 2
302152248 820933531
25891334 0 1 2
99657424 81569403
927607860 1 1 2
99657424 591217287
579379029 1 1 2
820933531 81569403
553728940 0 1 1
99657424
828408419 0 1 3
759658357 305698280 591217287
540324737 1 1 1
302152248
173292663 0 1 1
99657424
177488811 1 1 1
81569403
59561916 0 0 3
99657424 120137212 81569403
518221772 1 0 2
591217287 820933531
180221131 0 0 3
6212294 971031674 99657424
184406370 0 1 2
120137212 120137212
531520437 1 1 2
971031674 305698280
558985053 0 1 3
120137212 759658357 120137212
408209227 1 1 1
302152248
986595192 0 1 1
971031674
196151620 1 1 3
305698280 591217287 81569403
119049587 0 1 2
6212294 99657424
417692432 1 1 1
305698280
406979033 0 1 2
302152248 120137212
50464992 0 1 3
81569403 971031674 120137212
650265138 0 1 2
6212294 759658357
173126708 1 1 1
99657424
893325809 1 1 1
971031674
327758792 0 1 3
591217287 971031674 820933531
738761132 0 1 2
99657424 99657424
911445413 0 0 3
120137212 99657424 99657424
96682838 1 0 1
591217287
539756594 1 1 2
591217287 99657424
335965460 0 1 3
971031674 759658357 820933531
391258158 1 0 1
820933531
325236184 1 1 3
120137212 120137212 81569403
931014752 1 1 3
820933531 302152248 759658357
738761132 0 0 2
99657424 99657424
906021204 0 1 1
305698280
72768223 0 1 1
302152248
560666802 1 1 3
759658357 81569403 99657424
297955809 1 0 1
305698280
218147156 1 1 3
302152248 591217287 302152248
98659556 0 1 3
820933531 591217287 591217287
340791013 0 1 1
305698280
196151620 1 0 3
305698280 591217287 81569403
650042536 0 1 2
99657424 81569403
504904847 0 1 3
759658357 6212294 971031674
21715783 0 1 2
302152248 120137212
161056988 0 0 2
971031674 81569403
42883624 1 1 1
302152248
678197509 1 1 1
6212294
199204593 0 1 2
305698280 759658357
227289994 0 1 1
971031674
62234297 0 1 1
99657424
610705997 0 1 1
971031674
635499220 1 1 3
759658357 120137212 591217287
48829489 1 1 3
759658357 591217287 971031674
806857616 1 1 2
591217287 305698280
754548806 1 1 1
6212294
319038272 0 1 2
971031674 591217287
749101650 1 0 3
971031674 759658357 81569403
213836648 0 1 1
120137212
805013797 0 1 3
591217287 759658357 302152248
969303409 1 1 1
6212294
386963356 1 1 3
302152248 820933531 81569403
550855957 0 1 2
759658357 820933531
149578553 0 1 2
759658357 820933531
978240839 0 1 1
305698280
90612551 1 1 3
305698280 759658357 81569403
485544012 1 1 2
971031674 302152248
303477022 0 1 3
120137212 591217287 120137212
678197509 1 0 1
6212294
874143654 1 1 1
820933531
244081567 0 1 2
302152248 591217287
376245244 0 1 2
6212294 6212294
287326807 0 1 1
6212294
462228723 0 1 2
99657424 305698280
327421151 0 1 2
6212294 759658357
628117820 1 1 1
759658357
112271258 0 1 1
81569403
832325998 0 1 2
759658357 99657424
649833602 1 1 2
99657424 302152248
7671234 0 1 1
81569403
363039858 0 1 1
120137212
119049587 0 0 2
6212294 99657424
701554547 1 1 3
99657424 591217287 302152248
234961227 0 1 1
6212294
177488811 1 0 1
81569403
425274155 1 1 2
120137212 99657424
312260543 1 1 2
6212294 81569403
870460446 1 1 3
6212294 591217287 302152248
326619995 1 1 3
591217287 591217287 305698280
119118159 0 1 1
6212294
477525603 0 1 2
971031674 99657424
645658266 1 1 3
302152248 99657424 81569403
185471158 0 1 1
81569403
135055751 0 1 3
120137212 591217287 81569403
614961675 0 1 3
591217287 99657424 302152248
424950865 0 1 1
305698280
685911707 0 1 2
302152248 759658357
764540227 0 1 1
759658357
403191703 1 1 1
759658357
629040609 0 1 2
81569403 99657424
102600590 1 1 1
302152248
559185076 0 1 3
971031674 971031674 305698280
355700614 0 1 3
971031674 820933531 305698280
98659556 0 0 3
820933531 591217287 591217287
346682156 0 1 1
6212294
485544012 1 0 2
971031674 302152248
935430319 1 1 3
305698280 971031674 305698280
643027421 0 1 2
302152248 820933531
210827414 0 0 1
302152248
661427230 0 1 1
302152248
115367822 0 1 1
759658357
123661592 0 1 3
820933531 6212294 302152248
626214840 0 1 3
6212294 820933531 591217287
800210171 0 1 1
6212294
626011545 0 1 1
820933531
633886073 0 1 2
971031674 81569403
163250028 1 1 1
81569403
520992573 0 0 2
591217287 99657424
327566091 0 1 3
120137212 120137212 99657424
868847299 0 1 2
820933531 759658357
588524182 0 1 2
120137212 120137212
492342986 0 1 1
81569403
739307744 1 1 2
305698280 302152248
915144176 1 1 2
305698280 99657424
463977496 1 1 3
120137212 591217287 820933531
69349698 1 1 1
305698280
413318794 0 1 3
971031674 759658357 6212294
649448653 1 1 3
81569403 591217287 820933531
204405448 1 1 1
81569403
28280468 0 1 1
971031674
74399518 1 1 2
99657424 81569403
890317154 0 1 2
305698280 99657424
645337046 1 1 2
120137212 99657424
870460446 1 0 3
6212294 591217287 302152248
330107572 1 1 1
81569403
519357763 1 1 3
302152248 820933531 759658357
600453987 1 1 2
120137212 820933531
889292648 0 1 3
81569403 99657424 6212294
875058376 0 1 2
120137212 305698280
947136142 0 1 1
6212294
677239318 1 1 1
99657424
370602148 0 1 2
302152248 302152248
461079724 0 1 2
971031674 305698280
645123491 0 1 2
120137212 759658357
346780091 0 1 2
99657424 759658357
87294563 1 1 3
305698280 591217287 302152248
445333661 1 1 3
302152248 81569403 6212294
972791636 0 1 1
759658357
721180635 0 1 2
302152248 302152248
461100041 0 1 3
591217287 759658357 820933531
152874078 1 1 3
971031674 591217287 6212294
442544285 0 1 3
971031674 591217287 759658357
635499220 1 0 3
759658357 120137212 591217287
49624222 0 1 3
820933531 120137212 305698280
645217063 0 1 1
971031674
34368380 1 1 2
302152248 305698280
817284750 1 1 1
99657424
109194558 0 1 1
759658357
103718077 0 1 3
302152248 820933531 120137212
83119895 1 1 1
6212294
327421151 0 0 2
6212294 759658357
611159563 1 1 2
305698280 305698280
308123524 0 1 2
120137212 820933531
111400362 1 1 3
302152248 591217287 99657424
538075432 1 1 2
820933531 820933531
198440677 0 1 1
99657424
609253759 0 1 3
6212294 305698280 820933531
868183003 0 1 3
820933531 6212294 591217287
570314791 1 1 3
971031674 820933531 591217287
62224097 0 1 2
302152248 820933531
609992002 1 1 2
305698280 820933531
297889519 0 1 2
6212294 759658357
906021204 0 0 1
305698280
9360238 0 1 3
120137212 302152248 99657424
139747672 0 1 3
591217287 302152248 6212294
668491666 0 1 2
820933531 820933531
322956313 0 1 3
971031674 305698280 305698280
784871162 0 1 2
591217287 99657424
892311021 1 0 3
759658357 302152248 6212294
15271757 1 1 3
81569403 971031674 99657424
410250875 1 1 2
302152248 591217287
82721175 0 1 1
820933531
840579744 1 1 2
81569403 6212294
983947861 1 1 3
120137212 591217287 6212294
543821215 1 1 1
81569403
993453821 1 1 1
6212294
426492145 1 1 2
99657424 302152248
445961788 0 1 1
81569403
638670884 0 1 1
81569403
460860524 0 1 2
305698280 120137212
115762889 1 1 1
99657424
74399518 1 0 2
99657424 81569403
600381793 0 1 2
591217287 120137212
650042536 0 0 2
99657424 81569403
564578600 0 1 1
759658357
198882783 0 1 3
81569403 302152248 759658357
211541355 0 1 1
81569403
872702123 0 1 1
302152248
162799496 1 1 3
6212294 81569403 81569403
749616786 0 1 1
820933531
923659152 0 1 1
81569403
624569606 1 1 1
305698280
470316141 1 1 2
820933531 971031674
493973942 0 1 3
305698280 820933531 302152248
686793702 1 1 3
6212294 6212294 820933531
932824494 1 1 3
971031674 591217287 81569403
327758792 0 0 3
591217287 971031674 820933531
791863460 1 1 1
302152248
548670292 0 1 3
99657424 305698280 759658357
72572165 0 1 3
591217287 302152248 759658357
312871478 0 1 3
302152248 305698280 81569403
701554547 1 0 3
99657424 591217287 302152248
871626604 1 1 3
759658357 759658357 81569403
709959679 1 1 3
820933531 971031674 99657424
180659586 1 1 2
591217287 820933531
492342986 0 0 1
81569403
134393831 1 1 1
6212294
368058694 1 0 1
302152248
645197205 1 1 3
305698280 302152248 591217287
21239329 0 1 2
99657424 120137212
118341691 1 1 2
302152248 120137212
41534771 1 1 1
302152248
867209501 1 1 3
99657424 6212294 120137212
397350188 1 1 2
81569403 591217287
487496558 0 1 2
6212294 971031674
358396736 0 1 3
820933531 81569403 120137212
858210711 0 1 2
759658357 99657424
455775799 0 1 2
591217287 971031674
733958701 0 0 1
99657424
958778529 0 1 2
971031674 6212294
275305663 1 1 1
302152248
460860524 0 0 2
305698280 120137212
654658581 0 1 3
6212294 591217287 81569403
22836235 0 1 2
81569403 759658357
524137 0 1 1
591217287
669974429 0 1 2
302152248 820933531
772453021 1 1 3
759658357 305698280 120137212
924183288 1 1 1
305698280
294544034 0 1 2
591217287 6212294
95285513 0 1 2
759658357 120137212
270673582 0 1 3
305698280 120137212 6212294
358227775 1 0 2
120137212 302152248
493973942 0 0 3
305698280 820933531 302152248
981337736 0 1 1
305698280
28110006 0 1 2
820933531 6212294
915053393 1 1 3
971031674 820933531 820933531
382524379 1 1 1
305698280
953198523 0 1 2
99657424 81569403
80441222 0 1 3
759658357 591217287 302152248
254150982 1 1 1
759658357
515674553 1 1 2
302152248 305698280
261100807 1 1 2
120137212 305698280
417692432 1 0 1
305698280
388544812 0 1 2
81569403 591217287
442544285 0 0 3
971031674 591217287 759658357
13388109 1 1 2
591217287 820933531
83119895 1 0 1
6212294
134856487 1 1 1
971031674
359402855 0 1 1
820933531
54922879 1 1 2
759658357 820933531
993453821 1 0 1
6212294
2065988 1 1 1
6212294
756753042 0 1 1
6212294
542419436 0 1 2
99657424 591217287
212979075 0 1 1
120137212
467480104 1 1 3
305698280 302152248 6212294
998195234 0 1 3
99657424 99657424 759658357
171757603 0 1 3
971031674 305698280 6212294
742785766 1 1 1
759658357
227289994 0 0 1
971031674
505370167 0 1 3
305698280 302152248 305698280
194593838 0 1 2
305698280 591217287
595826255 1 1 2
6212294 820933531
27860947 0 1 1
591217287
445333661 1 0 3
302152248 81569403 6212294
819563210 0 1 2
759658357 99657424
372525894 1 1 3
99657424 302152248 6212294
560666802 1 0 3
759658357 81569403 99657424
953198523 0 0 2
99657424 81569403
322404980 1 1 1
820933531
914848722 0 1 2
759658357 971031674
643199475 0 1 1
305698280
156259067 1 1 1
759658357
795475079 1 1 3
305698280 81569403 305698280
410769220 1 1 3
6212294 591217287 305698280
538783445 0 1 1
591217287
601189953 1 1 3
759658357 81569403 759658357
491210441 1 1 3
6212294 120137212 305698280
645450779 1 1 2
971031674 81569403
969380857 0 1 1
302152248
752311248 1 1 2
820933531 971031674
33995590 0 1 1
971031674
982768965 0 1 2
81569403 971031674
9360238 0 0 3
120137212 302152248 99657424
739684086 0 1 3
302152248 591217287 591217287
245914796 0 1 3
971031674 99657424 81569403
37691843 1 1 1
99657424
594266425 1 1 2
120137212 971031674
969303409 1 0 1
6212294
2667837 0 1 3
759658357 759658357 302152248
432627631 1 1 3
120137212 971031674 591217287
807245500 1 1 1
6212294
470147941 1 1 1
99657424
283339216 0 1 3
759658357 305698280 591217287
979003102 1 1 3
820933531 305698280 6212294
65450058 1 1 1
6212294
788709382 0 1 3
120137212 99657424 759658357
26113291 0 1 1
99657424
661276312 0 1 1
120137212
816570328 0 1 2
302152248 759658357
845676500 1 1 2
99657424 971031674
33802206 1 1 1
820933531
991491660 1 1 2
81569403 81569403
832325998 0 0 2
759658357 99657424
613041573 1 1 3
759658357 120137212 99657424
529518032 0 1 1
81569403
267078 0 1 2
971031674 591217287
261033004 0 1 3
591217287 971031674 759658357
940287251 0 1 3
820933531 591217287 302152248
539050523 1 1 2
81569403 6212294
714739308 0 1 3
302152248 759658357 120137212
261100807 1 0 2
120137212 305698280
28504838 1 0 3
99657424 971031674 820933531
245914796 0 0 3
971031674 99657424 81569403
284014044 0 1 3
81569403 305698280 305698280
37017653 1 1 1
305698280
684120165 1 1 1
759658357
36325291 0 1 1
759658357
71013242 1 1 3
81569403 99657424 305698280
519405481 1 1 1
302152248
628525728 1 1 2
81569403 81569403
169444390 1 1 3
591217287 971031674 302152248
413318794 0 0 3
971031674 759658357 6212294
557097324 0 1 2
820933531 99657424
222792153 1 1 3
99657424 759658357 120137212
172112226 0 1 2
120137212 302152248
989724954 0 1 1
591217287
519357763 1 0 3
302152248 820933531 759658357
30037652 1 1 3
305698280 302152248 591217287
494776518 0 1 2
99657424 971031674
125580521 1 1 2
81569403 120137212
861557105 0 1 1
971031674
645197205 1 0 3
305698280 302152248 591217287
924183288 1 0 1
305698280
947136142 0 0 1
6212294
198882783 0 0 3
81569403 302152248 759658357
560226576 0 1 2
120137212 6212294
845676500 1 0 2
99657424 971031674
914289903 1 1 1
302152248
740186748 1 1 3
820933531 302152248 81569403
74019239 1 1 1
759658357
583376582 0 1 1
759658357
438379599 1 1 3
99657424 591217287 120137212
960337796 0 1 2
591217287 305698280
427384593 0 1 1
591217287
254150982 1 0 1
759658357
51421172 0 1 2
302152248 81569403
342372180 0 1 2
820933531 305698280
626214840 0 0 3
6212294 820933531 591217287
478196662 1 0 3
99657424 302152248 820933531
427651671 1 1 1
6212294
650265138 0 0 2
6212294 759658357
164970527 1 1 3
820933531 820933531 820933531
135175782 0 1 3
971031674 591217287 81569403
966702193 0 1 2
302152248 591217287
879709834 1 1 2
6212294 99657424
419189825 1 1 3
591217287 6212294 591217287
3719845 1 1 3
971031674 591217287 971031674
416346350 0 1 1
99657424
308031467 0 1 1
971031674
376245244 0 0 2
6212294 6212294
927249438 0 1 2
820933531 6212294
935751831 0 1 2
820933531 820933531
890317154 0 0 2
305698280 99657424
936557195 1 1 1
591217287
96693827 1 1 1
591217287
345365506 1 1 2
820933531 81569403
11865699 1 1 3
120137212 6212294 99657424
686793702 1 0 3
6212294 6212294 820933531
121322405 0 1 2
305698280 759658357
187606811 0 1 3
81569403 591217287 591217287
41903350 0 1 3
759658357 971031674 120137212
616098922 1 1 2
305698280 99657424
543821215 1 0 1
81569403
313187331 0 1 1
302152248
755976806 0 1 1
120137212
28841849 0 1 2
99657424 302152248
79993585 0 1 1
820933531
348679905 0 1 3
305698280 591217287 820933531
102861088 0 1 3
820933531 759658357 6212294
515886519 0 1 1
302152248
358396736 0 0 3
820933531 81569403 120137212
403191703 1 0 1
759658357
787059504 1 1 2
120137212 302152248
915715235 0 1 3
759658357 81569403 759658357
654658581 0 0 3
6212294 591217287 81569403
943271111 1 1 3
305698280 305698280 971031674
470316141 1 0 2
820933531 971031674
690997027 1 1 3
591217287 120137212 99657424
258087414 1 1 2
971031674 6212294
370922781 0 1 2
99657424 759658357
742070208 0 0 3
302152248 971031674 6212294
855967553 0 1 2
305698280 81569403
173292663 0 0 1
99657424
393263196 1 1 2
302152248 305698280
190141325 1 1 1
120137212
588193738 0 1 3
971031674 305698280 6212294
812453020 0 1 2
302152248 81569403
46377521 1 1 3
820933531 120137212 99657424
857056440 1 1 3
759658357 305698280 6212294
120484487 0 1 1
6212294
826143311 1 1 1
971031674
645324622 0 1 3
99657424 971031674 759658357
817284750 1 0 1
99657424
169444390 1 0 3
591217287 971031674 302152248
909558033 0 1 3
591217287 759658357 820933531
775353489 1 1 3
591217287 99657424 6212294
990690127 1 1 3
971031674 759658357 6212294
921423731 1 1 1
120137212
896675893 1 1 1
302152248
30813289 0 1 3
302152248 302152248 120137212
815843432 0 1 2
971031674 759658357
365291167 0 1 3
305698280 820933531 591217287
120484487 0 0 1
6212294
196516971 1 1 3
81569403 305698280 305698280
424336589 1 1 3
120137212 971031674 120137212
246649367 0 1 1
302152248
276510556 1 1 2
81569403 971031674
773016494 0 1 1
302152248
202026806 0 1 3
305698280 120137212 971031674
792397074 0 1 1
759658357
560075997 0 1 3
81569403 820933531 971031674
914289903 1 0 1
302152248
117742041 1 1 3
971031674 81569403 305698280
588184536 1 1 1
759658357
103589375 0 1 2
971031674 759658357
228345806 1 1 2
305698280 302152248
959107317 0 1 3
120137212 591217287 820933531
959556927 0 1 2
820933531 971031674
621609001 1 1 2
6212294 820933531
1764993 1 1 2
305698280 759658357
400267016 1 1 1
99657424
286578373 1 1 1
302152248
48142514 0 1 1
305698280
109839807 1 1 2
971031674 302152248
583376582 0 0 1
759658357
2667837 0 0 3
759658357 759658357 302152248
259579211 0 1 2
99657424 6212294
726802176 0 1 2
971031674 820933531
33995590 0 0 1
971031674
755164428 1 1 3
120137212 99657424 6212294
172112226 0 0 2
120137212 302152248
426492145 1 0 2
99657424 302152248
21653595 1 1 2
820933531 99657424
502155664 1 1 1
99657424
598370906 1 1 2
99657424 591217287
943077325 1 1 1
6212294
135055751 0 0 3
120137212 591217287 81569403
251347909 1 1 1
99657424
629184194 0 1 1
6212294
758920756 0 1 1
302152248
469155427 0 1 1
81569403
825701165 1 1 1
99657424
35773696 1 1 2
120137212 302152248
715804793 1 1 2
820933531 99657424
954728072 0 1 1
971031674
808790189 0 1 3
820933531 759658357 591217287
917831599 0 1 3
99657424 971031674 81569403
599641497 0 1 2
120137212 120137212
221382537 1 1 1
971031674
35573639 1 1 1
759658357
187826032 1 1 3
120137212 820933531 120137212
324971911 0 1 3
120137212 305698280 820933531
116435796 1 1 2
591217287 81569403
999449700 1 1 3
759658357 820933531 759658357
137045189 1 1 2
591217287 81569403
738044797 0 1 3
120137212 6212294 99657424
1214693 1 1 3
820933531 99657424 591217287
537312205 0 1 1
6212294
877139521 1 1 3
820933531 971031674 99657424
901873558 0 1 3
6212294 302152248 820933531
647152011 0 1 2
971031674 81569403
136718731 0 1 2
302152248 305698280
915715235 0 0 3
759658357 81569403 759658357
481192085 0 1 2
302152248 6212294
254832791 1 1 1
120137212
10888677 1 1 1
305698280
983347748 0 1 3
759658357 81569403 81569403
853203696 0 1 1
820933531
953966001 0 1 1
120137212
558985053 0 0 3
120137212 759658357 120137212
87212008 0 1 1
81569403
334904242 0 1 2
591217287 971031674
565403108 0 1 1
759658357
875058376 0 0 2
120137212 305698280
556367434 0 1 1
591217287
13121758 0 1 2
6212294 591217287
601176803 1 1 3
120137212 971031674 302152248
124688579 1 1 3
591217287 759658357 305698280
967849829 0 1 3
302152248 302152248 305698280
409966992 1 1 2
820933531 81569403
628117820 1 0 1
759658357
42520177 1 1 1
6212294
567491325 1 1 1
820933531
631349528 1 1 1
81569403
930610167 1 1 2
120137212 759658357
607833708 1 1 2
99657424 6212294
956321439 0 1 2
305698280 81569403
47045962 1 1 2
820933531 6212294
990690127 1 0 3
971031674 759658357 6212294
607283408 0 1 1
120137212
960337796 0 0 2
591217287 305698280
93366627 1 1 3
302152248 81569403 99657424
637607110 0 1 1
81569403
461014452 0 1 2
120137212 81569403
483195183 1 1 1
302152248
514746630 0 1 2
971031674 971031674
215404361 0 1 3
302152248 302152248 820933531
425274155 1 0 2
120137212 99657424
982863546 1 1 1
591217287
503981712 1 1 2
6212294 120137212
696596445 1 1 3
305698280 6212294 591217287
237696336 1 1 2
120137212 971031674
514870388 0 1 2
6212294 6212294
800210171 0 0 1
6212294
532460544 1 1 2
81569403 302152248
283339216 0 0 3
759658357 305698280 591217287
90900031 0 1 2
820933531 971031674
321352740 1 1 3
820933531 591217287 591217287
472188904 1 1 2
591217287 305698280
278320624 1 1 3
81569403 302152248 81569403
886755847 0 1 2
6212294 971031674
28556337 0 1 1
99657424
927249438 0 0 2
820933531 6212294
754548806 1 0 1
6212294
467480104 1 0 3
305698280 302152248 6212294
291442381 1 1 1
81569403
487932650 1 1 1
302152248
5761267 1 1 1
6212294
915144176 1 0 2
305698280 99657424
259292209 0 1 3
302152248 6212294 759658357
750415993 0 1 1
820933531
48281443 1 1 1
759658357
598370906 1 0 2
99657424 591217287
679299885 0 1 2
591217287 591217287
626011545 0 0 1
820933531
234281872 0 1 2
820933531 81569403
978891609 0 1 2
302152248 81569403
287133593 1 1 3
305698280 99657424 971031674
43119662 0 1 3
971031674 6212294 820933531
878453923 0 1 1
820933531
531520437 1 0 2
971031674 305698280
199204593 0 0 2
305698280 759658357
746933352 0 1 3
302152248 120137212 6212294
136486289 0 1 3
6212294 99657424 820933531
516061032 0 1 1
971031674
629040609 0 0 2
81569403 99657424
60464155 1 1 1
302152248
28280468 0 0 1
971031674
472197823 1 1 2
305698280 302152248
883324014 0 1 2
302152248 820933531
275868515 1 1 2
971031674 6212294
307577720 1 1 2
591217287 305698280
607283408 0 0 1
120137212
239822077 1 1 1
302152248
824981311 1 1 2
971031674 120137212
545274055 1 1 2
759658357 759658357
754692465 0 1 3
591217287 591217287 81569403
209958206 0 1 2
120137212 99657424
488690438 0 1 2
759658357 81569403
76045204 0 1 1
305698280
682147109 0 1 3
120137212 759658357 820933531
767011061 1 1 2
820933531 305698280
815317403 0 1 1
591217287
563219798 0 1 1
120137212
496564041 0 0 3
820933531 99657424 820933531
58453442 0 1 3
99657424 120137212 6212294
155766404 0 1 1
6212294
568981064 1 1 3
6212294 820933531 6212294
170262002 1 1 2
302152248 81569403
42883624 1 0 1
302152248
906182396 1 1 2
99657424 759658357
617262507 0 1 3
6212294 591217287 971031674
849561887 0 1 1
820933531
966702193 0 0 2
302152248 591217287
140464267 0 1 2
591217287 99657424
448670467 1 1 3
305698280 759658357 759658357
989211831 1 1 1
120137212
872702123 0 0 1
302152248
183583929 0 1 3
6212294 820933531 759658357
179640741 1 1 1
302152248
330107572 1 0 1
81569403
736145182 0 1 3
6212294 305698280 120137212
172586569 1 1 2
971031674 759658357
599641497 0 0 2
120137212 120137212
695701773 0 1 3
305698280 99657424 120137212
796609336 1 1 3
591217287 971031674 820933531
497300743 0 1 3
6212294 759658357 6212294
431542138 0 1 2
99657424 302152248
924994202 0 1 3
302152248 971031674 820933531
804878463 0 1 3
591217287 305698280 591217287
671364214 1 1 3
591217287 6212294 305698280
749975512 1 1 2
302152248 6212294
202668869 0 1 3
81569403 120137212 120137212
278573030 0 1 1
81569403
959933717 0 1 3
820933531 120137212 759658357
691359306 1 1 2
759658357 81569403
207134586 1 1 2
302152248 120137212
494597178 0 1 3
591217287 99657424 759658357
609992002 1 0 2
305698280 820933531
310886719 0 1 2
120137212 591217287
22451988 1 1 2
971031674 6212294
57816975 1 1 1
971031674
221856512 1 1 2
81569403 759658357
178218391 1 1 2
591217287 81569403
626798038 1 1 3
820933531 759658357 820933531
645658266 1 0 3
302152248 99657424 81569403
244634865 0 1 2
302152248 305698280
537312205 0 0 1
6212294
84400786 0 1 2
759658357 820933531
96576896 0 1 3
81569403 305698280 99657424
42520177 1 0 1
6212294
94196751 0 1 2
120137212 820933531
77381404 0 1 3
302152248 591217287 591217287
215404361 0 0 3
302152248 302152248 820933531
397763715 1 1 3
591217287 591217287 971031674
935924933 1 1 1
305698280
113481684 0 1 1
759658357
577404455 0 1 2
305698280 820933531
524586466 0 1 1
759658357
286068252 1 1 2
820933531 591217287
118341691 1 0 2
302152248 120137212
125622579 0 1 1
820933531
173712153 1 1 2
759658357 302152248
783368995 1 1 3
6212294 759658357 81569403
777135699 1 0 2
120137212 99657424
557164716 1 1 1
120137212
234281872 0 0 2
820933531 81569403
565634424 0 0 2
305698280 81569403
98706354 1 1 1
591217287
455775799 0 0 2
591217287 971031674
171757603 0 0 3
971031674 305698280 6212294
440763809 0 1 1
81569403
228528930 1 1 3
6212294 81569403 759658357
514746630 0 0 2
971031674 971031674
701198217 0 1 3
120137212 302152248 99657424
643432677 1 1 3
6212294 99657424 305698280
507101959 0 1 3
971031674 6212294 99657424
90900031 0 0 2
820933531 971031674
538783445 0 0 1
591217287
513648286 0 1 2
81569403 591217287
187308335 1 1 1
120137212
714236544 1 1 3
120137212 591217287 81569403
8245463 1 1 2
759658357 99657424
498195053 1 1 1
81569403
589204883 1 1 2
120137212 81569403
66062437 1 1 1
6212294
572567916 1 1 3
99657424 820933531 120137212
767423273 1 1 1
820933531
545376826 0 1 3
305698280 305698280 759658357
817202780 1 1 2
820933531 971031674
704340410 0 1 2
81569403 305698280
37691843 1 0 1
99657424
494470074 0 1 2
6212294 591217287
763915883 1 1 3
820933531 99657424 81569403
634238166 0 1 2
305698280 81569403
892233788 1 1 1
120137212
699840815 1 1 1
591217287
747719849 1 1 1
81569403
469638242 0 1 1
759658357
57816975 1 0 1
971031674
76943633 0 1 3
81569403 591217287 591217287
33788101 0 1 1
591217287
595260821 0 1 1
302152248
250655785 1 1 2
6212294 81569403
669673447 1 1 3
820933531 591217287 759658357
4941888 1 1 1
759658357
349362139 0 1 2
81569403 302152248
110437255 1 1 1
305698280
121322405 0 0 2
305698280 759658357
233470817 1 1 2
6212294 6212294
308123524 0 0 2
120137212 820933531
50560355 1 1 1
305698280
606386283 0 1 3
120137212 302152248 302152248
593089128 0 1 3
81569403 120137212 305698280
416724992 1 1 3
305698280 6212294 591217287
793694617 1 1 2
99657424 120137212
159842023 0 1 3
759658357 99657424 81569403
424970454 1 1 3
120137212 302152248 820933531
144406021 1 1 2
99657424 99657424
749046906 0 1 3
820933531 820933531 759658357
343549242 0 1 2
971031674 759658357
716973936 0 1 3
971031674 6212294 305698280
368986530 1 1 2
81569403 81569403
741442420 1 1 1
302152248
534176716 1 1 2
305698280 759658357
73326940 0 1 2
591217287 971031674
235912493 1 1 1
302152248
150608950 0 1 3
971031674 305698280 120137212
560081457 0 1 3
820933531 120137212 120137212
128146280 0 1 2
6212294 99657424
564578600 0 0 1
759658357
850449764 0 1 3
759658357 81569403 302152248
914848722 0 0 2
759658357 971031674
307801305 1 1 1
99657424
450300873 0 1 1
759658357
927393396 0 1 2
302152248 81569403
194105757 1 1 1
971031674
898078045 1 1 2
759658357 120137212
30565533 1 1 3
6212294 120137212 305698280
716295555 0 1 1
820933531
903019933 0 1 1
81569403
379927671 0 1 1
302152248
679249161 1 1 1
120137212
699792764 0 0 2
302152248 591217287
22451988 1 0 2
971031674 6212294
136490749 0 1 2
820933531 305698280
283004377 0 1 3
6212294 302152248 591217287
285635444 1 1 3
81569403 99657424 305698280
582096228 0 1 2
591217287 591217287
699729369 1 1 1
6212294
79330060 0 1 1
6212294
741938251 1 1 2
591217287 591217287
977216174 0 1 2
81569403 120137212
76252433 0 1 3
81569403 759658357 759658357
490985156 0 1 1
6212294
956321439 0 0 2
305698280 81569403
173281768 1 1 3
81569403 591217287 81569403
793226368 1 1 2
305698280 971031674
859971685 1 1 2
99657424 591217287
600381793 0 0 2
591217287 120137212
494470074 0 0 2
6212294 591217287
749616786 0 0 1
820933531
36325291 0 0 1
759658357
76943633 0 0 3
81569403 591217287 591217287
914724187 1 1 1
302152248
816570328 0 0 2
302152248 759658357
179919435 1 1 3
305698280 6212294 6212294
172586569 1 0 2
971031674 759658357
785814976 1 1 2
591217287 6212294
3153031 1 1 3
305698280 759658357 99657424
645324622 0 0 3
99657424 971031674 759658357
868847299 0 0 2
820933531 759658357
702803911 0 0 3
591217287 120137212 591217287
330528384 1 1 2
99657424 759658357
198412784 1 1 1
81569403
131299310 1 1 1
120137212
750415993 0 0 1
820933531
33494500 1 1 3
120137212 302152248 591217287
506214089 1 1 1
591217287
434116534 1 1 1
302152248
432627631 1 0 3
120137212 971031674 591217287
960887895 1 1 1
120137212
552836197 1 1 3
759658357 820933531 591217287
184710931 1 1 1
6212294
185471158 0 0 1
81569403
382524379 1 0 1
305698280
204405448 1 0 1
81569403
878453923 0 0 1
820933531
346780091 0 0 2
99657424 759658357
505370167 0 0 3
305698280 302152248 305698280
991453427 1 1 1
81569403
269131752 1 1 1
759658357
793226368 1 0 2
305698280 971031674
155766404 0 0 1
6212294
91726118 1 0 3
6212294 591217287 591217287
87730863 1 1 1
6212294
223897449 1 1 3
81569403 120137212 591217287
184406370 0 0 2
120137212 120137212
312125953 0 0 3
971031674 591217287 971031674
726802176 0 0 2
971031674 820933531
310886719 0 0 2
120137212 591217287
294544034 0 0 2
591217287 6212294
488690438 0 0 2
759658357 81569403
221382537 1 0 1
971031674
948380912 1 1 1
759658357
895015688 0 0 2
820933531 6212294
76737963 1 1 2
591217287 302152248
461079724 0 0 2
971031674 305698280
784871162 0 0 2
591217287 99657424
545376826 0 0 3
305698280 305698280 759658357
359418178 1 1 3
971031674 305698280 6212294
86532707 1 1 2
305698280 820933531
658834191 1 1 3
305698280 302152248 820933531
96576896 0 0 3
81569403 305698280 99657424
557097324 0 0 2
820933531 99657424
59147546 1 1 2
120137212 6212294
18379119 1 1 3
99657424 99657424 305698280
253288793 1 1 1
759658357
953966001 0 0 1
120137212
888880071 1 1 2
820933531 6212294
94631551 1 1 1
120137212
744273948 1 1 1
99657424
62161838 1 1 3
302152248 6212294 971031674
560075997 0 0 3
81569403 820933531 971031674
887857918 1 1 3
302152248 971031674 971031674
342372180 0 0 2
820933531 305698280
477525603 0 0 2
971031674 99657424
456761984 1 1 3
820933531 81569403 81569403
123661592 0 0 3
820933531 6212294 302152248
324971911 0 0 3
120137212 305698280 820933531
976886024 1 1 1
81569403
445961788 0 0 1
81569403
67777353 1 1 1
591217287
21239329 0 0 2
99657424 120137212
524586466 0 0 1
759658357
927393396 0 0 2
302152248 81569403
95093312 1 1 2
759658357 81569403
980039054 1 1 2
6212294 120137212
250822088 1 1 1
591217287
293506095 1 1 3
302152248 591217287 759658357
963854715 1 1 1
81569403
284316587 1 1 2
120137212 305698280
547280511 0 0 1
302152248
647152011 0 0 2
971031674 81569403
853203696 0 0 1
820933531
652236535 1 1 3
81569403 971031674 302152248
130875647 0 0 3
305698280 81569403 302152248
643027421 0 0 2
302152248 820933531
370602148 0 0 2
302152248 302152248
588193738 0 0 3
971031674 305698280 6212294
801475466 0 0 2
302152248 820933531
250487601 1 1 3
81569403 120137212 120137212
297889519 0 0 2
6212294 759658357
503981712 1 0 2
6212294 120137212
704340410 0 0 2
81569403 305698280
244634865 0 0 2
302152248 305698280
37017653 1 0 1
305698280
10888677 1 0 1
305698280
992918731 0 0 3
591217287 971031674 971031674
150608950 0 0 3
971031674 305698280 120137212
35573639 1 0 1
759658357
246649367 0 0 1
302152248
18379119 1 0 3
99657424 99657424 305698280
701198217 0 0 3
120137212 302152248 99657424
773016494 0 0 1
302152248
978891609 0 0 2
302152248 81569403
424336589 1 0 3
120137212 971031674 120137212
739307744 1 0 2
305698280 302152248
963854715 1 0 1
81569403
481192085 0 0 2
302152248 6212294
13388109 1 0 2
591217287 820933531
788709382 0 0 3
120137212 99657424 759658357
982863546 1 0 1
591217287
410250875 1 0 2
302152248 591217287
346682156 0 0 1
6212294
32415851 0 0 2
820933531 820933531
638670884 0 0 1
81569403
858210711 0 0 2
759658357 99657424
931014752 1 0 3
820933531 302152248 759658357
463977496 1 0 3
120137212 591217287 820933531
194593838 0 0 2
305698280 591217287
388544812 0 0 2
81569403 591217287
286578373 1 0 1
302152248
194105757 1 0 1
971031674
47045962 1 0 2
820933531 6212294
131299310 1 0 1
120137212
714236544 1 0 3
120137212 591217287 81569403
514870388 0 0 2
6212294 6212294
874143654 1 0 1
820933531
972791636 0 0 1
759658357
448670467 1 0 3
305698280 759658357 759658357
775353489 1 0 3
591217287 99657424 6212294
365291167 0 0 3
305698280 820933531 591217287
903019933 0 0 1
81569403
924994202 0 0 3
302152248 971031674 820933531
838250132 0 0 3
820933531 99657424 305698280
136490749 0 0 2
820933531 305698280
661427230 0 0 1
302152248
22836235 0 0 2
81569403 759658357
498195053 1 0 1
81569403
221856512 1 0 2
81569403 759658357
490985156 0 0 1
6212294
128146280 0 0 2
6212294 99657424
259292209 0 0 3
302152248 6212294 759658357
82721175 0 0 1
820933531
125622579 0 0 1
820933531
682147109 0 0 3
120137212 759658357 820933531
98706354 1 0 1
591217287
624569606 1 0 1
305698280
335965460 0 0 3
971031674 759658357 820933531
601189953 1 0 3
759658357 81569403 759658357
959107317 0 0 3
120137212 591217287 820933531
826143311 1 0 1
971031674
49132851 0 0 1
591217287
15271757 1 0 3
81569403 971031674 99657424
202668869 0 0 3
81569403 120137212 120137212
804878463 0 0 3
591217287 305698280 591217287
41903350 0 0 3
759658357 971031674 120137212
116435796 1 0 2
591217287 81569403
613041573 1 0 3
759658357 120137212 99657424
651310183 0 0 2
591217287 591217287
275305663 1 0 1
302152248
102861088 0 0 3
820933531 759658357 6212294
406979033 0 0 2
302152248 120137212
30037652 1 0 3
305698280 302152248 591217287
976886024 1 0 1
81569403
714739308 0 0 3
302152248 759658357 120137212
66062437 1 0 1
6212294
95285513 0 0 2
759658357 120137212
325236184 1 0 3
120137212 120137212 81569403
565403108 0 0 1
759658357
606386283 0 0 3
120137212 302152248 302152248
887857918 1 0 3
302152248 971031674 971031674
593089128 0 0 3
81569403 120137212 305698280
892233788 1 0 1
120137212
307577720 1 0 2
591217287 305698280
634238166 0 0 2
305698280 81569403
981337736 0 0 1
305698280
746933352 0 0 3
302152248 120137212 6212294
340791013 0 0 1
305698280
35773696 1 0 2
120137212 302152248
136486289 0 0 3
6212294 99657424 820933531
330528384 1 0 2
99657424 759658357
978240839 0 0 1
305698280
54799929 0 0 2
302152248 971031674
343549242 0 0 2
971031674 759658357
679249161 1 0 1
120137212
772453021 1 0 3
759658357 305698280 120137212
62234297 0 0 1
99657424
11865699 1 0 3
120137212 6212294 99657424
502155664 1 0 1
99657424
943271111 1 0 3
305698280 305698280 971031674
368986530 1 0 2
81569403 81569403
893325809 1 0 1
971031674
261033004 0 0 3
591217287 971031674 759658357
253288793 1 0 1
759658357
313187331 0 0 1
302152248
179640741 1 0 1
302152248
741938251 1 0 2
591217287 591217287
455074756 0 0 2
820933531 820933531
408209227 1 0 1
302152248
645450779 1 0 2
971031674 81569403
173712153 1 0 2
759658357 302152248
244081567 0 0 2
302152248 591217287
695701773 0 0 3
305698280 99657424 120137212
913631324 0 0 2
81569403 302152248
534176716 1 0 2
305698280 759658357
76252433 0 0 3
81569403 759658357 759658357
385877542 0 0 3
6212294 971031674 591217287
322404980 1 0 1
820933531
515886519 0 0 1
302152248
958778529 0 0 2
971031674 6212294
497300743 0 0 3
6212294 759658357 6212294
30813289 0 0 3
302152248 302152248 120137212
849561887 0 0 1
820933531
716295555 0 0 1
820933531
812453020 0 0 2
302152248 81569403
539050523 1 0 2
81569403 6212294
1214693 1 0 3
820933531 99657424 591217287
178218391 1 0 2
591217287 81569403
828408419 0 0 3
759658357 305698280 591217287
190141325 1 0 1
120137212
134856487 1 0 1
971031674
284316587 1 0 2
120137212 305698280
935430319 1 0 3
305698280 971031674 305698280
556367434 0 0 1
591217287
250487601 1 0 3
81569403 120137212 120137212
867209501 1 0 3
99657424 6212294 120137212
228528930 1 0 3
6212294 81569403 759658357
909558033 0 0 3
591217287 759658357 820933531
696596445 1 0 3
305698280 6212294 591217287
588184536 1 0 1
759658357
8206668 0 0 2
6212294 81569403
424970454 1 0 3
120137212 302152248 820933531
568981064 1 0 3
6212294 820933531 6212294
861557105 0 0 1
971031674
348679905 0 0 3
305698280 591217287 820933531
819563210 0 0 2
759658357 99657424
403153974 0 0 3
759658357 120137212 971031674
267078 0 0 2
971031674 591217287
824981311 1 0 2
971031674 120137212
196516971 1 0 3
81569403 305698280 305698280
62161838 1 0 3
302152248 6212294 971031674
886755847 0 0 2
6212294 971031674
709332726 1 0 3
6212294 820933531 591217287
754692465 0 0 3
591217287 591217287 81569403
806857616 1 0 2
591217287 305698280
28110006 0 0 2
820933531 6212294
33275713 1 0 3
759658357 591217287 820933531
400267016 1 0 1
99657424
48281443 1 0 1
759658357
379927671 0 0 1
302152248
529518032 0 0 1
81569403
668491666 0 0 2
820933531 820933531
69349698 1 0 1
305698280
805013797 0 0 3
591217287 759658357 302152248
96693827 1 0 1
591217287
409966992 1 0 2
820933531 81569403
868183003 0 0 3
820933531 6212294 591217287
234961227 0 0 1
6212294
653150227 1 0 3
971031674 302152248 971031674
982768965 0 0 2
81569403 971031674
287326807 0 0 1
6212294
767011061 1 0 2
820933531 305698280
524137 0 0 1
591217287
76045204 0 0 1
305698280
213836648 0 0 1
120137212
901873558 0 0 3
6212294 302152248 820933531
72572165 0 0 3
591217287 302152248 759658357
416346350 0 0 1
99657424
949085067 0 0 3
305698280 971031674 99657424
989211831 1 0 1
120137212
538075432 1 0 2
820933531 820933531
560081457 0 0 3
820933531 120137212 120137212
51421172 0 0 2
302152248 81569403
275868515 1 0 2
971031674 6212294
684120165 1 0 1
759658357
139747672 0 0 3
591217287 302152248 6212294
440763809 0 0 1
81569403
609253759 0 0 3
6212294 305698280 820933531
570314791 1 0 3
971031674 820933531 591217287
614961675 0 0 3
591217287 99657424 302152248
954728072 0 0 1
971031674
88741054 1 0 2
99657424 81569403
607833708 1 0 2
99657424 6212294
184710931 1 0 1
6212294
254832791 1 0 1
120137212
140464267 0 0 2
591217287 99657424
410769220 1 0 3
6212294 591217287 305698280
183583929 0 0 3
6212294 820933531 759658357
857056440 1 0 3
759658357 305698280 6212294
669673447 1 0 3
820933531 591217287 759658357
424950865 0 0 1
305698280
321352740 1 0 3
820933531 591217287 591217287
308031467 0 0 1
971031674
49624222 0 0 3
820933531 120137212 305698280
129143065 1 0 3
302152248 99657424 759658357
572567916 1 0 3
99657424 820933531 120137212
26659152 0 0 2
120137212 971031674
134393831 1 0 1
6212294
989724954 0 0 1
591217287
749046906 0 0 3
820933531 820933531 759658357
595826255 1 0 2
6212294 820933531
315807925 0 0 2
6212294 759658357
540324737 1 0 1
302152248
923659152 0 0 1
81569403
553728940 0 0 1
99657424
427384593 0 0 1
591217287
740186748 1 0 3
820933531 302152248 81569403
850449764 0 0 3
759658357 81569403 302152248
109194558 0 0 1
759658357
431542138 0 0 2
99657424 302152248
307801305 1 0 1
99657424
715804793 1 0 2
820933531 99657424
469155427 0 0 1
81569403
699840815 1 0 1
591217287
507101959 0 0 3
971031674 6212294 99657424
198412784 1 0 1
81569403
450300873 0 0 1
759658357
80441222 0 0 3
759658357 591217287 302152248
136718731 0 0 2
302152248 305698280
72768223 0 0 1
302152248
871626604 1 0 3
759658357 759658357 81569403
906182396 1 0 2
99657424 759658357
935924933 1 0 1
305698280
932824494 1 0 3
971031674 591217287 81569403
936557195 1 0 1
591217287
610705997 0 0 1
971031674
552836197 1 0 3
759658357 820933531 591217287
617262507 0 0 3
6212294 591217287 971031674
544445608 0 0 1
6212294
25891334 0 0 2
99657424 81569403
393263196 1 0 2
302152248 305698280
663804825 1 0 2
6212294 305698280
312871478 0 0 3
302152248 305698280 81569403
291442381 1 0 1
81569403
135175782 0 0 3
971031674 591217287 81569403
50464992 0 0 3
81569403 971031674 120137212
504904847 0 0 3
759658357 6212294 971031674
173126708 1 0 1
99657424
276510556 1 0 2
81569403 971031674
187606811 0 0 3
81569403 591217287 591217287
461014452 0 0 2
120137212 81569403
739684086 0 0 3
302152248 591217287 591217287
187826032 1 0 3
120137212 820933531 120137212
8245463 1 0 2
759658357 99657424
652236535 1 0 3
81569403 971031674 302152248
349362139 0 0 2
81569403 302152248
386963356 1 0 3
302152248 820933531 81569403
270673582 0 0 3
305698280 120137212 6212294
567491325 1 0 1
820933531
808790189 0 0 3
820933531 759658357 591217287
767423273 1 0 1
820933531
228345806 1 0 2
305698280 302152248
125580521 1 0 2
81569403 120137212
649448653 1 0 3
81569403 591217287 820933531
28841849 0 0 2
99657424 302152248
21715783 0 0 2
302152248 120137212
359418178 1 0 3
971031674 305698280 6212294
94196751 0 0 2
120137212 820933531
513648286 0 0 2
81569403 591217287
212979075 0 0 1
120137212
303477022 0 0 3
120137212 591217287 120137212
992732711 1 0 1
99657424
679299885 0 0 2
591217287 591217287
699729369 1 0 1
6212294
671364214 1 0 3
591217287 6212294 305698280
74019239 1 0 1
759658357
144406021 1 0 2
99657424 99657424
935751831 0 0 2
820933531 820933531
472197823 1 0 2
305698280 302152248
209958206 0 0 2
120137212 99657424
921423731 1 0 1
120137212
616098922 1 0 2
305698280 99657424
27860947 0 0 1
591217287
764540227 0 0 1
759658357
397350188 1 0 2
81569403 591217287
969380857 0 0 1
302152248
742785766 1 0 1
759658357
207134586 1 0 2
302152248 120137212
237696336 1 0 2
120137212 971031674
334904242 0 0 2
591217287 971031674
967849829 0 0 3
302152248 302152248 305698280
643432677 1 0 3
6212294 99657424 305698280
71013242 1 0 3
81569403 99657424 305698280
285635444 1 0 3
81569403 99657424 305698280
741442420 1 0 1
302152248
793694617 1 0 2
99657424 120137212
516061032 0 0 1
971031674
235912493 1 0 1
302152248
202026806 0 0 3
305698280 120137212 971031674
539756594 1 0 2
591217287 99657424
815843432 0 0 2
971031674 759658357
611159563 1 0 2
305698280 305698280
787059504 1 0 2
120137212 302152248
26113291 0 0 1
99657424
783368995 1 0 3
6212294 759658357 81569403
284014044 0 0 3
81569403 305698280 305698280
110437255 1 0 1
305698280
223802857 1 0 3
820933531 99657424 81569403
103718077 0 0 3
302152248 820933531 120137212
223897449 1 0 3
81569403 120137212 591217287
738044797 0 0 3
120137212 6212294 99657424
73326940 0 0 2
591217287 971031674
244330630 1 0 1
302152248
883324014 0 0 2
302152248 820933531
287133593 1 0 3
305698280 99657424 971031674
855967553 0 0 2
305698280 81569403
95093312 1 0 2
759658357 81569403
559185076 0 0 3
971031674 971031674 305698280
795475079 1 0 3
305698280 81569403 305698280
50560355 1 0 1
305698280
84400786 0 0 2
759658357 820933531
600453987 1 0 2
120137212 820933531
506214089 1 0 1
591217287
960887895 1 0 1
120137212
629184194 0 0 1
6212294
991453427 1 0 1
81569403
577404455 0 0 2
305698280 820933531
758920756 0 0 1
302152248
79330060 0 0 1
6212294
33788101 0 0 1
591217287
7671234 0 0 1
81569403
641050169 1 0 1
591217287
462228723 0 0 2
99657424 305698280
917831599 0 0 3
99657424 971031674 81569403
77381404 0 0 3
302152248 591217287 591217287
62224097 0 0 2
302152248 820933531
28556337 0 0 1
99657424
152874078 1 0 3
971031674 591217287 6212294
41534771 1 0 1
302152248
87212008 0 0 1
81569403
319038272 0 0 2
971031674 591217287
159842023 0 0 3
759658357 99657424 81569403
48142514 0 0 1
305698280
34368380 1 0 2
302152248 305698280
106119840 0 0 2
120137212 591217287
914724187 1 0 1
302152248
560226576 0 0 2
120137212 6212294
842860818 1 0 1
99657424
43119662 0 0 3
971031674 6212294 820933531
187308335 1 0 1
120137212
115367822 0 0 1
759658357
943077325 1 0 1
6212294
123506133 1 0 1
81569403
162799496 1 0 3
6212294 81569403 81569403
927607860 1 0 2
99657424 591217287
589204883 1 0 2
120137212 81569403
363039858 0 0 1
120137212
983347748 0 0 3
759658357 81569403 81569403
170262002 1 0 2
302152248 81569403
721180635 0 0 2
302152248 302152248
756753042 0 0 1
6212294
677239318 1 0 1
99657424
315993412 1 0 1
759658357
986595192 0 0 1
971031674
661276312 0 0 1
120137212
645337046 1 0 2
120137212 99657424
108429357 1 0 1
591217287
461100041 0 0 3
591217287 759658357 820933531
58453442 0 0 3
99657424 120137212 6212294
293506095 1 0 3
302152248 591217287 759658357
3719845 1 0 3
971031674 591217287 971031674
487496558 0 0 2
6212294 971031674
156259067 1 0 1
759658357
211541355 0 0 1
81569403
645217063 0 0 1
971031674
755976806 0 0 1
120137212
483195183 1 0 1
302152248
278320624 1 0 3
81569403 302152248 81569403
959556927 0 0 2
820933531 971031674
940287251 0 0 3
820933531 591217287 302152248
115762889 1 0 1
99657424
983947861 1 0 3
120137212 591217287 6212294
792397074 0 0 1
759658357
444920950 1 0 3
6212294 81569403 99657424
749975512 1 0 2
302152248 6212294
136926942 0 0 1
302152248
119118159 0 0 1
6212294
487932650 1 0 1
302152248
173281768 1 0 3
81569403 591217287 81569403
550855957 0 0 2
759658357 820933531
633886073 0 0 2
971031674 81569403
685911707 0 0 2
302152248 759658357
930610167 1 0 2
120137212 759658357
21653595 1 0 2
820933531 99657424
595763482 1 0 1
120137212
180659586 1 0 2
591217287 820933531
595260821 0 0 1
302152248
283004377 0 0 3
6212294 302152248 591217287
322956313 0 0 3
971031674 305698280 305698280
716973936 0 0 3
971031674 6212294 305698280
355700614 0 0 3
971031674 820933531 305698280
548670292 0 0 3
99657424 305698280 759658357
588524182 0 0 2
120137212 120137212
67777353 1 0 1
591217287
915053393 1 0 3
971031674 820933531 820933531
637607110 0 0 1
81569403
79993585 0 0 1
820933531
434116534 1 0 1
302152248
13121758 0 0 2
6212294 591217287
959933717 0 0 3
820933531 120137212 759658357
470147941 1 0 1
99657424
791863460 1 0 1
302152248
359402855 0 0 1
820933531
327566091 0 0 3
120137212 120137212 99657424
645123491 0 0 2
120137212 759658357
999449700 1 0 3
759658357 820933531 759658357
427651671 1 0 1
6212294
103589375 0 0 2
971031674 759658357
649833602 1 0 2
99657424 302152248
709959679 1 0 3
820933531 971031674 99657424
747719849 1 0 1
81569403
710840361 0 0 2
99657424 302152248
259579211 0 0 2
99657424 6212294
198440677 0 0 1
99657424
250655785 1 0 2
6212294 81569403
889292648 0 0 3
81569403 99657424 6212294
669974429 0 0 2
302152248 820933531
736145182 0 0 3
6212294 305698280 120137212
579379029 1 0 2
820933531 81569403
278573030 0 0 1
81569403
491210441 1 0 3
6212294 120137212 305698280
998195234 0 0 3
99657424 99657424 759658357
898078045 1 0 2
759658357 120137212
582096228 0 0 2
591217287 591217287
494597178 0 0 3
591217287 99657424 759658357
242346581 1 0 3
120137212 81569403 6212294
628525728 1 0 2
81569403 81569403
494776518 0 0 2
99657424 971031674
286068252 1 0 2
820933531 591217287
621609001 1 0 2
6212294 820933531
87730863 1 0 1
6212294
977216174 0 0 2
81569403 120137212
93366627 1 0 3
302152248 81569403 99657424
601176803 1 0 3
120137212 971031674 302152248
557164716 1 0 1
120137212
646430786 1 0 3
591217287 120137212 99657424
542419436 0 0 2
99657424 591217287
643199475 0 0 1
305698280
4941888 1 0 1
759658357
979003102 1 0 3
820933531 305698280 6212294
370922781 0 0 2
99657424 759658357
48829489 1 0 3
759658357 591217287 971031674
109839807 1 0 2
971031674 302152248
149578553 0 0 2
759658357 820933531
815317403 0 0 1
591217287
991491660 1 0 2
81569403 81569403
345344001 0 0 3
81569403 6212294 305698280
222792153 1 0 3
99657424 759658357 120137212
469638242 0 0 1
759658357
980039054 1 0 2
6212294 120137212
563219798 0 0 1
120137212
532460544 1 0 2
81569403 302152248
112271258 0 0 1
81569403
578580889 1 0 3
81569403 820933531 971031674
113481684 0 0 1
759658357
817202780 1 0 2
820933531 971031674
1764993 1 0 2
305698280 759658357
690997027 1 0 3
591217287 120137212 99657424
752311248 1 0 2
820933531 971031674
117742041 1 0 3
971031674 81569403 305698280
46377521 1 0 3
820933531 120137212 99657424
519405481 1 0 1
302152248
545274055 1 0 2
759658357 759658357
5761267 1 0 1
6212294
796609336 1 0 3
591217287 971031674 820933531
677493655 1 0 1
302152248
372525894 1 0 3
99657424 302152248 6212294
59147546 1 0 2
120137212 6212294
515674553 1 0 2
302152248 305698280
594266425 1 0 2
120137212 971031674
39608204 1 0 3
302152248 820933531 99657424
163250028 1 0 1
81569403
438379599 1 0 3
99657424 591217287 120137212
233470817 1 0 2
6212294 6212294
763915883 1 0 3
820933531 99657424 81569403
137045189 1 0 2
591217287 81569403
111400362 1 0 3
302152248 591217287 99657424
86532707 1 0 2
305698280 820933531
381496243 1 0 3
99657424 971031674 591217287
94631551 1 0 1
120137212
456761984 1 0 3
820933531 81569403 81569403
124688579 1 0 3
591217287 759658357 305698280
3153031 1 0 3
305698280 759658357 99657424
251347909 1 0 1
99657424
767047372 1 0 3
759658357 81569403 971031674
626798038 1 0 3
820933531 759658357 820933531
345365506 1 0 2
820933531 81569403
33494500 1 0 3
120137212 302152248 591217287
87294563 1 0 3
305698280 591217287 302152248
416724992 1 0 3
305698280 6212294 591217287
239822077 1 0 1
302152248
267253077 1 0 2
302152248 6212294
312260543 1 0 2
6212294 81569403
717539393 1 0 3
591217287 820933531 820933531
675321254 1 0 2
302152248 759658357
691359306 1 0 2
759658357 81569403
179919435 1 0 3
305698280 6212294 6212294
472188904 1 0 2
591217287 305698280
859971685 1 0 2
99657424 591217287
76737963 1 0 2
591217287 302152248
785814976 1 0 2
591217287 6212294
397763715 1 0 3
591217287 591217287 971031674
879709834 1 0 2
6212294 99657424
573660847 1 0 1
99657424
631349528 1 0 1
81569403
232572706 1 0 2
305698280 759658357
102600590 1 0 1
302152248
250822088 1 0 1
591217287
951053616 1 0 3
6212294 305698280 759658357
258087414 1 0 2
971031674 6212294
33802206 1 0 1
820933531
755164428 1 0 3
120137212 99657424 6212294
948380912 1 0 1
759658357
90612551 1 0 3
305698280 759658357 81569403
60464155 1 0 1
302152248
30565533 1 0 3
6212294 120137212 305698280
2065988 1 0 1
6212294
807245500 1 0 1
6212294
896675893 1 0 1
302152248
218147156 1 0 3
302152248 591217287 302152248
877139521 1 0 3
820933531 971031674 99657424
269131752 1 0 1
759658357
825701165 1 0 1
99657424
164970527 1 0 3
820933531 820933531 820933531
840579744 1 0 2
81569403 6212294
658834191 1 0 3
305698280 302152248 820933531
888880071 1 0 2
820933531 6212294
65450058 1 0 1
6212294
419189825 1 0 3
591217287 6212294 591217287
54922879 1 0 2
759658357 820933531
744273948 1 0 1
99657424
326619995 1 0 3
591217287 591217287 305698280
