986
292399033 1 1 2
726472566 165258173
292399033 1 0 2
726472566 165258173
8489907 0 1 1
165258173
501338381 0 1 3
173378572 19536104 803000370
942421049 0 1 2
19536104 726472566
617078711 0 1 5
803000370 173378572 28447601 227079929 173378572
39969325 0 1 3
726472566 181319633 181319633
954369038 1 1 5
726472566 19536104 165258173 165258173 19536104
438143105 1 1 5
28447601 19536104 791399544 181319633 165258173
452453002 0 1 1
803000370
197967763 0 1 4
643377508 726472566 181319633 791399544
246268265 0 1 1
643377508
118712025 0 1 2
726472566 803000370
399803429 1 1 4
726472566 791399544 165258173 19536104
438143105 1 0 5
28447601 19536104 791399544 181319633 165258173
311252552 0 1 2
181319633 28447601
116940753 1 1 1
227079929
588428926 1 1 3
643377508 165258173 181319633
76028129 0 1 4
19536104 227079929 227079929 803000370
127040332 0 1 1
726472566
557232434 1 1 1
726472566
833991774 1 1 1
181319633
197916319 1 1 4
791399544 726472566 227079929 181319633
201148330 1 1 5
19536104 173378572 227079929 726472566 803000370
853527877 0 1 2
181319633 803000370
363174491 0 1 2
803000370 643377508
382467962 1 1 4
19536104 643377508 181319633 726472566
432516795 1 1 1
28447601
590254419 1 1 4
165258173 227079929 643377508 165258173
363174491 0 0 2
803000370 643377508
185468331 0 1 5
19536104 165258173 19536104 28447601 227079929
313480747 1 1 4
181319633 173378572 19536104 165258173
763632990 0 1 1
803000370
201148330 1 0 5
19536104 173378572 227079929 726472566 803000370
681362190 1 1 4
173378572 181319633 165258173 791399544
605879779 1 1 5
227079929 173378572 165258173 173378572 19536104
624639249 1 1 3
643377508 803000370 227079929
182700570 0 1 3
165258173 181319633 726472566
400817180 0 1 4
181319633 791399544 791399544 19536104
241717959 0 1 5
19536104 181319633 28447601 791399544 173378572
313480747 1 0 4
181319633 173378572 19536104 165258173
222669894 0 1 2
791399544 28447601
207702569 0 1 1
643377508
679861063 0 1 4
173378572 28447601 643377508 173378572
675122896 1 1 4
165258173 165258173 726472566 173378572
432516795 1 0 1
28447601
605879779 1 0 5
227079929 173378572 165258173 173378572 19536104
405670331 1 1 5
227079929 803000370 803000370 181319633 173378572
778645679 0 1 3
173378572 791399544 165258173
793834920 1 1 3
28447601 173378572 181319633
805473759 0 1 1
165258173
89898231 1 1 2
19536104 227079929
805473759 0 0 1
165258173
763292024 0 1 3
173378572 19536104 28447601
246419037 0 1 1
803000370
18442711 0 1 4
181319633 643377508 791399544 791399544
742848707 0 1 4
227079929 181319633 791399544 791399544
803651470 0 1 5
19536104 803000370 181319633 803000370 173378572
852434485 0 1 3
19536104 173378572 227079929
940765025 1 1 2
181319633 165258173
4799799 0 1 5
165258173 173378572 803000370 791399544 28447601
833991774 1 0 1
181319633
558478713 1 1 4
227079929 19536104 19536104 791399544
303939515 0 1 1
181319633
185468331 0 0 5
19536104 165258173 19536104 28447601 227079929
387267760 0 1 5
28447601 803000370 803000370 643377508 726472566
246419037 0 0 1
803000370
241717959 0 0 5
19536104 181319633 28447601 791399544 173378572
843511859 1 1 2
181319633 165258173
894193934 0 1 2
28447601 19536104
425252443 0 1 4
19536104 643377508 28447601 726472566
156992606 1 1 1
803000370
197967763 0 0 4
643377508 726472566 181319633 791399544
510343275 0 1 1
643377508
106614632 0 1 1
19536104
762872384 1 1 2
19536104 28447601
793834920 1 0 3
28447601 173378572 181319633
134982523 0 1 3
227079929 791399544 173378572
141831554 1 1 1
28447601
16205915 1 1 4
803000370 643377508 726472566 173378572
229216833 1 1 1
173378572
364501447 0 1 5
28447601 791399544 165258173 227079929 643377508
223908483 0 1 2
19536104 791399544
909077895 0 1 4
181319633 643377508 227079929 181319633
892140694 0 1 4
227079929 803000370 28447601 227079929
629578813 0 1 1
173378572
540239926 1 1 3
165258173 791399544 643377508
762872384 1 0 2
19536104 28447601
538491965 1 1 4
227079929 19536104 227079929 726472566
287568924 0 1 5
643377508 165258173 173378572 165258173 643377508
630138156 1 1 5
227079929 181319633 643377508 181319633 791399544
301783988 0 1 5
791399544 19536104 726472566 165258173 227079929
624639249 1 0 3
643377508 803000370 227079929
533987960 0 1 1
791399544
648580866 0 1 3
28447601 227079929 165258173
44632695 0 1 5
726472566 643377508 803000370 28447601 19536104
156992606 1 0 1
803000370
190155781 1 1 4
227079929 643377508 227079929 791399544
353531702 0 1 1
28447601
837914071 1 1 5
227079929 791399544 181319633 227079929 28447601
194955580 0 1 5
227079929 19536104 803000370 165258173 791399544
764526767 1 1 5
791399544 28447601 726472566 181319633 726472566
301783988 0 0 5
791399544 19536104 726472566 165258173 227079929
141853586 0 1 2
181319633 165258173
434739691 1 1 1
227079929
608038625 0 1 5
726472566 726472566 643377508 165258173 227079929
229216833 1 0 1
173378572
246268265 0 0 1
643377508
888563871 0 1 3
643377508 726472566 173378572
859992133 0 1 1
181319633
617547582 0 1 4
19536104 181319633 173378572 173378572
251423497 0 1 4
173378572 643377508 726472566 791399544
966606765 0 1 2
181319633 227079929
232936318 0 1 2
803000370 181319633
386406020 0 1 3
227079929 19536104 643377508
108438318 0 1 5
803000370 181319633 227079929 803000370 165258173
249142232 1 1 3
227079929 165258173 19536104
615622852 0 1 3
726472566 227079929 643377508
325456116 0 1 3
643377508 165258173 803000370
473050715 0 1 2
181319633 227079929
377217099 0 1 5
173378572 643377508 643377508 227079929 181319633
70113162 0 1 1
803000370
102629527 1 1 5
181319633 28447601 173378572 643377508 173378572
917457024 1 1 1
165258173
608605126 1 1 5
227079929 791399544 28447601 791399544 791399544
242714802 1 1 4
165258173 803000370 227079929 28447601
405670331 1 0 5
227079929 803000370 803000370 181319633 173378572
400111531 1 1 3
28447601 791399544 643377508
954369038 1 0 5
726472566 19536104 165258173 165258173 19536104
910389114 0 1 5
791399544 173378572 28447601 726472566 726472566
399803429 1 0 4
726472566 791399544 165258173 19536104
116940753 1 0 1
227079929
629219113 0 1 1
227079929
901208748 0 1 5
28447601 165258173 803000370 19536104 19536104
807538160 1 1 4
791399544 643377508 643377508 643377508
819374894 0 1 4
28447601 173378572 726472566 28447601
107256802 0 1 4
181319633 803000370 791399544 803000370
497968582 0 1 2
28447601 28447601
940765025 1 0 2
181319633 165258173
14330473 0 1 1
173378572
871783568 0 1 3
643377508 28447601 643377508
492338519 1 1 4
19536104 19536104 28447601 227079929
301586515 1 1 4
28447601 803000370 726472566 227079929
332338544 0 1 3
165258173 28447601 181319633
233418741 0 1 4
28447601 181319633 726472566 726472566
161578648 0 1 2
19536104 173378572
106614632 0 0 1
19536104
949886126 1 1 5
181319633 227079929 165258173 791399544 181319633
484842238 0 1 4
791399544 165258173 165258173 28447601
980701764 0 1 3
19536104 643377508 227079929
182822443 1 1 5
181319633 28447601 791399544 19536104 227079929
871248257 0 1 3
19536104 227079929 791399544
941656433 0 1 3
19536104 173378572 165258173
190155781 1 0 4
227079929 643377508 227079929 791399544
431964674 1 1 4
181319633 181319633 726472566 726472566
339387460 0 1 1
791399544
119628900 1 1 3
173378572 726472566 803000370
905015388 1 1 3
643377508 181319633 227079929
569120910 1 1 3
643377508 791399544 173378572
189742061 0 1 1
643377508
860161267 0 1 5
227079929 791399544 726472566 643377508 791399544
339094285 0 1 5
643377508 803000370 181319633 28447601 173378572
798347187 1 1 3
165258173 165258173 173378572
955392420 0 1 3
19536104 791399544 791399544
739205815 0 1 5
19536104 643377508 227079929 173378572 643377508
561252652 1 1 2
173378572 227079929
910389114 0 0 5
791399544 173378572 28447601 726472566 726472566
584611533 0 1 2
227079929 181319633
492930915 0 1 4
791399544 791399544 19536104 173378572
221307163 1 1 4
181319633 227079929 643377508 726472566
256502778 1 1 3
803000370 28447601 19536104
600187716 0 1 4
791399544 803000370 165258173 173378572
719275744 1 1 4
173378572 173378572 181319633 173378572
123349602 0 1 1
173378572
471971283 0 1 2
19536104 643377508
211614263 1 1 2
227079929 791399544
424936116 0 1 3
165258173 791399544 165258173
804309826 1 1 5
181319633 165258173 165258173 643377508 165258173
445033003 0 1 2
173378572 227079929
586514763 1 1 4
803000370 227079929 726472566 28447601
606712303 1 1 4
791399544 181319633 173378572 227079929
929875240 1 1 2
643377508 28447601
419732878 1 1 4
28447601 173378572 165258173 19536104
161578648 0 0 2
19536104 173378572
789534745 0 1 3
28447601 803000370 803000370
653639848 1 1 4
791399544 227079929 643377508 165258173
70113162 0 0 1
803000370
361389310 1 1 5
803000370 19536104 643377508 165258173 726472566
74015771 0 1 4
643377508 165258173 165258173 726472566
845543660 1 1 4
791399544 19536104 643377508 227079929
481018210 1 1 1
791399544
831547510 0 1 1
28447601
414664569 0 1 4
165258173 726472566 19536104 19536104
670760270 0 1 5
181319633 227079929 791399544 227079929 643377508
544225128 0 1 5
791399544 19536104 28447601 19536104 803000370
753758854 1 1 5
181319633 803000370 165258173 726472566 181319633
321623808 0 1 3
165258173 28447601 227079929
499617548 1 1 4
726472566 181319633 791399544 803000370
345481020 0 1 4
19536104 726472566 227079929 165258173
882876459 0 1 1
28447601
586514763 1 0 4
803000370 227079929 726472566 28447601
936745432 1 1 2
28447601 173378572
838411934 0 1 3
643377508 173378572 28447601
104183621 1 1 4
165258173 726472566 791399544 181319633
193248209 0 1 5
791399544 791399544 173378572 726472566 173378572
291116001 0 1 3
227079929 726472566 181319633
823459365 1 1 3
726472566 165258173 227079929
803651470 0 0 5
19536104 803000370 181319633 803000370 173378572
316597810 0 1 3
19536104 173378572 181319633
763087283 1 1 3
173378572 28447601 643377508
887589979 0 1 2
19536104 28447601
741533925 1 1 3
227079929 181319633 173378572
419913461 0 1 3
165258173 791399544 791399544
185139333 0 1 4
165258173 181319633 165258173 791399544
180565040 0 1 4
227079929 803000370 165258173 726472566
311252552 0 0 2
181319633 28447601
26625763 1 1 3
173378572 19536104 643377508
561252652 1 0 2
173378572 227079929
115014573 1 1 3
19536104 181319633 165258173
845543660 1 0 4
791399544 19536104 643377508 227079929
600297917 0 1 2
173378572 181319633
668676860 1 1 2
181319633 165258173
600187716 0 0 4
791399544 803000370 165258173 173378572
621170772 1 1 4
643377508 726472566 173378572 181319633
814203579 1 1 5
803000370 19536104 28447601 19536104 803000370
595208982 1 1 3
28447601 227079929 643377508
319230783 0 1 3
227079929 726472566 803000370
569120910 1 0 3
643377508 791399544 173378572
147738140 0 1 4
726472566 227079929 28447601 165258173
426756491 0 1 3
803000370 791399544 227079929
733895352 0 1 2
643377508 19536104
818498409 0 1 3
227079929 173378572 791399544
119628900 1 0 3
173378572 726472566 803000370
970981619 1 1 2
173378572 643377508
340170557 1 1 5
726472566 181319633 173378572 227079929 227079929
140122217 0 1 2
791399544 28447601
323115518 0 1 4
181319633 28447601 28447601 165258173
538167928 0 1 3
726472566 181319633 643377508
875515027 1 1 1
643377508
112377301 0 1 4
165258173 19536104 803000370 181319633
229096214 0 1 1
165258173
979698648 1 1 5
19536104 19536104 173378572 227079929 791399544
305625509 1 1 1
803000370
520212214 0 1 1
19536104
316597810 0 0 3
19536104 173378572 181319633
655674364 0 1 1
227079929
474739670 0 1 2
28447601 791399544
831547510 0 0 1
28447601
135815849 0 1 4
643377508 181319633 181319633 726472566
395780694 1 1 5
791399544 643377508 173378572 19536104 643377508
481018210 1 0 1
791399544
68789946 0 1 3
165258173 181319633 19536104
555729309 1 1 4
227079929 791399544 181319633 643377508
580920026 0 1 1
173378572
249354985 0 1 5
181319633 181319633 791399544 803000370 165258173
434871423 0 1 4
643377508 181319633 181319633 19536104
548450950 1 1 4
726472566 165258173 643377508 165258173
702169254 0 1 1
227079929
956064634 0 1 1
181319633
22138074 1 1 4
173378572 803000370 173378572 791399544
516372832 0 1 2
19536104 227079929
551273615 0 1 4
726472566 803000370 19536104 643377508
341368856 1 1 4
227079929 227079929 28447601 791399544
664110971 1 1 2
227079929 791399544
830546458 1 1 1
643377508
232936318 0 0 2
803000370 181319633
75264207 0 1 2
643377508 165258173
335125731 1 1 3
28447601 181319633 181319633
654044428 1 1 4
227079929 181319633 803000370 726472566
180565040 0 0 4
227079929 803000370 165258173 726472566
419913461 0 0 3
165258173 791399544 791399544
267951115 1 1 1
181319633
327764299 0 1 4
803000370 28447601 803000370 173378572
936745432 1 0 2
28447601 173378572
977159945 0 1 3
643377508 726472566 28447601
806119043 0 1 4
803000370 803000370 643377508 28447601
55795678 1 1 4
28447601 803000370 173378572 726472566
89537245 1 1 1
803000370
22138074 1 0 4
173378572 803000370 173378572 791399544
35215256 1 1 3
28447601 726472566 643377508
35494325 1 1 1
726472566
247679105 1 1 3
19536104 165258173 173378572
407943821 0 1 4
726472566 227079929 165258173 165258173
543685040 1 1 1
803000370
722418774 0 1 1
726472566
543759669 0 1 2
173378572 165258173
939465733 1 1 4
165258173 19536104 181319633 643377508
791208719 1 1 2
643377508 28447601
99488977 1 1 2
173378572 28447601
182822443 1 0 5
181319633 28447601 791399544 19536104 227079929
372902110 0 1 3
181319633 173378572 643377508
893080056 0 1 1
165258173
386876752 1 1 3
643377508 28447601 173378572
921353060 0 1 5
19536104 165258173 19536104 643377508 181319633
595249309 0 1 5
181319633 803000370 181319633 227079929 726472566
195457737 1 1 3
643377508 643377508 19536104
943491133 1 1 4
173378572 181319633 791399544 643377508
964138492 1 1 5
19536104 165258173 227079929 181319633 181319633
291116001 0 0 3
227079929 726472566 181319633
746731352 1 1 5
227079929 791399544 165258173 643377508 19536104
284859988 0 1 3
227079929 791399544 165258173
480765814 1 1 3
227079929 803000370 165258173
429794161 0 1 4
19536104 643377508 227079929 28447601
212640547 1 1 4
726472566 643377508 181319633 19536104
815891544 0 1 4
227079929 28447601 28447601 181319633
83838588 1 1 1
181319633
361389310 1 0 5
803000370 19536104 643377508 165258173 726472566
333108013 0 1 4
165258173 726472566 173378572 726472566
996172195 1 1 2
791399544 227079929
913514884 1 1 2
726472566 173378572
139227055 0 1 4
643377508 803000370 791399544 227079929
778645679 0 0 3
173378572 791399544 165258173
499617548 1 0 4
726472566 181319633 791399544 803000370
540239926 1 0 3
165258173 791399544 643377508
51967872 1 1 5
227079929 791399544 791399544 19536104 181319633
855568480 0 1 5
19536104 227079929 173378572 643377508 643377508
26958662 0 1 5
726472566 726472566 803000370 726472566 173378572
939978548 0 1 1
791399544
83838588 1 0 1
181319633
103247584 1 1 4
173378572 181319633 227079929 643377508
287418835 0 1 4
181319633 19536104 181319633 19536104
336179939 0 1 2
227079929 181319633
678182709 0 1 2
165258173 791399544
831178503 0 1 3
791399544 726472566 173378572
128162023 0 1 4
227079929 227079929 181319633 791399544
321907779 1 1 1
227079929
783183832 1 1 1
173378572
905015388 1 0 3
643377508 181319633 227079929
501064132 0 1 4
165258173 19536104 791399544 726472566
67504186 1 1 2
181319633 227079929
617547582 0 0 4
19536104 181319633 173378572 173378572
425252443 0 0 4
19536104 643377508 28447601 726472566
22576935 0 1 2
165258173 726472566
341368856 1 0 4
227079929 227079929 28447601 791399544
422417191 1 1 1
803000370
662753494 1 1 2
643377508 227079929
218034671 1 1 5
19536104 181319633 28447601 726472566 791399544
218424675 1 1 5
643377508 791399544 181319633 643377508 726472566
479408337 0 1 4
181319633 165258173 28447601 28447601
964766022 0 1 1
19536104
503284663 0 1 2
28447601 165258173
960174150 1 1 4
803000370 227079929 173378572 173378572
247076534 0 1 3
791399544 173378572 28447601
791208719 1 0 2
643377508 28447601
568441561 1 1 1
227079929
249142232 1 0 3
227079929 165258173 19536104
628582046 1 1 5
19536104 726472566 791399544 19536104 803000370
807538160 1 0 4
791399544 643377508 643377508 643377508
330915121 1 1 3
19536104 28447601 791399544
901549573 1 1 2
165258173 28447601
823459365 1 0 3
726472566 165258173 227079929
479408337 0 0 4
181319633 165258173 28447601 28447601
624754240 1 1 3
791399544 803000370 173378572
96946356 0 1 1
28447601
893292980 0 1 4
165258173 173378572 227079929 726472566
529238463 1 1 3
803000370 165258173 173378572
952514835 0 1 4
165258173 181319633 181319633 181319633
772767993 1 1 1
165258173
469217010 1 1 1
181319633
908278770 0 1 3
19536104 28447601 19536104
60186827 1 1 4
791399544 173378572 181319633 28447601
805396948 0 1 1
726472566
438977830 1 1 5
227079929 726472566 726472566 791399544 19536104
891365330 1 1 1
19536104
933558970 0 1 3
803000370 173378572 181319633
970981619 1 0 2
173378572 643377508
760885609 0 1 4
791399544 181319633 28447601 726472566
527065513 1 1 1
19536104
830546458 1 0 1
643377508
624754240 1 0 3
791399544 803000370 173378572
287139453 0 1 3
165258173 726472566 803000370
828389794 0 1 5
643377508 19536104 28447601 173378572 165258173
549642447 1 1 3
19536104 165258173 791399544
709556644 1 1 5
28447601 803000370 643377508 28447601 726472566
343659640 0 1 3
165258173 726472566 726472566
767677117 1 1 3
28447601 28447601 803000370
927981318 0 1 1
28447601
823067976 0 1 3
227079929 28447601 19536104
557232434 1 0 1
726472566
584959491 1 1 4
181319633 19536104 173378572 181319633
283782332 0 1 2
791399544 28447601
635758478 1 1 5
165258173 28447601 803000370 19536104 791399544
832036024 1 1 3
173378572 28447601 643377508
35215256 1 0 3
28447601 726472566 643377508
852223892 0 1 3
726472566 643377508 227079929
662753494 1 0 2
643377508 227079929
264340523 1 1 2
181319633 643377508
15467497 1 1 4
726472566 227079929 726472566 28447601
606289817 1 1 1
643377508
323115518 0 0 4
181319633 28447601 28447601 165258173
741611114 1 1 5
28447601 19536104 19536104 19536104 19536104
112413852 0 1 3
28447601 19536104 726472566
499582796 1 1 4
227079929 726472566 726472566 19536104
270849576 1 1 4
726472566 173378572 227079929 227079929
207702569 0 0 1
643377508
64928687 0 1 4
643377508 726472566 19536104 19536104
124867140 1 1 2
165258173 28447601
592582937 1 1 1
181319633
973207456 0 1 3
803000370 173378572 803000370
185053967 0 1 3
227079929 19536104 173378572
250496236 1 1 2
181319633 803000370
264701638 0 1 3
803000370 803000370 165258173
503284663 0 0 2
28447601 165258173
928935648 1 1 1
227079929
36571557 0 1 4
643377508 791399544 19536104 173378572
25587246 1 1 1
726472566
456001160 1 1 1
803000370
323711009 1 1 5
181319633 803000370 28447601 643377508 726472566
706493391 1 1 4
227079929 165258173 791399544 227079929
5643606 0 1 1
181319633
33267652 1 1 5
643377508 643377508 803000370 165258173 181319633
902669382 0 1 2
173378572 19536104
625837074 0 1 1
791399544
813765322 0 1 5
181319633 803000370 28447601 791399544 173378572
578253710 1 1 4
181319633 28447601 19536104 227079929
210796564 0 1 2
19536104 726472566
950064005 0 1 2
227079929 791399544
214012187 1 1 3
165258173 181319633 726472566
42832588 0 1 4
643377508 173378572 28447601 643377508
654804249 0 1 2
28447601 791399544
330869061 0 1 3
173378572 791399544 803000370
58300084 1 1 2
791399544 181319633
261094065 1 1 3
791399544 165258173 726472566
72480174 1 1 1
28447601
452453002 0 0 1
803000370
23230287 0 1 4
181319633 643377508 28447601 181319633
613193212 1 1 4
227079929 173378572 643377508 803000370
195846101 1 1 3
791399544 19536104 28447601
88158973 1 1 3
643377508 173378572 791399544
738060351 0 1 5
19536104 28447601 181319633 165258173 227079929
788429037 0 1 3
19536104 173378572 165258173
913882781 0 1 1
227079929
923114317 1 1 4
173378572 643377508 726472566 173378572
38925272 0 1 1
726472566
178584418 1 1 5
227079929 19536104 227079929 181319633 803000370
704566316 1 1 5
791399544 181319633 173378572 173378572 227079929
75496828 0 1 3
791399544 227079929 803000370
56688015 1 1 1
643377508
13083827 1 1 4
181319633 803000370 227079929 173378572
399207836 0 1 2
643377508 803000370
909077895 0 0 4
181319633 643377508 227079929 181319633
615697757 0 1 5
165258173 165258173 803000370 28447601 227079929
250496236 1 0 2
181319633 803000370
492338519 1 0 4
19536104 19536104 28447601 227079929
18727432 1 1 5
19536104 181319633 181319633 643377508 173378572
284991840 1 1 2
726472566 165258173
518367139 1 1 4
726472566 19536104 28447601 181319633
395780694 1 0 5
791399544 643377508 173378572 19536104 643377508
497080858 0 1 1
181319633
214012187 1 0 3
165258173 181319633 726472566
951273513 1 1 5
803000370 643377508 28447601 19536104 791399544
287139453 0 0 3
165258173 726472566 803000370
96620848 1 1 3
28447601 28447601 19536104
707877421 1 1 4
803000370 173378572 643377508 173378572
901337517 0 1 2
173378572 803000370
195846101 1 0 3
791399544 19536104 28447601
664110971 1 0 2
227079929 791399544
163149386 0 1 2
803000370 19536104
64928687 0 0 4
643377508 726472566 19536104 19536104
603226360 1 1 1
173378572
408658117 1 1 5
643377508 643377508 28447601 791399544 791399544
494018446 1 1 4
19536104 803000370 181319633 19536104
514042795 0 1 3
726472566 726472566 791399544
669752181 1 1 3
227079929 19536104 181319633
763632990 0 0 1
803000370
89898231 1 0 2
19536104 227079929
419014971 0 1 3
227079929 19536104 643377508
537273082 0 1 3
791399544 643377508 165258173
135461744 1 1 3
173378572 28447601 803000370
614861071 0 1 4
165258173 165258173 643377508 28447601
595208982 1 0 3
28447601 227079929 643377508
477948406 0 1 1
165258173
873522095 0 1 5
181319633 643377508 28447601 803000370 643377508
403290107 1 1 2
791399544 643377508
391831186 0 1 3
726472566 19536104 726472566
649152763 1 1 2
726472566 181319633
294731730 1 1 1
181319633
422931955 1 1 3
173378572 173378572 803000370
353719079 1 1 5
791399544 173378572 181319633 803000370 165258173
370228557 0 1 4
726472566 726472566 165258173 28447601
479619969 0 1 4
28447601 165258173 803000370 726472566
366802905 1 1 1
227079929
621952744 1 1 1
643377508
95317726 0 1 5
791399544 791399544 28447601 227079929 173378572
709556644 1 0 5
28447601 803000370 643377508 28447601 726472566
238046689 1 1 1
165258173
906944583 1 1 5
803000370 173378572 181319633 726472566 726472566
466201216 1 1 5
791399544 643377508 726472566 227079929 643377508
735127546 0 1 1
165258173
702169254 0 0 1
227079929
710734447 0 1 5
165258173 791399544 227079929 227079929 165258173
415338415 0 1 5
643377508 803000370 28447601 181319633 165258173
295521318 0 1 3
791399544 19536104 181319633
464588316 1 1 4
227079929 726472566 28447601 227079929
590254419 1 0 4
165258173 227079929 643377508 165258173
431004152 0 1 2
227079929 791399544
943491133 1 0 4
173378572 181319633 791399544 643377508
751264030 1 1 3
28447601 181319633 227079929
873246432 1 1 3
803000370 173378572 791399544
925022597 1 1 3
726472566 726472566 803000370
323711009 1 0 5
181319633 803000370 28447601 643377508 726472566
117823176 0 1 2
181319633 643377508
395514965 1 1 1
726472566
196553919 1 1 1
19536104
655096257 0 1 2
28447601 791399544
530976708 1 1 1
227079929
811414989 1 1 5
165258173 165258173 28447601 181319633 165258173
133044663 1 1 1
28447601
466201216 1 0 5
791399544 643377508 726472566 227079929 643377508
404498802 1 1 2
165258173 643377508
67221447 0 1 3
19536104 19536104 726472566
479619969 0 0 4
28447601 165258173 803000370 726472566
377392200 0 1 4
165258173 803000370 165258173 227079929
53651565 1 1 5
803000370 19536104 803000370 181319633 173378572
361953176 0 1 4
173378572 165258173 28447601 28447601
800324155 0 1 2
165258173 227079929
259886995 0 1 5
181319633 791399544 19536104 181319633 181319633
732181732 1 1 1
726472566
510343275 0 0 1
643377508
132460475 1 1 2
181319633 643377508
479206251 0 1 5
173378572 181319633 173378572 173378572 227079929
206650827 0 1 4
803000370 173378572 28447601 19536104
80294552 1 1 5
165258173 19536104 19536104 165258173 803000370
717252939 0 1 5
28447601 791399544 227079929 19536104 643377508
783183832 1 0 1
173378572
113595410 1 1 2
803000370 791399544
399012119 0 1 4
173378572 28447601 181319633 791399544
304896836 0 1 2
791399544 28447601
325456116 0 0 3
643377508 165258173 803000370
676846208 0 1 5
181319633 28447601 643377508 726472566 173378572
814350533 1 1 4
173378572 643377508 803000370 803000370
452934506 1 1 3
28447601 173378572 726472566
141434523 0 1 3
28447601 28447601 726472566
97871036 0 1 4
19536104 19536104 227079929 227079929
108438318 0 0 5
803000370 181319633 227079929 803000370 165258173
204198535 1 1 4
643377508 165258173 173378572 791399544
14680955 0 1 2
803000370 165258173
22893632 0 1 4
791399544 28447601 165258173 791399544
322021710 0 1 2
227079929 726472566
262712271 0 1 5
181319633 165258173 181319633 791399544 227079929
71963902 1 1 5
643377508 643377508 726472566 643377508 726472566
829634319 0 1 4
803000370 181319633 803000370 643377508
793688978 0 1 5
173378572 726472566 227079929 181319633 173378572
883378890 1 1 5
643377508 726472566 726472566 643377508 19536104
815195333 1 1 2
726472566 643377508
50704132 0 1 1
173378572
950600336 0 1 3
181319633 19536104 173378572
648580866 0 0 3
28447601 227079929 165258173
45103884 0 1 5
173378572 227079929 791399544 643377508 726472566
104355696 1 1 1
791399544
312553511 1 1 3
181319633 28447601 181319633
845428038 1 1 4
803000370 791399544 181319633 181319633
845428038 1 0 4
803000370 791399544 181319633 181319633
216759042 1 1 1
726472566
855568480 0 0 5
19536104 227079929 173378572 643377508 643377508
897251594 1 1 4
181319633 227079929 643377508 181319633
830404865 0 1 2
791399544 19536104
212640547 1 0 4
726472566 643377508 181319633 19536104
814350533 1 0 4
173378572 643377508 803000370 803000370
695965292 1 1 3
181319633 726472566 791399544
103902421 0 1 1
173378572
910699416 0 1 3
165258173 227079929 173378572
265734583 1 1 3
643377508 643377508 227079929
70014182 1 1 2
227079929 227079929
162227887 0 1 1
643377508
423147770 0 1 4
227079929 726472566 643377508 28447601
746860389 0 1 4
19536104 791399544 165258173 227079929
976578419 0 1 1
643377508
876082275 1 1 1
726472566
740811264 1 1 1
803000370
74449455 1 1 4
19536104 173378572 791399544 19536104
584611533 0 0 2
227079929 181319633
80280809 1 1 2
643377508 227079929
608008570 1 1 3
726472566 643377508 173378572
327764299 0 0 4
803000370 28447601 803000370 173378572
304896836 0 0 2
791399544 28447601
400111531 1 0 3
28447601 791399544 643377508
949859438 1 1 2
643377508 726472566
254818871 1 1 3
803000370 28447601 726472566
870720840 1 1 1
726472566
21823340 1 1 4
227079929 227079929 28447601 227079929
860161267 0 0 5
227079929 791399544 726472566 643377508 791399544
14680955 0 0 2
803000370 165258173
746731352 1 0 5
227079929 791399544 165258173 643377508 19536104
303939515 0 0 1
181319633
84453189 1 1 3
227079929 791399544 173378572
664409817 1 1 4
28447601 643377508 791399544 28447601
757718581 1 1 5
803000370 28447601 643377508 791399544 28447601
764526767 1 0 5
791399544 28447601 726472566 181319633 726472566
894193934 0 0 2
28447601 19536104
752164873 1 1 3
28447601 19536104 227079929
715113948 1 1 4
643377508 19536104 227079929 227079929
708318917 1 1 3
173378572 28447601 227079929
23230287 0 0 4
181319633 643377508 28447601 181319633
797268756 1 1 3
803000370 181319633 791399544
964766022 0 0 1
19536104
671985995 1 1 2
19536104 181319633
399012119 0 0 4
173378572 28447601 181319633 791399544
823067976 0 0 3
227079929 28447601 19536104
873388779 1 1 2
28447601 173378572
141853586 0 0 2
181319633 165258173
813765322 0 0 5
181319633 803000370 28447601 791399544 173378572
495213146 1 1 4
643377508 726472566 227079929 726472566
741261388 1 1 3
643377508 173378572 173378572
678182709 0 0 2
165258173 791399544
770640373 1 1 3
791399544 19536104 173378572
901337517 0 0 2
173378572 803000370
112377301 0 0 4
165258173 19536104 803000370 181319633
387267760 0 0 5
28447601 803000370 803000370 643377508 726472566
325618010 1 1 2
28447601 28447601
289743032 1 1 2
181319633 791399544
913514884 1 0 2
726472566 173378572
727059145 1 1 5
173378572 19536104 19536104 643377508 165258173
88833777 1 1 2
643377508 791399544
96620848 1 0 3
28447601 28447601 19536104
147738140 0 0 4
726472566 227079929 28447601 165258173
613193212 1 0 4
227079929 173378572 643377508 803000370
921353060 0 0 5
19536104 165258173 19536104 643377508 181319633
107256802 0 0 4
181319633 803000370 791399544 803000370
996172195 1 0 2
791399544 227079929
902669382 0 0 2
173378572 19536104
471971283 0 0 2
19536104 643377508
196553919 1 0 1
19536104
16205915 1 0 4
803000370 643377508 726472566 173378572
261094065 1 0 3
791399544 165258173 726472566
608008570 1 0 3
726472566 643377508 173378572
133044663 1 0 1
28447601
941656433 0 0 3
19536104 173378572 165258173
414664569 0 0 4
165258173 726472566 19536104 19536104
757718581 1 0 5
803000370 28447601 643377508 791399544 28447601
629578813 0 0 1
173378572
738060351 0 0 5
19536104 28447601 181319633 165258173 227079929
140122217 0 0 2
791399544 28447601
50704132 0 0 1
173378572
68789946 0 0 3
165258173 181319633 19536104
906944583 1 0 5
803000370 173378572 181319633 726472566 726472566
901208748 0 0 5
28447601 165258173 803000370 19536104 19536104
366802905 1 0 1
227079929
395514965 1 0 1
726472566
859992133 0 0 1
181319633
127040332 0 0 1
726472566
891365330 1 0 1
19536104
251423497 0 0 4
173378572 643377508 726472566 791399544
964138492 1 0 5
19536104 165258173 227079929 181319633 181319633
873246432 1 0 3
803000370 173378572 791399544
386406020 0 0 3
227079929 19536104 643377508
843511859 1 0 2
181319633 165258173
132460475 1 0 2
181319633 643377508
806119043 0 0 4
803000370 803000370 643377508 28447601
361953176 0 0 4
173378572 165258173 28447601 28447601
497968582 0 0 2
28447601 28447601
733895352 0 0 2
643377508 19536104
80280809 1 0 2
643377508 227079929
606712303 1 0 4
791399544 181319633 173378572 227079929
404498802 1 0 2
165258173 643377508
950600336 0 0 3
181319633 19536104 173378572
124867140 1 0 2
165258173 28447601
767677117 1 0 3
28447601 28447601 803000370
608605126 1 0 5
227079929 791399544 28447601 791399544 791399544
746860389 0 0 4
19536104 791399544 165258173 227079929
294731730 1 0 1
181319633
330869061 0 0 3
173378572 791399544 803000370
343659640 0 0 3
165258173 726472566 726472566
25587246 1 0 1
726472566
84453189 1 0 3
227079929 791399544 173378572
456001160 1 0 1
803000370
917457024 1 0 1
165258173
434739691 1 0 1
227079929
537273082 0 0 3
791399544 643377508 165258173
960174150 1 0 4
803000370 227079929 173378572 173378572
497080858 0 0 1
181319633
927981318 0 0 1
28447601
615622852 0 0 3
726472566 227079929 643377508
339094285 0 0 5
643377508 803000370 181319633 28447601 173378572
434871423 0 0 4
643377508 181319633 181319633 19536104
893080056 0 0 1
165258173
871783568 0 0 3
643377508 28447601 643377508
951273513 1 0 5
803000370 643377508 28447601 19536104 791399544
60186827 1 0 4
791399544 173378572 181319633 28447601
474739670 0 0 2
28447601 791399544
710734447 0 0 5
165258173 791399544 227079929 227079929 165258173
247076534 0 0 3
791399544 173378572 28447601
568441561 1 0 1
227079929
134982523 0 0 3
227079929 791399544 173378572
102629527 1 0 5
181319633 28447601 173378572 643377508 173378572
653639848 1 0 4
791399544 227079929 643377508 165258173
741261388 1 0 3
643377508 173378572 173378572
797268756 1 0 3
803000370 181319633 791399544
26958662 0 0 5
726472566 726472566 803000370 726472566 173378572
928935648 1 0 1
227079929
473050715 0 0 2
181319633 227079929
492930915 0 0 4
791399544 791399544 19536104 173378572
671985995 1 0 2
19536104 181319633
584959491 1 0 4
181319633 19536104 173378572 181319633
520212214 0 0 1
19536104
284859988 0 0 3
227079929 791399544 165258173
760885609 0 0 4
791399544 181319633 28447601 726472566
330915121 1 0 3
19536104 28447601 791399544
377217099 0 0 5
173378572 643377508 643377508 227079929 181319633
74015771 0 0 4
643377508 165258173 165258173 726472566
14330473 0 0 1
173378572
852223892 0 0 3
726472566 643377508 227079929
445033003 0 0 2
173378572 227079929
949859438 1 0 2
643377508 726472566
805396948 0 0 1
726472566
408658117 1 0 5
643377508 643377508 28447601 791399544 791399544
530976708 1 0 1
227079929
96946356 0 0 1
28447601
956064634 0 0 1
181319633
162227887 0 0 1
643377508
676846208 0 0 5
181319633 28447601 643377508 726472566 173378572
558478713 1 0 4
227079929 19536104 19536104 791399544
264701638 0 0 3
803000370 803000370 165258173
75496828 0 0 3
791399544 227079929 803000370
256502778 1 0 3
803000370 28447601 19536104
837914071 1 0 5
227079929 791399544 181319633 227079929 28447601
211614263 1 0 2
227079929 791399544
33267652 1 0 5
643377508 643377508 803000370 165258173 181319633
793688978 0 0 5
173378572 726472566 227079929 181319633 173378572
218424675 1 0 5
643377508 791399544 181319633 643377508 726472566
340170557 1 0 5
726472566 181319633 173378572 227079929 227079929
635758478 1 0 5
165258173 28447601 803000370 19536104 791399544
21823340 1 0 4
227079929 227079929 28447601 227079929
238046689 1 0 1
165258173
322021710 0 0 2
227079929 726472566
600297917 0 0 2
173378572 181319633
649152763 1 0 2
726472566 181319633
715113948 1 0 4
643377508 19536104 227079929 227079929
939465733 1 0 4
165258173 19536104 181319633 643377508
97871036 0 0 4
19536104 19536104 227079929 227079929
452934506 1 0 3
28447601 173378572 726472566
206650827 0 0 4
803000370 173378572 28447601 19536104
221307163 1 0 4
181319633 227079929 643377508 726472566
870720840 1 0 1
726472566
321907779 1 0 1
227079929
426756491 0 0 3
803000370 791399544 227079929
289743032 1 0 2
181319633 791399544
319230783 0 0 3
227079929 726472566 803000370
353531702 0 0 1
28447601
210796564 0 0 2
19536104 726472566
829634319 0 0 4
803000370 181319633 803000370 643377508
913882781 0 0 1
227079929
704566316 1 0 5
791399544 181319633 173378572 173378572 227079929
70014182 1 0 2
227079929 227079929
267951115 1 0 1
181319633
788429037 0 0 3
19536104 173378572 165258173
892140694 0 0 4
227079929 803000370 28447601 227079929
717252939 0 0 5
28447601 791399544 227079929 19536104 643377508
38925272 0 0 1
726472566
438977830 1 0 5
227079929 726472566 726472566 791399544 19536104
431004152 0 0 2
227079929 791399544
22893632 0 0 4
791399544 28447601 165258173 791399544
925022597 1 0 3
726472566 726472566 803000370
679861063 0 0 4
173378572 28447601 643377508 173378572
828389794 0 0 5
643377508 19536104 28447601 173378572 165258173
464588316 1 0 4
227079929 726472566 28447601 227079929
527065513 1 0 1
19536104
770640373 1 0 3
791399544 19536104 173378572
883378890 1 0 5
643377508 726472566 726472566 643377508 19536104
501338381 0 0 3
173378572 19536104 803000370
423147770 0 0 4
227079929 726472566 643377508 28447601
831178503 0 0 3
791399544 726472566 173378572
312553511 1 0 3
181319633 28447601 181319633
942421049 0 0 2
19536104 726472566
695965292 1 0 3
181319633 726472566 791399544
178584418 1 0 5
227079929 19536104 227079929 181319633 803000370
422931955 1 0 3
173378572 173378572 803000370
929875240 1 0 2
643377508 28447601
53651565 1 0 5
803000370 19536104 803000370 181319633 173378572
923114317 1 0 4
173378572 643377508 726472566 173378572
480765814 1 0 3
227079929 803000370 165258173
222669894 0 0 2
791399544 28447601
955392420 0 0 3
19536104 791399544 791399544
853527877 0 0 2
181319633 803000370
382467962 1 0 4
19536104 643377508 181319633 726472566
815891544 0 0 4
227079929 28447601 28447601 181319633
882876459 0 0 1
28447601
484842238 0 0 4
791399544 165258173 165258173 28447601
399207836 0 0 2
643377508 803000370
606289817 1 0 1
643377508
139227055 0 0 4
643377508 803000370 791399544 227079929
333108013 0 0 4
165258173 726472566 173378572 726472566
89537245 1 0 1
803000370
233418741 0 0 4
28447601 181319633 726472566 726472566
51967872 1 0 5
227079929 791399544 791399544 19536104 181319633
262712271 0 0 5
181319633 165258173 181319633 791399544 227079929
814203579 1 0 5
803000370 19536104 28447601 19536104 803000370
901549573 1 0 2
165258173 28447601
115014573 1 0 3
19536104 181319633 165258173
74449455 1 0 4
19536104 173378572 791399544 19536104
741611114 1 0 5
28447601 19536104 19536104 19536104 19536104
370228557 0 0 4
726472566 726472566 165258173 28447601
939978548 0 0 1
791399544
325618010 1 0 2
28447601 28447601
469217010 1 0 1
181319633
625837074 0 0 1
791399544
516372832 0 0 2
19536104 227079929
477948406 0 0 1
165258173
76028129 0 0 4
19536104 227079929 227079929 803000370
141831554 1 0 1
28447601
722418774 0 0 1
726472566
287418835 0 0 4
181319633 19536104 181319633 19536104
113595410 1 0 2
803000370 791399544
479206251 0 0 5
173378572 181319633 173378572 173378572 227079929
386876752 1 0 3
643377508 28447601 173378572
284991840 1 0 2
726472566 165258173
830404865 0 0 2
791399544 19536104
36571557 0 0 4
643377508 791399544 19536104 173378572
254818871 1 0 3
803000370 28447601 726472566
538491965 1 0 4
227079929 19536104 227079929 726472566
104355696 1 0 1
791399544
195457737 1 0 3
643377508 643377508 19536104
287568924 0 0 5
643377508 165258173 173378572 165258173 643377508
888563871 0 0 3
643377508 726472566 173378572
118712025 0 0 2
726472566 803000370
588428926 1 0 3
643377508 165258173 181319633
533987960 0 0 1
791399544
345481020 0 0 4
19536104 726472566 227079929 165258173
548450950 1 0 4
726472566 165258173 643377508 165258173
798347187 1 0 3
165258173 165258173 173378572
615697757 0 0 5
165258173 165258173 803000370 28447601 227079929
668676860 1 0 2
181319633 165258173
654804249 0 0 2
28447601 791399544
72480174 1 0 1
28447601
13083827 1 0 4
181319633 803000370 227079929 173378572
44632695 0 0 5
726472566 643377508 803000370 28447601 19536104
372902110 0 0 3
181319633 173378572 643377508
815195333 1 0 2
726472566 643377508
301586515 1 0 4
28447601 803000370 726472566 227079929
543759669 0 0 2
173378572 165258173
580920026 0 0 1
173378572
494018446 1 0 4
19536104 803000370 181319633 19536104
15467497 1 0 4
726472566 227079929 726472566 28447601
763087283 1 0 3
173378572 28447601 643377508
56688015 1 0 1
643377508
499582796 1 0 4
227079929 726472566 726472566 19536104
419014971 0 0 3
227079929 19536104 643377508
739205815 0 0 5
19536104 643377508 227079929 173378572 643377508
719275744 1 0 4
173378572 173378572 181319633 173378572
339387460 0 0 1
791399544
908278770 0 0 3
19536104 28447601 19536104
603226360 1 0 1
173378572
628582046 1 0 5
19536104 726472566 791399544 19536104 803000370
400817180 0 0 4
181319633 791399544 791399544 19536104
5643606 0 0 1
181319633
621170772 1 0 4
643377508 726472566 173378572 181319633
873388779 1 0 2
28447601 173378572
772767993 1 0 1
165258173
247679105 1 0 3
19536104 165258173 173378572
681362190 1 0 4
173378572 181319633 165258173 791399544
259886995 0 0 5
181319633 791399544 19536104 181319633 181319633
26625763 1 0 3
173378572 19536104 643377508
555729309 1 0 4
227079929 791399544 181319633 643377508
706493391 1 0 4
227079929 165258173 791399544 227079929
655674364 0 0 1
227079929
71963902 1 0 5
643377508 643377508 726472566 643377508 726472566
185139333 0 0 4
165258173 181319633 165258173 791399544
283782332 0 0 2
791399544 28447601
529238463 1 0 3
803000370 165258173 173378572
669752181 1 0 3
227079929 19536104 181319633
112413852 0 0 3
28447601 19536104 726472566
42832588 0 0 4
643377508 173378572 28447601 643377508
67221447 0 0 3
19536104 19536104 726472566
407943821 0 0 4
726472566 227079929 165258173 165258173
664409817 1 0 4
28447601 643377508 791399544 28447601
39969325 0 0 3
726472566 181319633 181319633
95317726 0 0 5
791399544 791399544 28447601 227079929 173378572
933558970 0 0 3
803000370 173378572 181319633
99488977 1 0 2
173378572 28447601
197916319 1 0 4
791399544 726472566 227079929 181319633
952514835 0 0 4
165258173 181319633 181319633 181319633
595249309 0 0 5
181319633 803000370 181319633 227079929 726472566
128162023 0 0 4
227079929 227079929 181319633 791399544
979698648 1 0 5
19536104 19536104 173378572 227079929 791399544
732181732 1 0 1
726472566
218034671 1 0 5
19536104 181319633 28447601 726472566 791399544
538167928 0 0 3
726472566 181319633 643377508
67504186 1 0 2
181319633 227079929
495213146 1 0 4
643377508 726472566 227079929 726472566
123349602 0 0 1
173378572
873522095 0 0 5
181319633 643377508 28447601 803000370 643377508
707877421 1 0 4
803000370 173378572 643377508 173378572
295521318 0 0 3
791399544 19536104 181319633
973207456 0 0 3
803000370 173378572 803000370
429794161 0 0 4
19536104 643377508 227079929 28447601
630138156 1 0 5
227079929 181319633 643377508 181319633 791399544
419732878 1 0 4
28447601 173378572 165258173 19536104
117823176 0 0 2
181319633 643377508
103247584 1 0 4
173378572 181319633 227079929 643377508
751264030 1 0 3
28447601 181319633 227079929
501064132 0 0 4
165258173 19536104 791399544 726472566
391831186 0 0 3
726472566 19536104 726472566
415338415 0 0 5
643377508 803000370 28447601 181319633 165258173
655096257 0 0 2
28447601 791399544
216759042 1 0 1
726472566
35494325 1 0 1
726472566
22576935 0 0 2
165258173 726472566
735127546 0 0 1
165258173
58300084 1 0 2
791399544 181319633
321623808 0 0 3
165258173 28447601 227079929
332338544 0 0 3
165258173 28447601 181319633
189742061 0 0 1
643377508
88158973 1 0 3
643377508 173378572 791399544
887589979 0 0 2
19536104 28447601
950064005 0 0 2
227079929 791399544
55795678 1 0 4
28447601 803000370 173378572 726472566
336179939 0 0 2
227079929 181319633
740811264 1 0 1
803000370
966606765 0 0 2
181319633 227079929
403290107 1 0 2
791399544 643377508
629219113 0 0 1
227079929
852434485 0 0 3
19536104 173378572 227079929
163149386 0 0 2
803000370 19536104
811414989 1 0 5
165258173 165258173 28447601 181319633 165258173
670760270 0 0 5
181319633 227079929 791399544 227079929 643377508
353719079 1 0 5
791399544 173378572 181319633 803000370 165258173
578253710 1 0 4
181319633 28447601 19536104 227079929
592582937 1 0 1
181319633
265734583 1 0 3
643377508 643377508 227079929
8489907 0 0 1
165258173
264340523 1 0 2
181319633 643377508
103902421 0 0 1
173378572
194955580 0 0 5
227079929 19536104 803000370 165258173 791399544
617078711 0 0 5
803000370 173378572 28447601 227079929 173378572
818498409 0 0 3
227079929 173378572 791399544
364501447 0 0 5
28447601 791399544 165258173 227079929 643377508
832036024 1 0 3
173378572 28447601 643377508
910699416 0 0 3
165258173 227079929 173378572
193248209 0 0 5
791399544 791399544 173378572 726472566 173378572
4799799 0 0 5
165258173 173378572 803000370 791399544 28447601
977159945 0 0 3
643377508 726472566 28447601
242714802 1 0 4
165258173 803000370 227079929 28447601
249354985 0 0 5
181319633 181319633 791399544 803000370 165258173
763292024 0 0 3
173378572 19536104 28447601
893292980 0 0 4
165258173 173378572 227079929 726472566
789534745 0 0 3
28447601 803000370 803000370
424936116 0 0 3
165258173 791399544 165258173
875515027 1 0 1
643377508
614861071 0 0 4
165258173 165258173 643377508 28447601
88833777 1 0 2
643377508 791399544
608038625 0 0 5
726472566 726472566 643377508 165258173 227079929
742848707 0 0 4
227079929 181319633 791399544 791399544
897251594 1 0 4
181319633 227079929 643377508 181319633
976578419 0 0 1
643377508
229096214 0 0 1
165258173
544225128 0 0 5
791399544 19536104 28447601 19536104 803000370
518367139 1 0 4
726472566 19536104 28447601 181319633
104183621 1 0 4
165258173 726472566 791399544 181319633
741533925 1 0 3
227079929 181319633 173378572
305625509 1 0 1
803000370
675122896 1 0 4
165258173 165258173 726472566 173378572
335125731 1 0 3
28447601 181319633 181319633
752164873 1 0 3
28447601 19536104 227079929
800324155 0 0 2
165258173 227079929
377392200 0 0 4
165258173 803000370 165258173 227079929
141434523 0 0 3
28447601 28447601 726472566
182700570 0 0 3
165258173 181319633 726472566
804309826 1 0 5
181319633 165258173 165258173 643377508 165258173
270849576 1 0 4
726472566 173378572 227079929 227079929
543685040 1 0 1
803000370
45103884 0 0 5
173378572 227079929 791399544 643377508 726472566
18442711 0 0 4
181319633 643377508 791399544 791399544
551273615 0 0 4
726472566 803000370 19536104 643377508
422417191 1 0 1
803000370
75264207 0 0 2
643377508 165258173
80294552 1 0 5
165258173 19536104 19536104 165258173 803000370
185053967 0 0 3
227079929 19536104 173378572
18727432 1 0 5
19536104 181319633 181319633 643377508 173378572
549642447 1 0 3
19536104 165258173 791399544
819374894 0 0 4
28447601 173378572 726472566 28447601
621952744 1 0 1
643377508
135815849 0 0 4
643377508 181319633 181319633 726472566
727059145 1 0 5
173378572 19536104 19536104 643377508 165258173
871248257 0 0 3
19536104 227079929 791399544
838411934 0 0 3
643377508 173378572 28447601
876082275 1 0 1
726472566
204198535 1 0 4
643377508 165258173 173378572 791399544
654044428 1 0 4
227079929 181319633 803000370 726472566
514042795 0 0 3
726472566 726472566 791399544
753758854 1 0 5
181319633 803000370 165258173 726472566 181319633
223908483 0 0 2
19536104 791399544
708318917 1 0 3
173378572 28447601 227079929
135461744 1 0 3
173378572 28447601 803000370
431964674 1 0 4
181319633 181319633 726472566 726472566
980701764 0 0 3
19536104 643377508 227079929
949886126 1 0 5
181319633 227079929 165258173 791399544 181319633
