558
295747222 0 1 5
278717096 295009829 114130784 114130784 530889076
90262525 0 1 2
278717096 114130784
295747222 0 0 5
278717096 295009829 114130784 114130784 530889076
565260971 0 1 7
510653817 510653817 510653817 114130784 166465904 295009829 278717096
481930224 1 1 4
965558941 339383463 295009829 166465904
813699178 0 1 8
184026437 166465904 166465904 530889076 278717096 779945302 530889076 339383463
912390493 0 1 1
339383463
754891743 1 1 3
114130784 779945302 295009829
481930224 1 0 4
965558941 339383463 295009829 166465904
423074639 0 1 10
530889076 114130784 166465904 114130784 114130784 278717096 510653817 114130784 779945302 295009829
191454745 0 1 2
278717096 965558941
393791431 1 1 2
530889076 295009829
710832262 1 1 6
510653817 278717096 339383463 114130784 779945302 184026437
55609232 0 1 3
530889076 278717096 166465904
967715472 1 1 3
166465904 510653817 530889076
189295209 0 1 9
339383463 510653817 965558941 166465904 965558941 779945302 278717096 295009829 530889076
594173487 1 1 9
114130784 339383463 166465904 779945302 184026437 339383463 965558941 166465904 166465904
808265090 1 1 7
114130784 530889076 166465904 184026437 510653817 166465904 530889076
810118737 0 1 8
530889076 166465904 530889076 530889076 184026437 295009829 339383463 278717096
402080481 1 1 3
184026437 339383463 965558941
912031306 1 1 7
295009829 278717096 184026437 965558941 965558941 530889076 510653817
95593191 0 1 3
779945302 530889076 166465904
541777997 1 1 1
278717096
710832262 1 0 6
510653817 278717096 339383463 114130784 779945302 184026437
808265090 1 0 7
114130784 530889076 166465904 184026437 510653817 166465904 530889076
43264753 1 1 5
184026437 295009829 530889076 339383463 965558941
393791431 1 0 2
530889076 295009829
61152131 0 1 9
278717096 779945302 295009829 166465904 339383463 510653817 965558941 114130784 965558941
43264753 1 0 5
184026437 295009829 530889076 339383463 965558941
881161459 1 1 1
278717096
338274581 1 1 5
114130784 166465904 278717096 530889076 779945302
80134387 1 1 1
166465904
264566887 0 1 5
295009829 295009829 184026437 184026437 184026437
970736234 0 1 7
114130784 339383463 510653817 114130784 295009829 530889076 965558941
264160823 1 1 9
278717096 278717096 166465904 339383463 184026437 339383463 530889076 295009829 339383463
775220703 0 1 3
166465904 510653817 184026437
84867018 0 1 6
339383463 779945302 295009829 295009829 510653817 295009829
559908044 0 1 1
510653817
865483227 1 1 9
965558941 295009829 530889076 295009829 278717096 184026437 510653817 530889076 278717096
502644340 0 1 5
184026437 965558941 965558941 965558941 114130784
894354620 0 1 6
339383463 278717096 779945302 530889076 166465904 114130784
423074639 0 0 10
530889076 114130784 166465904 114130784 114130784 278717096 510653817 114130784 779945302 295009829
531698756 1 1 2
339383463 278717096
415034833 0 1 8
530889076 184026437 114130784 530889076 114130784 295009829 339383463 278717096
501762714 1 1 2
295009829 278717096
954773395 1 1 1
530889076
606489577 1 1 5
965558941 295009829 530889076 339383463 510653817
775220703 0 0 3
166465904 510653817 184026437
895554144 1 1 7
278717096 530889076 530889076 184026437 779945302 965558941 339383463
518122008 1 1 8
278717096 965558941 278717096 114130784 965558941 339383463 166465904 779945302
501762714 1 0 2
295009829 278717096
514615160 1 1 2
295009829 166465904
531698756 1 0 2
339383463 278717096
863269615 1 1 4
278717096 114130784 965558941 779945302
707417217 0 1 8
510653817 166465904 510653817 339383463 166465904 184026437 295009829 184026437
813699178 0 0 8
184026437 166465904 166465904 530889076 278717096 779945302 530889076 339383463
108788646 1 1 6
114130784 114130784 114130784 530889076 166465904 530889076
264160823 1 0 9
278717096 278717096 166465904 339383463 184026437 339383463 530889076 295009829 339383463
810118737 0 0 8
530889076 166465904 530889076 530889076 184026437 295009829 339383463 278717096
524051056 1 1 8
278717096 530889076 530889076 530889076 295009829 114130784 965558941 278717096
370052305 0 1 5
965558941 114130784 184026437 114130784 166465904
363385479 0 1 6
779945302 166465904 339383463 530889076 295009829 114130784
288598714 1 1 7
295009829 339383463 530889076 530889076 184026437 339383463 278717096
318161847 0 1 3
339383463 166465904 339383463
905163475 1 1 4
166465904 184026437 278717096 530889076
184379818 0 1 2
339383463 278717096
231830330 0 1 10
184026437 339383463 530889076 278717096 166465904 339383463 779945302 965558941 530889076 510653817
638841286 1 1 3
779945302 295009829 530889076
522654399 1 1 1
965558941
311964716 1 1 7
114130784 510653817 114130784 295009829 510653817 184026437 965558941
903408172 1 1 7
530889076 184026437 278717096 184026437 530889076 166465904 166465904
345906984 0 1 2
510653817 530889076
576125538 1 1 3
510653817 779945302 166465904
531145226 1 1 3
510653817 779945302 339383463
189295209 0 0 9
339383463 510653817 965558941 166465904 965558941 779945302 278717096 295009829 530889076
576125538 1 0 3
510653817 779945302 166465904
288598714 1 0 7
295009829 339383463 530889076 530889076 184026437 339383463 278717096
430774001 0 1 6
510653817 295009829 965558941 184026437 779945302 339383463
988549933 1 1 8
184026437 166465904 530889076 295009829 295009829 166465904 779945302 166465904
249144805 0 1 7
530889076 965558941 295009829 965558941 339383463 184026437 339383463
933418341 0 1 1
530889076
882904552 1 1 8
278717096 166465904 114130784 530889076 114130784 510653817 530889076 295009829
633359912 0 1 8
510653817 166465904 965558941 510653817 166465904 114130784 530889076 510653817
200969525 0 1 1
965558941
237183618 0 1 5
965558941 184026437 184026437 510653817 166465904
502644340 0 0 5
184026437 965558941 965558941 965558941 114130784
594173487 1 0 9
114130784 339383463 166465904 779945302 184026437 339383463 965558941 166465904 166465904
440649658 0 1 1
114130784
659975453 0 1 6
114130784 510653817 339383463 510653817 166465904 278717096
132737761 1 1 3
779945302 530889076 339383463
958771666 1 1 10
278717096 779945302 779945302 510653817 965558941 295009829 779945302 184026437 114130784 779945302
264566887 0 0 5
295009829 295009829 184026437 184026437 184026437
174590612 1 1 6
339383463 510653817 184026437 295009829 166465904 114130784
848523728 0 1 2
779945302 295009829
522654399 1 0 1
965558941
518705234 0 1 9
339383463 278717096 965558941 510653817 510653817 510653817 184026437 530889076 166465904
865483227 1 0 9
965558941 295009829 530889076 295009829 278717096 184026437 510653817 530889076 278717096
559908044 0 0 1
510653817
135895609 0 1 4
510653817 184026437 295009829 114130784
191454745 0 0 2
278717096 965558941
108788646 1 0 6
114130784 114130784 114130784 530889076 166465904 530889076
225091135 0 1 5
339383463 295009829 530889076 278717096 339383463
741273890 1 1 10
114130784 184026437 530889076 114130784 530889076 530889076 965558941 278717096 295009829 166465904
499281087 0 1 10
965558941 965558941 510653817 166465904 184026437 114130784 510653817 184026437 278717096 166465904
513689848 1 1 2
166465904 278717096
415034833 0 0 8
530889076 184026437 114130784 530889076 114130784 295009829 339383463 278717096
59435736 1 1 5
779945302 510653817 965558941 184026437 278717096
256960914 1 1 4
278717096 339383463 166465904 295009829
698069666 1 1 1
339383463
291266065 0 1 4
339383463 114130784 965558941 295009829
895802199 1 1 2
114130784 339383463
73240416 1 1 7
184026437 339383463 278717096 184026437 295009829 184026437 339383463
603230780 0 1 8
339383463 278717096 278717096 965558941 295009829 339383463 965558941 278717096
651726722 1 1 2
278717096 965558941
419147399 0 1 4
184026437 295009829 166465904 114130784
31872669 0 1 5
339383463 339383463 184026437 114130784 184026437
35388299 1 1 5
184026437 278717096 779945302 278717096 295009829
702437752 0 1 7
278717096 510653817 184026437 278717096 114130784 779945302 166465904
20422602 0 1 8
510653817 530889076 114130784 166465904 114130784 965558941 510653817 510653817
284533103 0 1 4
278717096 965558941 278717096 295009829
488372444 1 1 7
278717096 530889076 166465904 278717096 295009829 166465904 339383463
755843505 0 1 7
114130784 530889076 166465904 114130784 339383463 530889076 295009829
59435736 1 0 5
779945302 510653817 965558941 184026437 278717096
917893015 1 1 10
779945302 166465904 965558941 114130784 114130784 278717096 339383463 184026437 278717096 184026437
689341968 0 1 3
779945302 530889076 510653817
993027122 0 1 8
530889076 114130784 184026437 510653817 530889076 339383463 965558941 779945302
211059024 0 1 10
779945302 965558941 530889076 184026437 278717096 166465904 184026437 166465904 339383463 278717096
201833772 1 1 3
530889076 339383463 114130784
978281235 0 1 6
295009829 184026437 166465904 339383463 184026437 965558941
22347041 1 1 8
295009829 779945302 114130784 114130784 114130784 166465904 510653817 339383463
376424383 1 1 7
295009829 779945302 278717096 114130784 278717096 184026437 295009829
826804962 0 1 8
184026437 184026437 166465904 965558941 114130784 339383463 295009829 779945302
541052274 1 1 1
965558941
364836343 1 1 1
510653817
51896096 0 1 10
779945302 965558941 166465904 166465904 965558941 530889076 779945302 510653817 510653817 510653817
134842515 0 1 6
114130784 965558941 114130784 510653817 530889076 166465904
864117430 1 1 7
184026437 965558941 278717096 510653817 166465904 278717096 278717096
499281087 0 0 10
965558941 965558941 510653817 166465904 184026437 114130784 510653817 184026437 278717096 166465904
418102296 1 1 3
278717096 278717096 965558941
194278251 1 1 10
295009829 184026437 184026437 339383463 510653817 779945302 339383463 779945302 339383463 965558941
121078343 0 1 9
339383463 278717096 114130784 779945302 339383463 965558941 166465904 295009829 278717096
968688313 0 1 3
779945302 510653817 295009829
338060667 1 1 6
339383463 530889076 166465904 779945302 779945302 339383463
988549933 1 0 8
184026437 166465904 530889076 295009829 295009829 166465904 779945302 166465904
869396893 0 1 5
295009829 166465904 184026437 166465904 278717096
41928728 1 1 8
295009829 530889076 295009829 295009829 278717096 965558941 339383463 530889076
941291447 1 1 3
530889076 278717096 779945302
521123614 0 1 9
184026437 278717096 166465904 114130784 339383463 114130784 166465904 114130784 779945302
225091135 0 0 5
339383463 295009829 530889076 278717096 339383463
313592478 0 1 3
295009829 295009829 779945302
825680467 1 1 1
295009829
556511912 0 1 6
530889076 339383463 166465904 965558941 278717096 339383463
16030229 0 1 8
510653817 530889076 510653817 166465904 779945302 166465904 530889076 530889076
698619420 1 1 7
779945302 510653817 114130784 166465904 166465904 779945302 166465904
693561367 1 1 9
166465904 339383463 965558941 510653817 295009829 295009829 295009829 339383463 779945302
356919024 0 1 2
278717096 510653817
306979277 1 1 4
779945302 114130784 510653817 339383463
463970733 1 1 5
965558941 295009829 278717096 184026437 339383463
46260991 1 1 9
965558941 114130784 184026437 166465904 339383463 278717096 510653817 510653817 339383463
152522750 0 1 3
965558941 278717096 510653817
675029756 0 1 10
530889076 114130784 184026437 166465904 295009829 510653817 114130784 779945302 779945302 295009829
100611114 1 1 2
166465904 295009829
130803984 0 1 6
510653817 114130784 166465904 339383463 965558941 530889076
697376797 0 1 7
166465904 965558941 530889076 166465904 779945302 166465904 295009829
477035496 0 1 2
965558941 779945302
73240416 1 0 7
184026437 339383463 278717096 184026437 295009829 184026437 339383463
810125297 1 1 8
779945302 166465904 184026437 339383463 166465904 510653817 510653817 114130784
90945422 0 1 6
779945302 965558941 278717096 184026437 779945302 779945302
841871839 1 1 10
530889076 530889076 339383463 510653817 295009829 339383463 339383463 166465904 184026437 510653817
518122008 1 0 8
278717096 965558941 278717096 114130784 965558941 339383463 166465904 779945302
714537745 0 1 1
965558941
659975453 0 0 6
114130784 510653817 339383463 510653817 166465904 278717096
225787937 1 1 2
295009829 184026437
558505620 1 1 6
166465904 166465904 166465904 339383463 114130784 510653817
968688313 0 0 3
779945302 510653817 295009829
132640040 1 1 1
295009829
420066187 1 1 10
166465904 166465904 965558941 184026437 339383463 295009829 339383463 295009829 510653817 295009829
532100314 0 1 3
278717096 339383463 184026437
953844704 0 1 10
510653817 779945302 965558941 339383463 114130784 779945302 295009829 965558941 965558941 779945302
758126853 1 1 3
965558941 166465904 114130784
254013558 1 1 2
510653817 184026437
848289783 1 1 5
114130784 114130784 510653817 779945302 530889076
551934651 0 1 4
779945302 965558941 510653817 184026437
775137171 1 1 9
114130784 184026437 530889076 965558941 339383463 510653817 530889076 965558941 295009829
14398612 0 1 5
114130784 278717096 295009829 530889076 114130784
230131470 0 1 9
184026437 530889076 184026437 295009829 339383463 510653817 295009829 965558941 510653817
184165434 0 1 8
295009829 184026437 510653817 530889076 510653817 779945302 114130784 965558941
702437752 0 0 7
278717096 510653817 184026437 278717096 114130784 779945302 166465904
30428841 0 1 1
184026437
928750889 1 1 4
184026437 339383463 510653817 530889076
877726800 1 1 6
278717096 166465904 295009829 779945302 779945302 339383463
239864216 1 1 4
184026437 295009829 114130784 779945302
22347041 1 0 8
295009829 779945302 114130784 114130784 114130784 166465904 510653817 339383463
235730165 0 1 9
530889076 114130784 530889076 114130784 166465904 295009829 965558941 166465904 278717096
184379818 0 0 2
339383463 278717096
194213884 0 1 2
510653817 965558941
138641559 1 1 7
779945302 530889076 278717096 184026437 295009829 184026437 184026437
388252915 1 1 9
295009829 779945302 114130784 278717096 779945302 295009829 530889076 114130784 278717096
869243640 1 1 10
295009829 166465904 166465904 779945302 295009829 530889076 114130784 965558941 965558941 510653817
239252672 0 1 6
965558941 510653817 339383463 510653817 339383463 295009829
371573250 1 1 3
295009829 779945302 779945302
566620436 1 1 9
779945302 278717096 184026437 965558941 166465904 965558941 184026437 184026437 779945302
716288168 1 1 10
184026437 278717096 965558941 166465904 295009829 965558941 114130784 965558941 530889076 339383463
181698547 0 1 5
278717096 339383463 339383463 965558941 339383463
603230780 0 0 8
339383463 278717096 278717096 965558941 295009829 339383463 965558941 278717096
657565857 1 1 10
278717096 278717096 510653817 779945302 965558941 965558941 779945302 278717096 965558941 114130784
410676358 1 1 3
166465904 779945302 510653817
896236291 0 1 5
339383463 295009829 510653817 184026437 166465904
883353793 1 1 4
530889076 184026437 779945302 779945302
514615160 1 0 2
295009829 166465904
821698329 0 1 9
166465904 965558941 965558941 530889076 779945302 779945302 184026437 339383463 530889076
881392682 1 1 9
965558941 339383463 295009829 339383463 114130784 114130784 295009829 114130784 166465904
155936331 0 1 4
114130784 184026437 339383463 779945302
206314994 1 1 7
114130784 530889076 184026437 166465904 295009829 779945302 166465904
687753737 1 1 2
530889076 965558941
766579536 1 1 7
530889076 184026437 530889076 278717096 779945302 114130784 339383463
460328551 0 1 2
166465904 779945302
698069666 1 0 1
339383463
256960914 1 0 4
278717096 339383463 166465904 295009829
536043519 1 1 1
965558941
171030538 1 1 5
965558941 965558941 530889076 779945302 965558941
87982073 1 1 9
510653817 295009829 184026437 184026437 184026437 295009829 339383463 965558941 184026437
550442130 0 1 10
114130784 510653817 278717096 779945302 530889076 530889076 510653817 779945302 530889076 530889076
401162007 0 1 9
114130784 166465904 114130784 339383463 184026437 510653817 278717096 339383463 184026437
754891743 1 0 3
114130784 779945302 295009829
272147506 1 1 1
339383463
201833772 1 0 3
530889076 339383463 114130784
741273890 1 0 10
114130784 184026437 530889076 114130784 530889076 530889076 965558941 278717096 295009829 166465904
433387322 0 1 10
779945302 295009829 530889076 510653817 295009829 295009829 114130784 184026437 295009829 965558941
329912896 0 1 2
278717096 278717096
2390658 0 1 3
166465904 166465904 166465904
673251538 0 1 6
114130784 339383463 779945302 965558941 339383463 295009829
418159412 0 1 9
184026437 510653817 339383463 295009829 184026437 965558941 510653817 278717096 510653817
196604541 1 1 1
295009829
811893096 0 1 8
510653817 114130784 166465904 779945302 510653817 114130784 184026437 965558941
806412326 0 1 4
965558941 295009829 166465904 114130784
65848180 0 1 2
184026437 339383463
51145767 1 1 3
295009829 510653817 779945302
30501928 1 1 1
510653817
484984967 1 1 8
184026437 510653817 530889076 779945302 530889076 510653817 339383463 779945302
619950286 0 1 2
510653817 530889076
212200474 1 1 7
965558941 166465904 965558941 510653817 114130784 166465904 114130784
995067176 1 1 3
114130784 278717096 530889076
766579536 1 0 7
530889076 184026437 530889076 278717096 779945302 114130784 339383463
883142995 1 1 2
166465904 530889076
960953116 1 1 10
965558941 295009829 184026437 779945302 114130784 114130784 166465904 339383463 779945302 510653817
730937320 0 1 5
965558941 166465904 166465904 166465904 295009829
704841323 0 1 5
530889076 779945302 965558941 339383463 184026437
41928728 1 0 8
295009829 530889076 295009829 295009829 278717096 965558941 339383463 530889076
694862149 0 1 6
530889076 530889076 295009829 779945302 779945302 278717096
886873651 0 1 9
295009829 114130784 339383463 166465904 295009829 114130784 278717096 510653817 530889076
911156316 0 1 2
278717096 530889076
382615885 1 1 4
166465904 965558941 530889076 339383463
505969538 1 1 10
339383463 114130784 530889076 166465904 114130784 510653817 166465904 339383463 114130784 184026437
224001218 1 1 9
114130784 295009829 295009829 965558941 779945302 779945302 295009829 295009829 965558941
771175755 0 1 6
166465904 295009829 184026437 530889076 779945302 779945302
677000075 1 1 5
166465904 166465904 339383463 510653817 114130784
311983290 1 1 7
779945302 530889076 530889076 339383463 965558941 114130784 510653817
174134236 1 1 4
114130784 530889076 278717096 166465904
78162082 1 1 5
779945302 965558941 339383463 530889076 510653817
584130796 0 1 4
278717096 278717096 339383463 166465904
607521558 1 1 3
530889076 184026437 166465904
260591329 0 1 5
295009829 295009829 510653817 166465904 278717096
439037805 0 1 2
530889076 184026437
541052274 1 0 1
965558941
133289447 0 1 9
510653817 339383463 278717096 510653817 779945302 779945302 184026437 779945302 114130784
678750740 0 1 4
339383463 779945302 278717096 510653817
635642345 1 1 3
114130784 510653817 530889076
797698894 0 1 3
965558941 166465904 166465904
911156316 0 0 2
278717096 530889076
337679418 0 1 3
779945302 530889076 114130784
554006877 1 1 1
278717096
701361012 1 1 5
779945302 530889076 339383463 184026437 530889076
410676358 1 0 3
166465904 779945302 510653817
368181345 0 1 2
184026437 295009829
891508195 1 1 2
295009829 295009829
173827650 1 1 8
530889076 184026437 510653817 278717096 278717096 278717096 339383463 339383463
580381818 0 1 9
295009829 114130784 184026437 114130784 510653817 779945302 166465904 295009829 510653817
886575370 1 1 4
184026437 965558941 779945302 278717096
56970644 0 1 3
295009829 278717096 965558941
393851285 0 1 3
166465904 530889076 166465904
470029042 0 1 5
166465904 295009829 965558941 530889076 339383463
614328319 0 1 6
278717096 114130784 530889076 295009829 510653817 510653817
88713433 1 1 5
779945302 295009829 184026437 779945302 166465904
209419044 1 1 9
779945302 530889076 339383463 510653817 184026437 510653817 166465904 295009829 339383463
378000986 1 1 3
295009829 339383463 339383463
714537745 0 0 1
965558941
440649658 0 0 1
114130784
323845669 0 1 5
530889076 278717096 339383463 278717096 166465904
715388581 0 1 3
510653817 295009829 278717096
602002204 1 1 8
278717096 530889076 510653817 184026437 184026437 965558941 965558941 965558941
95021423 1 1 9
114130784 965558941 779945302 339383463 166465904 278717096 184026437 184026437 339383463
392388655 1 1 8
278717096 295009829 530889076 295009829 530889076 339383463 779945302 166465904
913985493 1 1 4
339383463 965558941 779945302 779945302
132737761 1 0 3
779945302 530889076 339383463
269155658 1 1 3
278717096 530889076 779945302
323067088 0 1 4
184026437 166465904 779945302 166465904
350632640 0 1 10
114130784 114130784 295009829 779945302 295009829 278717096 278717096 510653817 295009829 295009829
729193567 1 1 7
965558941 965558941 339383463 166465904 295009829 339383463 339383463
583658416 0 1 8
530889076 295009829 295009829 166465904 184026437 510653817 530889076 510653817
789670444 1 1 5
184026437 278717096 166465904 114130784 510653817
862483013 1 1 6
278717096 965558941 779945302 339383463 295009829 965558941
262409156 1 1 6
114130784 339383463 166465904 530889076 530889076 184026437
277829141 1 1 8
510653817 530889076 114130784 530889076 114130784 779945302 530889076 779945302
512698258 0 1 6
114130784 965558941 510653817 278717096 184026437 339383463
600088573 0 1 10
965558941 530889076 114130784 530889076 965558941 779945302 295009829 965558941 184026437 510653817
831836017 0 1 6
114130784 339383463 530889076 779945302 184026437 965558941
214059270 0 1 9
530889076 779945302 779945302 530889076 295009829 510653817 965558941 166465904 278717096
968269917 1 1 10
278717096 295009829 530889076 295009829 166465904 166465904 295009829 166465904 965558941 965558941
90945422 0 0 6
779945302 965558941 278717096 184026437 779945302 779945302
575860563 0 1 10
779945302 510653817 184026437 965558941 166465904 779945302 510653817 510653817 779945302 339383463
387886919 0 1 8
184026437 184026437 114130784 278717096 166465904 530889076 779945302 510653817
401168086 0 1 3
965558941 114130784 779945302
314952285 1 1 10
510653817 114130784 510653817 510653817 339383463 339383463 779945302 339383463 339383463 339383463
297373914 0 1 2
295009829 779945302
795019370 0 1 9
530889076 339383463 184026437 530889076 339383463 339383463 184026437 779945302 965558941
784981326 1 1 5
530889076 779945302 530889076 295009829 779945302
911702232 1 1 3
114130784 339383463 779945302
736249154 0 1 10
965558941 510653817 278717096 510653817 114130784 184026437 278717096 510653817 339383463 530889076
994400369 0 1 2
965558941 184026437
289703218 0 1 3
779945302 278717096 184026437
194213884 0 0 2
510653817 965558941
60094822 0 1 10
530889076 510653817 965558941 779945302 278717096 339383463 510653817 278717096 295009829 184026437
709788949 1 1 3
510653817 965558941 166465904
891705421 1 1 2
114130784 114130784
7632596 0 1 5
530889076 339383463 278717096 339383463 965558941
954693955 0 1 1
965558941
905163475 1 0 4
166465904 184026437 278717096 530889076
658207265 1 1 4
339383463 339383463 779945302 295009829
297373914 0 0 2
295009829 779945302
276788253 0 1 1
166465904
687753737 1 0 2
530889076 965558941
277761043 1 1 8
114130784 339383463 278717096 278717096 166465904 295009829 278717096 530889076
673251538 0 0 6
114130784 339383463 779945302 965558941 339383463 295009829
8839905 1 1 3
965558941 779945302 278717096
580381818 0 0 9
295009829 114130784 184026437 114130784 510653817 779945302 166465904 295009829 510653817
152522750 0 0 3
965558941 278717096 510653817
235730165 0 0 9
530889076 114130784 530889076 114130784 166465904 295009829 965558941 166465904 278717096
862483013 1 0 6
278717096 965558941 779945302 339383463 295009829 965558941
5981820 1 1 1
965558941
262409156 1 0 6
114130784 339383463 166465904 530889076 530889076 184026437
65848180 0 0 2
184026437 339383463
378000986 1 0 3
295009829 339383463 339383463
821698329 0 0 9
166465904 965558941 965558941 530889076 779945302 779945302 184026437 339383463 530889076
678750740 0 0 4
339383463 779945302 278717096 510653817
675029756 0 0 10
530889076 114130784 184026437 166465904 295009829 510653817 114130784 779945302 779945302 295009829
173827650 1 0 8
530889076 184026437 510653817 278717096 278717096 278717096 339383463 339383463
46260991 1 0 9
965558941 114130784 184026437 166465904 339383463 278717096 510653817 510653817 339383463
88713433 1 0 5
779945302 295009829 184026437 779945302 166465904
130803984 0 0 6
510653817 114130784 166465904 339383463 965558941 530889076
2390658 0 0 3
166465904 166465904 166465904
512698258 0 0 6
114130784 965558941 510653817 278717096 184026437 339383463
206314994 1 0 7
114130784 530889076 184026437 166465904 295009829 779945302 166465904
881392682 1 0 9
965558941 339383463 295009829 339383463 114130784 114130784 295009829 114130784 166465904
338274581 1 0 5
114130784 166465904 278717096 530889076 779945302
135895609 0 0 4
510653817 184026437 295009829 114130784
254013558 1 0 2
510653817 184026437
484984967 1 0 8
184026437 510653817 530889076 779945302 530889076 510653817 339383463 779945302
541777997 1 0 1
278717096
558505620 1 0 6
166465904 166465904 166465904 339383463 114130784 510653817
51145767 1 0 3
295009829 510653817 779945302
78162082 1 0 5
779945302 965558941 339383463 530889076 510653817
463970733 1 0 5
965558941 295009829 278717096 184026437 339383463
370052305 0 0 5
965558941 114130784 184026437 114130784 166465904
260591329 0 0 5
295009829 295009829 510653817 166465904 278717096
715388581 0 0 3
510653817 295009829 278717096
272147506 1 0 1
339383463
184165434 0 0 8
295009829 184026437 510653817 530889076 510653817 779945302 114130784 965558941
883142995 1 0 2
166465904 530889076
556511912 0 0 6
530889076 339383463 166465904 965558941 278717096 339383463
896236291 0 0 5
339383463 295009829 510653817 184026437 166465904
231830330 0 0 10
184026437 339383463 530889076 278717096 166465904 339383463 779945302 965558941 530889076 510653817
894354620 0 0 6
339383463 278717096 779945302 530889076 166465904 114130784
313592478 0 0 3
295009829 295009829 779945302
518705234 0 0 9
339383463 278717096 965558941 510653817 510653817 510653817 184026437 530889076 166465904
460328551 0 0 2
166465904 779945302
968269917 1 0 10
278717096 295009829 530889076 295009829 166465904 166465904 295009829 166465904 965558941 965558941
841871839 1 0 10
530889076 530889076 339383463 510653817 295009829 339383463 339383463 166465904 184026437 510653817
736249154 0 0 10
965558941 510653817 278717096 510653817 114130784 184026437 278717096 510653817 339383463 530889076
311983290 1 0 7
779945302 530889076 530889076 339383463 965558941 114130784 510653817
356919024 0 0 2
278717096 510653817
831836017 0 0 6
114130784 339383463 530889076 779945302 184026437 965558941
212200474 1 0 7
965558941 166465904 965558941 510653817 114130784 166465904 114130784
903408172 1 0 7
530889076 184026437 278717096 184026437 530889076 166465904 166465904
784981326 1 0 5
530889076 779945302 530889076 295009829 779945302
811893096 0 0 8
510653817 114130784 166465904 779945302 510653817 114130784 184026437 965558941
439037805 0 0 2
530889076 184026437
883353793 1 0 4
530889076 184026437 779945302 779945302
306979277 1 0 4
779945302 114130784 510653817 339383463
531145226 1 0 3
510653817 779945302 339383463
323067088 0 0 4
184026437 166465904 779945302 166465904
913985493 1 0 4
339383463 965558941 779945302 779945302
90262525 0 0 2
278717096 114130784
953844704 0 0 10
510653817 779945302 965558941 339383463 114130784 779945302 295009829 965558941 965558941 779945302
524051056 1 0 8
278717096 530889076 530889076 530889076 295009829 114130784 965558941 278717096
928750889 1 0 4
184026437 339383463 510653817 530889076
95593191 0 0 3
779945302 530889076 166465904
200969525 0 0 1
965558941
954773395 1 0 1
530889076
8839905 1 0 3
965558941 779945302 278717096
337679418 0 0 3
779945302 530889076 114130784
607521558 1 0 3
530889076 184026437 166465904
600088573 0 0 10
965558941 530889076 114130784 530889076 965558941 779945302 295009829 965558941 184026437 510653817
891508195 1 0 2
295009829 295009829
95021423 1 0 9
114130784 965558941 779945302 339383463 166465904 278717096 184026437 184026437 339383463
658207265 1 0 4
339383463 339383463 779945302 295009829
174134236 1 0 4
114130784 530889076 278717096 166465904
566620436 1 0 9
779945302 278717096 184026437 965558941 166465904 965558941 184026437 184026437 779945302
954693955 0 0 1
965558941
132640040 1 0 1
295009829
657565857 1 0 10
278717096 278717096 510653817 779945302 965558941 965558941 779945302 278717096 965558941 114130784
795019370 0 0 9
530889076 339383463 184026437 530889076 339383463 339383463 184026437 779945302 965558941
30501928 1 0 1
510653817
881161459 1 0 1
278717096
420066187 1 0 10
166465904 166465904 965558941 184026437 339383463 295009829 339383463 295009829 510653817 295009829
338060667 1 0 6
339383463 530889076 166465904 779945302 779945302 339383463
912390493 0 0 1
339383463
633359912 0 0 8
510653817 166465904 965558941 510653817 166465904 114130784 530889076 510653817
960953116 1 0 10
965558941 295009829 184026437 779945302 114130784 114130784 166465904 339383463 779945302 510653817
755843505 0 0 7
114130784 530889076 166465904 114130784 339383463 530889076 295009829
433387322 0 0 10
779945302 295009829 530889076 510653817 295009829 295009829 114130784 184026437 295009829 965558941
249144805 0 0 7
530889076 965558941 295009829 965558941 339383463 184026437 339383463
14398612 0 0 5
114130784 278717096 295009829 530889076 114130784
551934651 0 0 4
779945302 965558941 510653817 184026437
797698894 0 0 3
965558941 166465904 166465904
174590612 1 0 6
339383463 510653817 184026437 295009829 166465904 114130784
51896096 0 0 10
779945302 965558941 166465904 166465904 965558941 530889076 779945302 510653817 510653817 510653817
789670444 1 0 5
184026437 278717096 166465904 114130784 510653817
171030538 1 0 5
965558941 965558941 530889076 779945302 965558941
993027122 0 0 8
530889076 114130784 184026437 510653817 530889076 339383463 965558941 779945302
677000075 1 0 5
166465904 166465904 339383463 510653817 114130784
418102296 1 0 3
278717096 278717096 965558941
224001218 1 0 9
114130784 295009829 295009829 965558941 779945302 779945302 295009829 295009829 965558941
30428841 0 0 1
184026437
967715472 1 0 3
166465904 510653817 530889076
758126853 1 0 3
965558941 166465904 114130784
371573250 1 0 3
295009829 779945302 779945302
825680467 1 0 1
295009829
269155658 1 0 3
278717096 530889076 779945302
100611114 1 0 2
166465904 295009829
345906984 0 0 2
510653817 530889076
709788949 1 0 3
510653817 965558941 166465904
382615885 1 0 4
166465904 965558941 530889076 339383463
505969538 1 0 10
339383463 114130784 530889076 166465904 114130784 510653817 166465904 339383463 114130784 184026437
602002204 1 0 8
278717096 530889076 510653817 184026437 184026437 965558941 965558941 965558941
583658416 0 0 8
530889076 295009829 295009829 166465904 184026437 510653817 530889076 510653817
651726722 1 0 2
278717096 965558941
694862149 0 0 6
530889076 530889076 295009829 779945302 779945302 278717096
237183618 0 0 5
965558941 184026437 184026437 510653817 166465904
402080481 1 0 3
184026437 339383463 965558941
941291447 1 0 3
530889076 278717096 779945302
848523728 0 0 2
779945302 295009829
56970644 0 0 3
295009829 278717096 965558941
35388299 1 0 5
184026437 278717096 779945302 278717096 295009829
707417217 0 0 8
510653817 166465904 510653817 339383463 166465904 184026437 295009829 184026437
138641559 1 0 7
779945302 530889076 278717096 184026437 295009829 184026437 184026437
554006877 1 0 1
278717096
638841286 1 0 3
779945302 295009829 530889076
401162007 0 0 9
114130784 166465904 114130784 339383463 184026437 510653817 278717096 339383463 184026437
387886919 0 0 8
184026437 184026437 114130784 278717096 166465904 530889076 779945302 510653817
80134387 1 0 1
166465904
314952285 1 0 10
510653817 114130784 510653817 510653817 339383463 339383463 779945302 339383463 339383463 339383463
848289783 1 0 5
114130784 114130784 510653817 779945302 530889076
60094822 0 0 10
530889076 510653817 965558941 779945302 278717096 339383463 510653817 278717096 295009829 184026437
716288168 1 0 10
184026437 278717096 965558941 166465904 295009829 965558941 114130784 965558941 530889076 339383463
311964716 1 0 7
114130784 510653817 114130784 295009829 510653817 184026437 965558941
7632596 0 0 5
530889076 339383463 278717096 339383463 965558941
701361012 1 0 5
779945302 530889076 339383463 184026437 530889076
704841323 0 0 5
530889076 779945302 965558941 339383463 184026437
550442130 0 0 10
114130784 510653817 278717096 779945302 530889076 530889076 510653817 779945302 530889076 530889076
863269615 1 0 4
278717096 114130784 965558941 779945302
958771666 1 0 10
278717096 779945302 779945302 510653817 965558941 295009829 779945302 184026437 114130784 779945302
392388655 1 0 8
278717096 295009829 530889076 295009829 530889076 339383463 779945302 166465904
864117430 1 0 7
184026437 965558941 278717096 510653817 166465904 278717096 278717096
155936331 0 0 4
114130784 184026437 339383463 779945302
635642345 1 0 3
114130784 510653817 530889076
869396893 0 0 5
295009829 166465904 184026437 166465904 278717096
61152131 0 0 9
278717096 779945302 295009829 166465904 339383463 510653817 965558941 114130784 965558941
225787937 1 0 2
295009829 184026437
134842515 0 0 6
114130784 965558941 114130784 510653817 530889076 166465904
521123614 0 0 9
184026437 278717096 166465904 114130784 339383463 114130784 166465904 114130784 779945302
697376797 0 0 7
166465904 965558941 530889076 166465904 779945302 166465904 295009829
284533103 0 0 4
278717096 965558941 278717096 295009829
994400369 0 0 2
965558941 184026437
277829141 1 0 8
510653817 530889076 114130784 530889076 114130784 779945302 530889076 779945302
84867018 0 0 6
339383463 779945302 295009829 295009829 510653817 295009829
209419044 1 0 9
779945302 530889076 339383463 510653817 184026437 510653817 166465904 295009829 339383463
698619420 1 0 7
779945302 510653817 114130784 166465904 166465904 779945302 166465904
729193567 1 0 7
965558941 965558941 339383463 166465904 295009829 339383463 339383463
912031306 1 0 7
295009829 278717096 184026437 965558941 965558941 530889076 510653817
536043519 1 0 1
965558941
368181345 0 0 2
184026437 295009829
606489577 1 0 5
965558941 295009829 530889076 339383463 510653817
277761043 1 0 8
114130784 339383463 278717096 278717096 166465904 295009829 278717096 530889076
329912896 0 0 2
278717096 278717096
565260971 0 0 7
510653817 510653817 510653817 114130784 166465904 295009829 278717096
995067176 1 0 3
114130784 278717096 530889076
895554144 1 0 7
278717096 530889076 530889076 184026437 779945302 965558941 339383463
886575370 1 0 4
184026437 965558941 779945302 278717096
181698547 0 0 5
278717096 339383463 339383463 965558941 339383463
401168086 0 0 3
965558941 114130784 779945302
488372444 1 0 7
278717096 530889076 166465904 278717096 295009829 166465904 339383463
239252672 0 0 6
965558941 510653817 339383463 510653817 339383463 295009829
584130796 0 0 4
278717096 278717096 339383463 166465904
978281235 0 0 6
295009829 184026437 166465904 339383463 184026437 965558941
891705421 1 0 2
114130784 114130784
388252915 1 0 9
295009829 779945302 114130784 278717096 779945302 295009829 530889076 114130784 278717096
882904552 1 0 8
278717096 166465904 114130784 530889076 114130784 510653817 530889076 295009829
895802199 1 0 2
114130784 339383463
911702232 1 0 3
114130784 339383463 779945302
364836343 1 0 1
510653817
933418341 0 0 1
530889076
430774001 0 0 6
510653817 295009829 965558941 184026437 779945302 339383463
350632640 0 0 10
114130784 114130784 295009829 779945302 295009829 278717096 278717096 510653817 295009829 295009829
810125297 1 0 8
779945302 166465904 184026437 339383463 166465904 510653817 510653817 114130784
289703218 0 0 3
779945302 278717096 184026437
239864216 1 0 4
184026437 295009829 114130784 779945302
196604541 1 0 1
295009829
877726800 1 0 6
278717096 166465904 295009829 779945302 779945302 339383463
393851285 0 0 3
166465904 530889076 166465904
376424383 1 0 7
295009829 779945302 278717096 114130784 278717096 184026437 295009829
276788253 0 0 1
166465904
869243640 1 0 10
295009829 166465904 166465904 779945302 295009829 530889076 114130784 965558941 965558941 510653817
20422602 0 0 8
510653817 530889076 114130784 166465904 114130784 965558941 510653817 510653817
693561367 1 0 9
166465904 339383463 965558941 510653817 295009829 295009829 295009829 339383463 779945302
470029042 0 0 5
166465904 295009829 965558941 530889076 339383463
917893015 1 0 10
779945302 166465904 965558941 114130784 114130784 278717096 339383463 184026437 278717096 184026437
318161847 0 0 3
339383463 166465904 339383463
775137171 1 0 9
114130784 184026437 530889076 965558941 339383463 510653817 530889076 965558941 295009829
87982073 1 0 9
510653817 295009829 184026437 184026437 184026437 295009829 339383463 965558941 184026437
477035496 0 0 2
965558941 779945302
419147399 0 0 4
184026437 295009829 166465904 114130784
133289447 0 0 9
510653817 339383463 278717096 510653817 779945302 779945302 184026437 779945302 114130784
194278251 1 0 10
295009829 184026437 184026437 339383463 510653817 779945302 339383463 779945302 339383463 965558941
689341968 0 0 3
779945302 530889076 510653817
513689848 1 0 2
166465904 278717096
970736234 0 0 7
114130784 339383463 510653817 114130784 295009829 530889076 965558941
16030229 0 0 8
510653817 530889076 510653817 166465904 779945302 166465904 530889076 530889076
5981820 1 0 1
965558941
323845669 0 0 5
530889076 278717096 339383463 278717096 166465904
55609232 0 0 3
530889076 278717096 166465904
230131470 0 0 9
184026437 530889076 184026437 295009829 339383463 510653817 295009829 965558941 510653817
363385479 0 0 6
779945302 166465904 339383463 530889076 295009829 114130784
211059024 0 0 10
779945302 965558941 530889076 184026437 278717096 166465904 184026437 166465904 339383463 278717096
532100314 0 0 3
278717096 339383463 184026437
806412326 0 0 4
965558941 295009829 166465904 114130784
291266065 0 0 4
339383463 114130784 965558941 295009829
121078343 0 0 9
339383463 278717096 114130784 779945302 339383463 965558941 166465904 295009829 278717096
418159412 0 0 9
184026437 510653817 339383463 295009829 184026437 965558941 510653817 278717096 510653817
730937320 0 0 5
965558941 166465904 166465904 166465904 295009829
575860563 0 0 10
779945302 510653817 184026437 965558941 166465904 779945302 510653817 510653817 779945302 339383463
826804962 0 0 8
184026437 184026437 166465904 965558941 114130784 339383463 295009829 779945302
771175755 0 0 6
166465904 295009829 184026437 530889076 779945302 779945302
31872669 0 0 5
339383463 339383463 184026437 114130784 184026437
886873651 0 0 9
295009829 114130784 339383463 166465904 295009829 114130784 278717096 510653817 530889076
619950286 0 0 2
510653817 530889076
214059270 0 0 9
530889076 779945302 779945302 530889076 295009829 510653817 965558941 166465904 278717096
614328319 0 0 6
278717096 114130784 530889076 295009829 510653817 510653817
