114
496038413 0 1 31
340285449 907765346 988741151 977052360 977052360 969536305 686420244 251813733 751500828 839835249 988741151 969536305 988741151 686420244 969536305 620154181 839835249 988741151 988741151 977052360 620154181 251813733 907765346 977052360 969536305 907765346 977052360 620154181 340285449 751500828 620154181
870417879 1 1 32
839835249 839835249 988741151 340285449 340285449 969536305 988741151 988741151 907765346 251813733 340285449 751500828 969536305 988741151 969536305 251813733 907765346 751500828 907765346 977052360 340285449 686420244 969536305 977052360 988741151 988741151 251813733 340285449 686420244 969536305 988741151 751500828
775972108 0 1 22
907765346 839835249 251813733 340285449 251813733 907765346 969536305 977052360 977052360 620154181 969536305 251813733 751500828 969536305 839835249 340285449 907765346 751500828 969536305 907765346 907765346 251813733
775972108 0 0 22
907765346 839835249 251813733 340285449 251813733 907765346 969536305 977052360 977052360 620154181 969536305 251813733 751500828 969536305 839835249 340285449 907765346 751500828 969536305 907765346 907765346 251813733
162223880 0 1 18
340285449 686420244 340285449 251813733 751500828 251813733 751500828 251813733 988741151 839835249 620154181 839835249 977052360 340285449 340285449 977052360 969536305 988741151
179849118 0 1 33
969536305 969536305 977052360 969536305 686420244 988741151 751500828 988741151 988741151 686420244 620154181 751500828 251813733 907765346 751500828 907765346 988741151 977052360 977052360 686420244 620154181 839835249 620154181 620154181 969536305 620154181 751500828 251813733 988741151 251813733 969536305 251813733 969536305
198675124 0 1 39
988741151 839835249 988741151 686420244 251813733 839835249 977052360 686420244 620154181 251813733 839835249 839835249 251813733 839835249 251813733 969536305 907765346 907765346 977052360 977052360 751500828 251813733 686420244 907765346 251813733 977052360 907765346 751500828 977052360 620154181 751500828 907765346 686420244 620154181 969536305 907765346 686420244 969536305 969536305
818498626 1 1 4
686420244 977052360 686420244 686420244
374080010 1 1 31
839835249 751500828 969536305 977052360 620154181 686420244 251813733 620154181 340285449 686420244 686420244 686420244 977052360 340285449 907765346 620154181 907765346 340285449 988741151 251813733 988741151 686420244 977052360 977052360 620154181 251813733 620154181 839835249 340285449 686420244 988741151
5102629 1 1 6
751500828 620154181 907765346 751500828 340285449 686420244
261405112 1 1 25
620154181 977052360 751500828 969536305 988741151 751500828 620154181 969536305 969536305 907765346 340285449 839835249 751500828 751500828 977052360 969536305 751500828 686420244 251813733 340285449 988741151 988741151 969536305 977052360 751500828
89443385 1 1 18
977052360 751500828 969536305 686420244 977052360 988741151 977052360 988741151 969536305 907765346 251813733 251813733 977052360 251813733 340285449 751500828 751500828 977052360
315245103 1 1 15
977052360 839835249 751500828 988741151 988741151 340285449 907765346 686420244 839835249 969536305 907765346 340285449 907765346 969536305 340285449
490780175 1 1 16
988741151 251813733 969536305 340285449 251813733 969536305 969536305 686420244 839835249 969536305 751500828 839835249 977052360 251813733 969536305 977052360
559329149 1 1 1
251813733
857918486 1 1 32
977052360 988741151 620154181 969536305 686420244 686420244 620154181 839835249 340285449 969536305 686420244 340285449 839835249 977052360 620154181 251813733 751500828 251813733 686420244 340285449 686420244 686420244 988741151 686420244 751500828 340285449 686420244 977052360 907765346 751500828 340285449 907765346
610486267 0 1 37
340285449 907765346 969536305 969536305 907765346 907765346 977052360 686420244 977052360 977052360 839835249 620154181 251813733 839835249 907765346 751500828 751500828 340285449 907765346 620154181 839835249 620154181 988741151 839835249 839835249 907765346 988741151 620154181 977052360 839835249 839835249 751500828 251813733 988741151 988741151 839835249 340285449
870417879 1 0 32
839835249 839835249 988741151 340285449 340285449 969536305 988741151 988741151 907765346 251813733 340285449 751500828 969536305 988741151 969536305 251813733 907765346 751500828 907765346 977052360 340285449 686420244 969536305 977052360 988741151 988741151 251813733 340285449 686420244 969536305 988741151 751500828
180188986 1 1 46
340285449 969536305 751500828 751500828 988741151 839835249 686420244 340285449 907765346 988741151 988741151 977052360 907765346 251813733 839835249 839835249 620154181 969536305 969536305 686420244 751500828 977052360 751500828 969536305 340285449 969536305 969536305 340285449 988741151 988741151 251813733 988741151 251813733 751500828 620154181 969536305 969536305 839835249 969536305 251813733 686420244 620154181 251813733 340285449 907765346 977052360
171365307 1 1 42
620154181 977052360 969536305 620154181 251813733 620154181 251813733 969536305 751500828 751500828 251813733 907765346 251813733 988741151 988741151 977052360 977052360 620154181 340285449 839835249 251813733 751500828 251813733 907765346 686420244 751500828 977052360 620154181 969536305 839835249 977052360 751500828 839835249 969536305 251813733 839835249 251813733 907765346 988741151 977052360 907765346 340285449
473551332 0 1 44
620154181 839835249 988741151 340285449 988741151 686420244 251813733 988741151 988741151 988741151 839835249 907765346 988741151 686420244 977052360 620154181 686420244 977052360 686420244 751500828 251813733 251813733 977052360 839835249 969536305 251813733 251813733 988741151 751500828 340285449 977052360 251813733 988741151 969536305 751500828 251813733 977052360 751500828 969536305 907765346 969536305 988741151 340285449 686420244
473551332 0 0 44
620154181 839835249 988741151 340285449 988741151 686420244 251813733 988741151 988741151 988741151 839835249 907765346 988741151 686420244 977052360 620154181 686420244 977052360 686420244 751500828 251813733 251813733 977052360 839835249 969536305 251813733 251813733 988741151 751500828 340285449 977052360 251813733 988741151 969536305 751500828 251813733 977052360 751500828 969536305 907765346 969536305 988741151 340285449 686420244
610486267 0 0 37
340285449 907765346 969536305 969536305 907765346 907765346 977052360 686420244 977052360 977052360 839835249 620154181 251813733 839835249 907765346 751500828 751500828 340285449 907765346 620154181 839835249 620154181 988741151 839835249 839835249 907765346 988741151 620154181 977052360 839835249 839835249 751500828 251813733 988741151 988741151 839835249 340285449
72308901 1 1 30
977052360 251813733 839835249 251813733 251813733 907765346 977052360 751500828 620154181 620154181 988741151 251813733 620154181 969536305 251813733 907765346 907765346 839835249 686420244 251813733 969536305 907765346 839835249 988741151 251813733 340285449 969536305 251813733 751500828 977052360
198675124 0 0 39
988741151 839835249 988741151 686420244 251813733 839835249 977052360 686420244 620154181 251813733 839835249 839835249 251813733 839835249 251813733 969536305 907765346 907765346 977052360 977052360 751500828 251813733 686420244 907765346 251813733 977052360 907765346 751500828 977052360 620154181 751500828 907765346 686420244 620154181 969536305 907765346 686420244 969536305 969536305
251132916 1 1 35
686420244 251813733 907765346 839835249 969536305 751500828 977052360 751500828 839835249 620154181 620154181 251813733 751500828 907765346 907765346 839835249 977052360 977052360 907765346 686420244 977052360 977052360 620154181 751500828 686420244 988741151 839835249 620154181 969536305 751500828 969536305 977052360 686420244 977052360 751500828
813836780 1 1 30
340285449 340285449 251813733 686420244 251813733 686420244 340285449 988741151 251813733 340285449 839835249 988741151 686420244 839835249 839835249 988741151 839835249 751500828 686420244 907765346 907765346 839835249 988741151 686420244 839835249 340285449 907765346 988741151 839835249 988741151
912144149 0 1 24
751500828 751500828 969536305 251813733 751500828 686420244 907765346 340285449 251813733 751500828 977052360 839835249 969536305 907765346 969536305 839835249 340285449 686420244 977052360 988741151 839835249 686420244 620154181 839835249
73185572 1 1 33
686420244 969536305 686420244 969536305 907765346 620154181 907765346 839835249 251813733 340285449 977052360 751500828 340285449 251813733 251813733 839835249 969536305 839835249 620154181 988741151 907765346 988741151 839835249 751500828 907765346 977052360 907765346 686420244 839835249 907765346 340285449 751500828 751500828
655094283 0 1 44
907765346 686420244 686420244 839835249 977052360 907765346 340285449 977052360 907765346 751500828 839835249 686420244 988741151 686420244 839835249 251813733 751500828 620154181 686420244 686420244 988741151 988741151 907765346 686420244 751500828 686420244 251813733 977052360 620154181 751500828 988741151 839835249 620154181 969536305 907765346 988741151 686420244 686420244 907765346 969536305 620154181 620154181 340285449 977052360
672425846 0 1 48
620154181 251813733 686420244 839835249 969536305 839835249 251813733 340285449 340285449 907765346 251813733 839835249 751500828 686420244 686420244 969536305 988741151 977052360 686420244 751500828 251813733 969536305 988741151 839835249 751500828 340285449 969536305 340285449 907765346 907765346 751500828 969536305 988741151 620154181 988741151 620154181 686420244 988741151 620154181 751500828 251813733 907765346 969536305 977052360 988741151 977052360 340285449 686420244
693339752 1 1 36
977052360 340285449 340285449 751500828 751500828 988741151 839835249 839835249 251813733 620154181 839835249 839835249 977052360 686420244 620154181 620154181 620154181 977052360 969536305 907765346 251813733 251813733 686420244 620154181 969536305 686420244 251813733 977052360 251813733 620154181 686420244 620154181 251813733 977052360 620154181 977052360
194030878 1 1 31
839835249 907765346 839835249 969536305 907765346 251813733 751500828 340285449 907765346 751500828 907765346 340285449 686420244 988741151 977052360 988741151 620154181 620154181 969536305 686420244 969536305 251813733 969536305 977052360 907765346 340285449 620154181 620154181 907765346 839835249 620154181
776755931 1 1 17
751500828 340285449 620154181 751500828 969536305 340285449 977052360 977052360 340285449 251813733 969536305 751500828 340285449 751500828 686420244 988741151 620154181
522908463 0 1 30
340285449 751500828 340285449 620154181 907765346 686420244 251813733 751500828 839835249 907765346 620154181 969536305 686420244 969536305 839835249 977052360 969536305 969536305 751500828 620154181 751500828 988741151 907765346 751500828 969536305 969536305 907765346 977052360 969536305 251813733
945531705 1 1 49
751500828 977052360 969536305 251813733 620154181 839835249 340285449 969536305 977052360 988741151 977052360 340285449 907765346 751500828 620154181 977052360 977052360 340285449 251813733 839835249 686420244 751500828 620154181 977052360 988741151 988741151 969536305 969536305 988741151 620154181 969536305 907765346 686420244 907765346 969536305 988741151 251813733 969536305 620154181 251813733 620154181 907765346 340285449 969536305 988741151 620154181 340285449 988741151 251813733
162223880 0 0 18
340285449 686420244 340285449 251813733 751500828 251813733 751500828 251813733 988741151 839835249 620154181 839835249 977052360 340285449 340285449 977052360 969536305 988741151
813836780 1 0 30
340285449 340285449 251813733 686420244 251813733 686420244 340285449 988741151 251813733 340285449 839835249 988741151 686420244 839835249 839835249 988741151 839835249 751500828 686420244 907765346 907765346 839835249 988741151 686420244 839835249 340285449 907765346 988741151 839835249 988741151
125310695 0 1 28
751500828 340285449 988741151 839835249 907765346 751500828 977052360 977052360 907765346 620154181 988741151 340285449 988741151 977052360 907765346 620154181 969536305 751500828 969536305 620154181 969536305 751500828 620154181 686420244 686420244 686420244 251813733 839835249
522908463 0 0 30
340285449 751500828 340285449 620154181 907765346 686420244 251813733 751500828 839835249 907765346 620154181 969536305 686420244 969536305 839835249 977052360 969536305 969536305 751500828 620154181 751500828 988741151 907765346 751500828 969536305 969536305 907765346 977052360 969536305 251813733
315245103 1 0 15
977052360 839835249 751500828 988741151 988741151 340285449 907765346 686420244 839835249 969536305 907765346 340285449 907765346 969536305 340285449
393326342 1 1 25
988741151 839835249 751500828 977052360 907765346 751500828 988741151 620154181 620154181 340285449 251813733 907765346 969536305 907765346 686420244 988741151 751500828 907765346 751500828 251813733 988741151 340285449 340285449 977052360 839835249
945531705 1 0 49
751500828 977052360 969536305 251813733 620154181 839835249 340285449 969536305 977052360 988741151 977052360 340285449 907765346 751500828 620154181 977052360 977052360 340285449 251813733 839835249 686420244 751500828 620154181 977052360 988741151 988741151 969536305 969536305 988741151 620154181 969536305 907765346 686420244 907765346 969536305 988741151 251813733 969536305 620154181 251813733 620154181 907765346 340285449 969536305 988741151 620154181 340285449 988741151 251813733
721503813 0 1 50
988741151 251813733 977052360 907765346 988741151 751500828 251813733 977052360 907765346 340285449 686420244 977052360 969536305 969536305 686420244 686420244 969536305 340285449 251813733 839835249 988741151 977052360 839835249 839835249 839835249 620154181 686420244 620154181 620154181 988741151 686420244 751500828 969536305 686420244 988741151 686420244 620154181 969536305 907765346 839835249 969536305 969536305 751500828 251813733 620154181 251813733 620154181 751500828 251813733 969536305
287534574 0 1 43
907765346 907765346 988741151 839835249 969536305 751500828 977052360 977052360 251813733 251813733 340285449 907765346 969536305 977052360 751500828 620154181 988741151 839835249 751500828 251813733 969536305 686420244 969536305 340285449 839835249 988741151 751500828 686420244 686420244 969536305 977052360 340285449 751500828 969536305 988741151 988741151 988741151 839835249 839835249 340285449 839835249 907765346 907765346
425691811 1 1 27
340285449 251813733 751500828 340285449 620154181 988741151 977052360 751500828 620154181 969536305 620154181 620154181 977052360 839835249 751500828 686420244 988741151 977052360 340285449 686420244 907765346 620154181 751500828 620154181 977052360 340285449 839835249
721503813 0 0 50
988741151 251813733 977052360 907765346 988741151 751500828 251813733 977052360 907765346 340285449 686420244 977052360 969536305 969536305 686420244 686420244 969536305 340285449 251813733 839835249 988741151 977052360 839835249 839835249 839835249 620154181 686420244 620154181 620154181 988741151 686420244 751500828 969536305 686420244 988741151 686420244 620154181 969536305 907765346 839835249 969536305 969536305 751500828 251813733 620154181 251813733 620154181 751500828 251813733 969536305
125310695 0 0 28
751500828 340285449 988741151 839835249 907765346 751500828 977052360 977052360 907765346 620154181 988741151 340285449 988741151 977052360 907765346 620154181 969536305 751500828 969536305 620154181 969536305 751500828 620154181 686420244 686420244 686420244 251813733 839835249
772695288 1 1 41
251813733 620154181 969536305 907765346 751500828 251813733 751500828 251813733 340285449 839835249 620154181 988741151 839835249 977052360 839835249 620154181 620154181 340285449 839835249 988741151 839835249 969536305 340285449 251813733 977052360 969536305 988741151 907765346 686420244 340285449 907765346 620154181 251813733 686420244 751500828 686420244 988741151 839835249 620154181 988741151 969536305
106033200 0 1 44
340285449 751500828 751500828 686420244 969536305 969536305 751500828 620154181 686420244 839835249 969536305 251813733 907765346 620154181 839835249 969536305 251813733 620154181 251813733 907765346 907765346 686420244 969536305 751500828 751500828 251813733 620154181 839835249 340285449 988741151 251813733 340285449 620154181 977052360 686420244 251813733 340285449 977052360 907765346 977052360 751500828 686420244 620154181 620154181
799771820 1 1 30
839835249 686420244 686420244 251813733 340285449 620154181 969536305 839835249 907765346 751500828 686420244 977052360 839835249 340285449 620154181 969536305 251813733 988741151 340285449 686420244 620154181 340285449 340285449 988741151 340285449 686420244 839835249 251813733 839835249 839835249
425691811 1 0 27
340285449 251813733 751500828 340285449 620154181 988741151 977052360 751500828 620154181 969536305 620154181 620154181 977052360 839835249 751500828 686420244 988741151 977052360 340285449 686420244 907765346 620154181 751500828 620154181 977052360 340285449 839835249
630314268 1 1 30
340285449 686420244 839835249 251813733 620154181 751500828 620154181 751500828 751500828 340285449 839835249 977052360 620154181 988741151 907765346 340285449 907765346 907765346 988741151 686420244 969536305 686420244 988741151 686420244 977052360 969536305 340285449 251813733 340285449 907765346
367438311 1 1 31
340285449 751500828 977052360 751500828 907765346 251813733 839835249 686420244 340285449 839835249 839835249 988741151 686420244 839835249 751500828 969536305 251813733 620154181 251813733 988741151 839835249 620154181 988741151 620154181 620154181 988741151 620154181 340285449 969536305 977052360 969536305
889215204 0 1 41
620154181 969536305 751500828 977052360 977052360 751500828 340285449 340285449 620154181 977052360 988741151 907765346 340285449 340285449 340285449 751500828 686420244 988741151 907765346 839835249 977052360 969536305 907765346 907765346 907765346 686420244 969536305 686420244 340285449 839835249 251813733 977052360 988741151 686420244 686420244 907765346 977052360 686420244 686420244 988741151 907765346
171365307 1 0 42
620154181 977052360 969536305 620154181 251813733 620154181 251813733 969536305 751500828 751500828 251813733 907765346 251813733 988741151 988741151 977052360 977052360 620154181 340285449 839835249 251813733 751500828 251813733 907765346 686420244 751500828 977052360 620154181 969536305 839835249 977052360 751500828 839835249 969536305 251813733 839835249 251813733 907765346 988741151 977052360 907765346 340285449
912144149 0 0 24
751500828 751500828 969536305 251813733 751500828 686420244 907765346 340285449 251813733 751500828 977052360 839835249 969536305 907765346 969536305 839835249 340285449 686420244 977052360 988741151 839835249 686420244 620154181 839835249
655094283 0 0 44
907765346 686420244 686420244 839835249 977052360 907765346 340285449 977052360 907765346 751500828 839835249 686420244 988741151 686420244 839835249 251813733 751500828 620154181 686420244 686420244 988741151 988741151 907765346 686420244 751500828 686420244 251813733 977052360 620154181 751500828 988741151 839835249 620154181 969536305 907765346 988741151 686420244 686420244 907765346 969536305 620154181 620154181 340285449 977052360
945559370 1 1 11
907765346 751500828 839835249 969536305 988741151 251813733 620154181 907765346 686420244 988741151 977052360
490780175 1 0 16
988741151 251813733 969536305 340285449 251813733 969536305 969536305 686420244 839835249 969536305 751500828 839835249 977052360 251813733 969536305 977052360
710734837 1 1 23
686420244 969536305 751500828 620154181 751500828 839835249 251813733 977052360 839835249 839835249 988741151 839835249 686420244 340285449 251813733 620154181 839835249 839835249 977052360 977052360 686420244 620154181 251813733
301060705 1 1 1
988741151
655994207 1 1 2
751500828 839835249
73185572 1 0 33
686420244 969536305 686420244 969536305 907765346 620154181 907765346 839835249 251813733 340285449 977052360 751500828 340285449 251813733 251813733 839835249 969536305 839835249 620154181 988741151 907765346 988741151 839835249 751500828 907765346 977052360 907765346 686420244 839835249 907765346 340285449 751500828 751500828
261405112 1 0 25
620154181 977052360 751500828 969536305 988741151 751500828 620154181 969536305 969536305 907765346 340285449 839835249 751500828 751500828 977052360 969536305 751500828 686420244 251813733 340285449 988741151 988741151 969536305 977052360 751500828
655994207 1 0 2
751500828 839835249
321221104 0 1 38
340285449 251813733 620154181 839835249 751500828 620154181 839835249 251813733 340285449 977052360 751500828 620154181 340285449 907765346 907765346 620154181 620154181 620154181 977052360 340285449 977052360 251813733 251813733 969536305 907765346 969536305 751500828 620154181 969536305 977052360 620154181 969536305 620154181 969536305 620154181 686420244 251813733 251813733
333766042 0 1 8
620154181 620154181 340285449 839835249 969536305 620154181 686420244 751500828
827359513 0 1 18
988741151 977052360 839835249 751500828 969536305 839835249 620154181 620154181 839835249 969536305 751500828 977052360 907765346 620154181 620154181 839835249 907765346 839835249
251132916 1 0 35
686420244 251813733 907765346 839835249 969536305 751500828 977052360 751500828 839835249 620154181 620154181 251813733 751500828 907765346 907765346 839835249 977052360 977052360 907765346 686420244 977052360 977052360 620154181 751500828 686420244 988741151 839835249 620154181 969536305 751500828 969536305 977052360 686420244 977052360 751500828
374080010 1 0 31
839835249 751500828 969536305 977052360 620154181 686420244 251813733 620154181 340285449 686420244 686420244 686420244 977052360 340285449 907765346 620154181 907765346 340285449 988741151 251813733 988741151 686420244 977052360 977052360 620154181 251813733 620154181 839835249 340285449 686420244 988741151
776755931 1 0 17
751500828 340285449 620154181 751500828 969536305 340285449 977052360 977052360 340285449 251813733 969536305 751500828 340285449 751500828 686420244 988741151 620154181
794772435 0 1 46
340285449 340285449 988741151 988741151 751500828 686420244 907765346 907765346 988741151 251813733 977052360 969536305 686420244 969536305 751500828 988741151 686420244 620154181 907765346 751500828 751500828 969536305 340285449 907765346 839835249 988741151 620154181 977052360 686420244 969536305 988741151 977052360 969536305 751500828 839835249 969536305 251813733 977052360 977052360 340285449 620154181 251813733 907765346 839835249 839835249 686420244
179849118 0 0 33
969536305 969536305 977052360 969536305 686420244 988741151 751500828 988741151 988741151 686420244 620154181 751500828 251813733 907765346 751500828 907765346 988741151 977052360 977052360 686420244 620154181 839835249 620154181 620154181 969536305 620154181 751500828 251813733 988741151 251813733 969536305 251813733 969536305
672425846 0 0 48
620154181 251813733 686420244 839835249 969536305 839835249 251813733 340285449 340285449 907765346 251813733 839835249 751500828 686420244 686420244 969536305 988741151 977052360 686420244 751500828 251813733 969536305 988741151 839835249 751500828 340285449 969536305 340285449 907765346 907765346 751500828 969536305 988741151 620154181 988741151 620154181 686420244 988741151 620154181 751500828 251813733 907765346 969536305 977052360 988741151 977052360 340285449 686420244
287534574 0 0 43
907765346 907765346 988741151 839835249 969536305 751500828 977052360 977052360 251813733 251813733 340285449 907765346 969536305 977052360 751500828 620154181 988741151 839835249 751500828 251813733 969536305 686420244 969536305 340285449 839835249 988741151 751500828 686420244 686420244 969536305 977052360 340285449 751500828 969536305 988741151 988741151 988741151 839835249 839835249 340285449 839835249 907765346 907765346
180188986 1 0 46
340285449 969536305 751500828 751500828 988741151 839835249 686420244 340285449 907765346 988741151 988741151 977052360 907765346 251813733 839835249 839835249 620154181 969536305 969536305 686420244 751500828 977052360 751500828 969536305 340285449 969536305 969536305 340285449 988741151 988741151 251813733 988741151 251813733 751500828 620154181 969536305 969536305 839835249 969536305 251813733 686420244 620154181 251813733 340285449 907765346 977052360
772695288 1 0 41
251813733 620154181 969536305 907765346 751500828 251813733 751500828 251813733 340285449 839835249 620154181 988741151 839835249 977052360 839835249 620154181 620154181 340285449 839835249 988741151 839835249 969536305 340285449 251813733 977052360 969536305 988741151 907765346 686420244 340285449 907765346 620154181 251813733 686420244 751500828 686420244 988741151 839835249 620154181 988741151 969536305
857918486 1 0 32
977052360 988741151 620154181 969536305 686420244 686420244 620154181 839835249 340285449 969536305 686420244 340285449 839835249 977052360 620154181 251813733 751500828 251813733 686420244 340285449 686420244 686420244 988741151 686420244 751500828 340285449 686420244 977052360 907765346 751500828 340285449 907765346
333766042 0 0 8
620154181 620154181 340285449 839835249 969536305 620154181 686420244 751500828
799771820 1 0 30
839835249 686420244 686420244 251813733 340285449 620154181 969536305 839835249 907765346 751500828 686420244 977052360 839835249 340285449 620154181 969536305 251813733 988741151 340285449 686420244 620154181 340285449 340285449 988741151 340285449 686420244 839835249 251813733 839835249 839835249
818498626 1 0 4
686420244 977052360 686420244 686420244
367438311 1 0 31
340285449 751500828 977052360 751500828 907765346 251813733 839835249 686420244 340285449 839835249 839835249 988741151 686420244 839835249 751500828 969536305 251813733 620154181 251813733 988741151 839835249 620154181 988741151 620154181 620154181 988741151 620154181 340285449 969536305 977052360 969536305
559329149 1 0 1
251813733
89443385 1 0 18
977052360 751500828 969536305 686420244 977052360 988741151 977052360 988741151 969536305 907765346 251813733 251813733 977052360 251813733 340285449 751500828 751500828 977052360
72308901 1 0 30
977052360 251813733 839835249 251813733 251813733 907765346 977052360 751500828 620154181 620154181 988741151 251813733 620154181 969536305 251813733 907765346 907765346 839835249 686420244 251813733 969536305 907765346 839835249 988741151 251813733 340285449 969536305 251813733 751500828 977052360
406074942 0 1 20
988741151 686420244 969536305 969536305 251813733 988741151 839835249 751500828 340285449 251813733 977052360 969536305 751500828 251813733 340285449 340285449 969536305 907765346 969536305 907765346
321221104 0 0 38
340285449 251813733 620154181 839835249 751500828 620154181 839835249 251813733 340285449 977052360 751500828 620154181 340285449 907765346 907765346 620154181 620154181 620154181 977052360 340285449 977052360 251813733 251813733 969536305 907765346 969536305 751500828 620154181 969536305 977052360 620154181 969536305 620154181 969536305 620154181 686420244 251813733 251813733
931008780 0 1 27
751500828 969536305 620154181 969536305 839835249 977052360 340285449 686420244 340285449 751500828 839835249 988741151 977052360 839835249 340285449 686420244 907765346 839835249 620154181 686420244 839835249 751500828 340285449 907765346 988741151 907765346 340285449
461125567 0 1 9
839835249 340285449 969536305 977052360 969536305 620154181 686420244 969536305 839835249
170735442 0 1 4
988741151 839835249 907765346 686420244
693339752 1 0 36
977052360 340285449 340285449 751500828 751500828 988741151 839835249 839835249 251813733 620154181 839835249 839835249 977052360 686420244 620154181 620154181 620154181 977052360 969536305 907765346 251813733 251813733 686420244 620154181 969536305 686420244 251813733 977052360 251813733 620154181 686420244 620154181 251813733 977052360 620154181 977052360
4194351 0 1 2
686420244 751500828
630314268 1 0 30
340285449 686420244 839835249 251813733 620154181 751500828 620154181 751500828 751500828 340285449 839835249 977052360 620154181 988741151 907765346 340285449 907765346 907765346 988741151 686420244 969536305 686420244 988741151 686420244 977052360 969536305 340285449 251813733 340285449 907765346
945559370 1 0 11
907765346 751500828 839835249 969536305 988741151 251813733 620154181 907765346 686420244 988741151 977052360
393326342 1 0 25
988741151 839835249 751500828 977052360 907765346 751500828 988741151 620154181 620154181 340285449 251813733 907765346 969536305 907765346 686420244 988741151 751500828 907765346 751500828 251813733 988741151 340285449 340285449 977052360 839835249
5102629 1 0 6
751500828 620154181 907765346 751500828 340285449 686420244
301060705 1 0 1
988741151
116219849 0 1 1
620154181
794772435 0 0 46
340285449 340285449 988741151 988741151 751500828 686420244 907765346 907765346 988741151 251813733 977052360 969536305 686420244 969536305 751500828 988741151 686420244 620154181 907765346 751500828 751500828 969536305 340285449 907765346 839835249 988741151 620154181 977052360 686420244 969536305 988741151 977052360 969536305 751500828 839835249 969536305 251813733 977052360 977052360 340285449 620154181 251813733 907765346 839835249 839835249 686420244
889215204 0 0 41
620154181 969536305 751500828 977052360 977052360 751500828 340285449 340285449 620154181 977052360 988741151 907765346 340285449 340285449 340285449 751500828 686420244 988741151 907765346 839835249 977052360 969536305 907765346 907765346 907765346 686420244 969536305 686420244 340285449 839835249 251813733 977052360 988741151 686420244 686420244 907765346 977052360 686420244 686420244 988741151 907765346
843161288 0 1 1
839835249
194030878 1 0 31
839835249 907765346 839835249 969536305 907765346 251813733 751500828 340285449 907765346 751500828 907765346 340285449 686420244 988741151 977052360 988741151 620154181 620154181 969536305 686420244 969536305 251813733 969536305 977052360 907765346 340285449 620154181 620154181 907765346 839835249 620154181
710734837 1 0 23
686420244 969536305 751500828 620154181 751500828 839835249 251813733 977052360 839835249 839835249 988741151 839835249 686420244 340285449 251813733 620154181 839835249 839835249 977052360 977052360 686420244 620154181 251813733
461125567 0 0 9
839835249 340285449 969536305 977052360 969536305 620154181 686420244 969536305 839835249
827359513 0 0 18
988741151 977052360 839835249 751500828 969536305 839835249 620154181 620154181 839835249 969536305 751500828 977052360 907765346 620154181 620154181 839835249 907765346 839835249
931008780 0 0 27
751500828 969536305 620154181 969536305 839835249 977052360 340285449 686420244 340285449 751500828 839835249 988741151 977052360 839835249 340285449 686420244 907765346 839835249 620154181 686420244 839835249 751500828 340285449 907765346 988741151 907765346 340285449
116219849 0 0 1
620154181
843161288 0 0 1
839835249
406074942 0 0 20
988741151 686420244 969536305 969536305 251813733 988741151 839835249 751500828 340285449 251813733 977052360 969536305 751500828 251813733 340285449 340285449 969536305 907765346 969536305 907765346
170735442 0 0 4
988741151 839835249 907765346 686420244
496038413 0 0 31
340285449 907765346 988741151 977052360 977052360 969536305 686420244 251813733 751500828 839835249 988741151 969536305 988741151 686420244 969536305 620154181 839835249 988741151 988741151 977052360 620154181 251813733 907765346 977052360 969536305 907765346 977052360 620154181 340285449 751500828 620154181
106033200 0 0 44
340285449 751500828 751500828 686420244 969536305 969536305 751500828 620154181 686420244 839835249 969536305 251813733 907765346 620154181 839835249 969536305 251813733 620154181 251813733 907765346 907765346 686420244 969536305 751500828 751500828 251813733 620154181 839835249 340285449 988741151 251813733 340285449 620154181 977052360 686420244 251813733 340285449 977052360 907765346 977052360 751500828 686420244 620154181 620154181
4194351 0 0 2
686420244 751500828
